1.0,1.2396631380158525,0.8301548892050197,0.9252090371124078,0.7616196350200564,0.8262010504952151,0.8221245308972409,0.9505894792405805,0.8465868804451511,0.7751764471647965,0.848913452434693,0.9904692331087266,0.8765287381731868,0.9865824492437769,1.0384064257746737,0.9628206823350769,1.0650390738287836,1.311537016598083,1.0573613727643494,1.0323033322016215,0.9788866323037817,1.5657884691871233,0.8119827215855526,0.8512803203859298,0.8308409289220376,0.9835051928392593,1.205979422651093,1.7211953615132898,1.0525155335599898,0.7351050697331267,0.9572279838814046,0.8570486917926201,0.903951856463768,0.8707596877180183,1.0266870127328738,0.8450816090219326,0.9040745677955905,0.973498673028411,0.9222790496254456,0.9023167244157626,0.9316485235582153,1.1731173136877664,0.8437877335347641,0.662040467802911,0.8530042432075691,0.8764270529545027,0.8041144826851041,0.8681100385150284,0.9782038995986858,0.9410337399712643,0.8521222593774914,0.9386023531087373,0.8139194637233695,0.5375356494147171,0.42790802253598936,0.8051470938937146,2.360808663050216,0.9177328816310133,0.7452195932470458,0.8624279586701724,1.1482156214444013,1.2758036858731605,0.9223166333506394,0.9906898162842099,1.0333853251689207,1.0679190495671118,1.3228870928112464,0.815355510694201,1.105422401243912,0.9512645204995009,1.879901696119214,0.9910775057969667,0.9585772467706075,1.1704442268149315,0.9182613878658592,1.2103817458735284,1.4587891220021705,0.8309733304892822,0.8893532050291604,0.9721684739623332,0.9083965245458231,0.8394245184069362,1.0193059827167028,0.9132845244653602,1.1035004202814636,1.00002445453977,1.043828733798019,0.998213888322806,1.8063722196087175,1.3701014021877884,0.9085095280290785,1.1258954503981902,1.226075466807656,0.9304246493195949,0.9657228281481771,0.9405441003993182,1.199244389829241,1.0663154521801188,1.1324359838569478,0.993042325081553,1.0634065928840633,0.7824733494836096,1.0944853287519352,0.8180723397179335,0.841946388521001,0.9503887846339312,1.1649909306249155,1.0420687099848287,0.9256034729484395,0.7864768421432735,1.0664770445136966,0.9006641108959057,1.2575485948603649,1.2029591170557843,0.9055042805724971,1.0304669845882688,0.8877808085943073,1.4299381662360646,1.2128410116713162,0.6935231791361494,1.3398668626806791,0.8727234025451811,1.208915680123181,0.7757697428316425,0.9241445809792078,1.0472650303516713,0.9009858737954691,0.87221064541278,0.9914326568209755,0.779207538181556,0.7815576845626045,0.6552806072514326,1.1105246293359836,0.8662080770614142,0.7365809048368926,0.9121545052262059,1.0310064306971158,1.0365596888411186,0.8536475139962219,0.8419974498611799,0.9952498796041132,0.8692633041720742,0.8611357160598545,1.1382649415988948,1.22764217930166,1.4363693393069892,1.61225081538094,1.0216575092455287,0.953240544199114,0.9810286292256367,0.8897943212469295,0.8040248011937139,0.9101703182253693,0.7759380893015022,1.2188639501388825,0.8737447153582706,1.1184804446827672,1.7813299864062957,0.7207832386365514,0.8745855858733422,0.8388544179698559,1.004188823127907,1.3154834870952934,0.8697655435542098,0.8276140958440592,1.111535522204875,1.0372593814734652,0.9354111424908724,0.9237463609011187,1.0020892278528968,0.8154117647474952,0.9659063066132245,1.4802764863450908,1.5235480786409679,1.0145027781787257,1.00392373714466,0.7673493414739977,1.0765816520010265,1.2522961852418066,0.8546850796552965,0.8823978117104186,0.7615697409337367,1.6101562526256759,0.800212929828001,1.1795771543582296,1.2887791792279226,0.7585116215174754,0.8426255452967377,1.1192231544782603,0.9462283335958951,1.1105248380600727,0.7880793966565389,0.7312596415552011,0.9887624234306895,0.8482657584812826,0.8120272690980024,1.0316578065467037,1.2185638741128482,1.0680023491985002,0.789142459728559,0.973076797532385,1.7450417502600506,1.0266630214991475,0.8848822360528381,0.9658540600087742,0.9969257927431349,1.849222645230294,1.2274621600539215,0.825872966230152,0.925266878213792,1.0209432810767352,1.334597151377411,1.1542746409833557,1.1061310284258044,0.9837740516305933,0.8806896480366326,0.5029514028039905,0.959240524104657,0.9203317151913577,0.8975953536551466,1.002036035865871,0.7944840567787191,0.9254912699243345,1.2581915858990722,1.1789395451941473,1.0929628563057372,0.7790504180710558,1.537216232514389,1.0859050751658372,1.1538286723213256,3.6581156468078033,1.4963126191355465,0.9752702522519989,1.2988478862231947,1.7223819024877909,0.8047549366272135,0.7886139909970569,1.0693258161486412,1.0514633519965342,0.9625999522467592,0.8088813791601244,0.9399829528617197,0.7692658196847533,0.9577469346645512,1.0646552584299607,0.8348386954923179,0.8277789360301134,1.0487093312054248,0.6782001851105852,0.9553657489253662,1.0180681855991558,0.8499918977492149,0.8793534060754835,0.8483876967759807,0.8599280780740683,0.8482714000267434,1.0310450586317175,1.1259405918577512,0.9136827891797678,1.18351395632881,1.6080924604482543,1.1461396439939298,0.9639017463867017,0.7588021963406844,1.1991027784275814,0.9730251451878169,0.8683364910063269,0.8836168758140954,1.0676522946408318,0.9457954724316193,1.2263370448938324,1.1956216199440552,0.9471735119078312,1.3704700050407852,1.086540439188294,0.8214013876620254,1.0085484622882128,1.8825368168343695,1.5777947177320824,0.9487644220705185,0.8129492611758236,0.8059422588836624,0.8813751777649332,0.8689372281144477,0.8638021422119883,0.7591897084973165,0.7390023940691972,0.9265306970297875,1.1166382055355848,0.8379786420249806,0.7786731244756824,0.7946796874040871,0.8704143393973046,1.0545235327791225,1.4274709989032972,0.937760848775417,1.1356410230130909,0.7633352884635082,0.9198815648855647,1.239199733141809,0.790845764874483,1.0876963615407085,1.0433379421191318,0.8757578779005417,1.5106102758606805,0.861974180339231,1.2695826429585366,1.130312496893238,1.0735331791826588,1.1484845082448158,0.7108238959646875,0.9802424306518982,0.7765246714902676,0.9739688683840473,1.009894667497825,1.07496614762618,0.8109253866281563,0.9512280156176995,1.3372606885852796,0.9041178433349599,0.7810304625816001,0.8933944211431801,0.7941430992468226,1.1078695070651101,0.9401302611907072,1.1797113549178633,1.2675609824525575,1.9947332401763807,1.1142205106595866,0.8350736672757835,0.7430651054327714,0.8489683464641289,1.0685300549489298,1.137437732410436,0.8572060471732387,0.7557724361225263,0.9704292162218924,0.8524235362965243,0.9879094353421873,0.8286575066959735,0.9197587981249498,0.6510739375297512,0.9330035642869282,1.113565307403741,1.1234901573510294,0.896186914865935,1.0204539904211898,0.9951637823400656,0.9431703127210148,0.9322544040409784,0.997331456688814,0.847163883484275,0.7975889403076641,0.8253285310948192,1.029446357152826,1.065864222956929,0.8714901945896625,1.1537803510141358,1.08636883054852,1.0266049373327,0.8380196495185663,0.727862568367972,1.1815603492878979,1.0422856029902792,0.9289579927636402,0.9594352875050469,0.9467425193820143,0.6707399496988207,1.0445516275182598,1.060367767103278,0.9416305267640157,0.8793162445693354,0.7755123868140481,0.9496240866771791,0.951081643303048,0.9457219868485651,0.7838116054072632,0.9984353933663883,0.8919986625740036,0.9879242764503897,1.0381726465431993,0.9251440559272226,0.8785159807524752,0.9926665810017508,1.0132794315172222,1.2841444573333494,0.946092760457582,2.5122795519814343,0.6219038814217399,0.8326306918446191,1.9686630209777705,1.0829883921402583,1.9359797313157303,1.0191725544343806,0.9034605485501159,1.1580307277849324,0.835189704619927,1.0326633469595425,1.260795643527414,1.561705604800898,1.0933493589280845,1.1770187751952133,1.0464486455004414,1.3683312784217785,0.9136721172871289,0.7712455720318201,1.0807978771833622,0.6297240131380066,1.044289420471518,0.7807115066573533,0.8452291903026965,1.5041459843984826,0.9825963776160778,2.218013964010718,0.8384583316565248,1.2181166159529526,0.7582537429570821,0.8624780186502498,0.8229777178074791,1.070883225124182,1.2902187727157428,0.8999366238091252,0.9261467281589248,0.9331393319016223,0.8338590521505399,1.0393696344444887,2.2205826443721675,1.3324301632200406,1.6649227918939933,1.7090574203044766,0.6248747283325978,1.5414638457956262,1.3392025788813189,1.1942814858096238,1.0293740563104175,1.2083560231458725,1.2084154803588583,1.2284987524222797,1.081360679014817,1.7364524245223045,1.077222211790426,1.4803093221790693,1.1832575020834166,1.233751494584733,1.5758523102226452,2.2522409042435356,1.1187528655443373,1.250216116064625,2.0212506924994456,1.444565132556759,0.9562416734644253,0.9878357433398655
1.0,1.0,0.6692540685809374,0.7459298604901374,0.614106233336714,0.6663050958566419,0.6628929528799459,0.7665853016604957,0.6824231194608992,0.6251682767736293,0.6844832236733306,0.7987207735465848,0.7068483286021596,0.7955890211768809,0.8372877347799409,0.7762011899687572,0.858657897182032,1.0579742655544466,0.8523593292663811,0.8323561969410166,0.7886125898268377,1.263622141640901,0.65458235182942,0.6865563085752949,0.6701563939485764,0.7930699363662577,0.9725802470620036,1.387494971137066,0.8484768266083684,0.5927348169390514,0.7713786406393145,0.6907467156182435,0.7286641544451793,0.7019602431883297,0.8278136653688037,0.6813354063098047,0.7288688917725502,0.7850124929078168,0.7438322543278348,0.7274452654530419,0.7508718181753469,0.9452911696277526,0.6800496782780668,0.5337083439391176,0.6876711972761491,0.7065849440985176,0.6483811363403891,0.6997751602222362,0.7888389617532052,0.7589411589224098,0.686941483569292,0.7568138975287347,0.6560465910491244,0.433307608007268,0.34498699327245563,0.649000327464466,1.906666851470995,0.7396480866827625,0.6009104901160321,0.6952393359892701,0.9261691262378865,1.0282196580819853,0.7438815607266138,0.7988189290484964,0.8335991859592515,0.8609269414913779,1.066931647270599,0.6572938065987055,0.8916580230821951,0.7668661047973397,1.5164541394092086,0.7990123773939221,0.7728197289663566,0.9437395242671445,0.7408538330597565,0.9760201267622112,1.1759759725428438,0.669933244015494,0.7170664112116008,0.7840131657202812,0.7324973635347599,0.6769469415400726,0.8215956212795495,0.7362648577312092,0.8900063623929378,0.8066409419827498,0.8416294206850656,0.8040150159247323,1.456767780860407,1.10433838574464,0.7324381462725089,0.9076236374960042,0.9884115291146593,0.7499290602904194,0.7784266190382954,0.758534915716292,0.9667403459609767,0.8598640795412329,0.9124915197920633,0.8007701999548262,0.8575834091861202,0.6310620659355272,0.8827800132092305,0.6595210112094712,0.678832399441573,0.7664400653497523,0.9393392455535396,0.8404337511403672,0.746644227687598,0.6344702679126021,0.8596587968604162,0.7263422336465482,1.014286339753161,0.9712721505362641,0.7301191537862296,0.8310056321761683,0.7158045099409047,1.1531384703167211,0.9785713238617089,0.5592184530790878,1.080073653753853,0.703431278363459,0.9747808707688086,0.625556032281287,0.744923712256598,0.8445476244586341,0.726602711088531,0.7032651323049597,0.7996446793514335,0.6282930075764066,0.6303328375847496,0.5280897536809616,0.8960057716231881,0.6983371175159261,0.594005491656038,0.7356668613108565,0.8314074282774561,0.8356067434433135,0.688523860201866,0.6788954932970446,0.8028232044074618,0.700426036109568,0.6942923196156849,0.9175550192393997,0.9900103893191317,1.1579438701692857,1.2994262406231991,0.8241211751034012,0.7683768132949571,0.7906673471663499,0.7179880404811843,0.6479837689084904,0.7338550156763874,0.6254800031106913,0.9831165245727229,0.7042389379127847,0.9011483430391702,1.4369254436606407,0.5812006840458287,0.7054611691680288,0.6764129267412738,0.8096375465847052,1.060814658856696,0.7012619180190184,0.6677430519015635,0.8955464472097749,0.8365319934277966,0.7540728251815385,0.7447804385277739,0.808257157310045,0.6574137440022929,0.7788861827597539,1.1937996272970723,1.2282108100737648,0.8179498702758361,0.8088707866572408,0.6187021457065136,0.8683618248984577,1.0091881461930259,0.6892023133025231,0.71188575205988,0.6139716706336437,1.299072129721592,0.6455702840043649,0.9511583799416466,1.0393244680210691,0.6116943994664097,0.6797487981625372,0.9035382263562659,0.7628347173180268,0.8952694554424003,0.635256319476532,0.5896998476683374,0.7974800491828584,0.6839276240498395,0.6553383908739885,0.8321579125437726,0.9831543259089043,0.8610100397666799,0.6360450565532882,0.7845955999082772,1.40755152281251,0.8280445647010524,0.7128385899779058,0.7788315453826595,0.8040902710349515,1.4914444952676589,0.9875772412189827,0.6652581479214966,0.7459519424438346,0.8235246899060642,1.0763764569809047,0.931453602652724,0.892399437392917,0.7934864976302811,0.7102030114949238,0.40553130631631523,0.7737465629575886,0.7419089483876233,0.7236359249016455,0.8078064195383694,0.6403540495026827,0.7457861276331536,1.0145152401593203,0.9511850485907273,0.8814827080538413,0.6281761421801646,1.239340640118227,0.8759101527835111,0.9308017572676524,2.9310964446136882,1.2070316134315071,0.7860706108772892,1.045302854613179,1.3888108900574385,0.648846874642504,0.6360866931268176,0.8623454816595717,0.8480777703082,0.776089048616303,0.6522765230694454,0.7577464066700862,0.6203658236166735,0.7720973437097082,0.8583419498047773,0.6727468944236171,0.6672129650656535,0.8453843422326448,0.5463607719544707,0.7700611904868628,0.8209517261108263,0.6851233850515117,0.7085360061387618,0.6839540346088414,0.69317553294365,0.6844115313682874,0.8316043907236974,0.9079121421166472,0.7364706205049353,0.9546041220156115,1.2964139141079474,0.9240592407790724,0.7775283670825514,0.6116462609808055,0.9665316593735687,0.7847775470384317,0.6998134978206321,0.7123402302696126,0.8612586166232862,0.7625749070841586,0.9892562856811691,0.9638700234192633,0.7643130930857303,1.1052524443651226,0.8752167993202233,0.6624563858415495,0.813130265821014,1.5161841373062144,1.2724691487471764,0.7652661635907273,0.6556132778591346,0.6495297284787009,0.7107208227451437,0.700136400378172,0.6964812417025616,0.6118725200344786,0.5958595291564938,0.747382593716809,0.9002458033003149,0.6758719534151922,0.6275569830627996,0.6407004067241605,0.702010034889955,0.8507057312913118,1.1518930472421505,0.7561790761877438,0.915778081090226,0.6155428744326303,0.7419457822318717,0.9975201845458853,0.6372792516350922,0.8770702489907842,0.8416819905929425,0.7058466225550869,1.2192619086162892,0.6950721800066049,1.0244277796637753,0.9116990653465962,0.8657244124619253,0.9253559342747746,0.572983581503272,0.7905226303705839,0.6262034788311948,0.7845749216016726,0.8143729627952269,0.8668491769241491,0.653853727906112,0.7677994631310132,1.0783637391362535,0.7290389304254907,0.629230643120057,0.7192687934550583,0.6403132878806106,0.8934517883692684,0.758133118999428,0.9513403030011207,1.0223305265095979,1.6077471457640529,0.8978920656337835,0.6732502645257579,0.5987714905963115,0.684451101635314,0.8622993215904557,0.9173800618240436,0.6911012846950431,0.6092036671946452,0.7830248396978376,0.6867538226153727,0.7965414110652111,0.6683629600492852,0.7412007098590778,0.5247893880633275,0.7536834430888143,0.8975683085821837,0.9062032492824799,0.7224290957805459,0.8228316629241642,0.8019993742239712,0.7604069345041028,0.7519762400856853,0.804561058656858,0.6831490131680129,0.6433039663926585,0.6662392350821176,0.8308154943038161,0.8581914322066584,0.7026182551600336,0.9302282002505061,0.8768789968732964,0.8279177014469545,0.6751799596832901,0.5866832643519286,0.9526460602396501,0.8395277033265212,0.7488210601325554,0.772827237909882,0.7628891710581163,0.5406779956031627,0.8422416381820981,0.8519454412508423,0.7583736772517611,0.7082882039716587,0.6250010783210826,0.7652604818914224,0.7662580483222631,0.7624094141287476,0.6319161902238467,0.8046951825805035,0.7183882306624628,0.7956577647031361,0.8355715270038915,0.7448892486135005,0.7071656802430263,0.7999003400137212,0.8164257058574202,1.0357154851615973,0.7623911156935201,2.0284702299927826,0.5012798630792341,0.670476462239091,1.5870319201193146,0.8736506207831238,1.5625010513859916,0.821817160311679,0.7280541350475767,0.9334109992541086,0.6734438443796552,0.832747631931066,1.0155092848126896,1.2553280231569506,0.8812438534839392,0.9493803140073387,0.8432901283013119,1.1005156956980855,0.7367642478037619,0.6214167683006919,0.8708220768190078,0.5070502905507211,0.8403348998160955,0.6284257222651867,0.6809642157895209,1.2110810683375854,0.791858493806177,1.785448070369104,0.6762899818194209,0.9823148290290378,0.611368689012165,0.6949642338928175,0.663724184475148,0.86364408520305,1.0404059109938673,0.725538133907674,0.7467315782706652,0.752390156638278,0.6714037963028534,0.8382795813804657,1.7900689443869298,1.0746858025950967,1.345386209037001,1.3793909417452772,0.5034485231654028,1.2411748812583758,1.0795598545746614,0.9629254457664256,0.8306434695001317,0.9745107641927544,0.9745804197986212,0.9907323690276202,0.8725342281604848,1.3988797767696168,0.8675845018867183,1.193940360209902,0.9546525887677628,0.9947792297168587,1.2702835693193295,1.8096259313964382,0.9002764726560383,1.0081783134867228,1.6305914014594793,1.164935949226186,0.7700874808025803,0.7964327243593291
1.0,1.0,1.0,1.1132864395224835,0.9163055714467936,0.993772980544745,0.9898611642726476,1.1435022141054914,1.0197097735200122,0.9317977691745494,1.0217078911355981,1.1917957917111401,1.0540150534496027,1.186440946937834,1.249543390335167,1.1597619261040553,1.2819852902067228,1.5765983519111941,1.2724439725242398,1.2424448202025382,1.18085638962464,1.880128887186828,0.978346319047982,1.0240724173774585,0.9991452310752766,1.1827902368291396,1.450708672236727,2.075315972397351,1.267145543246801,0.8842906871507474,1.1549034743828277,1.0326796475112971,1.0883936546473203,1.0489190627121254,1.2369715416999534,1.0169847993041992,1.088750604629583,1.1709421979963783,1.1085705867780984,1.086474746202956,1.1220852499506333,1.4142033218263657,1.0160899840298798,0.7973514832924815,1.0271043597278555,1.054711438670846,0.9672046560347596,1.0457775496895882,1.1766746265946124,1.1312884578544795,1.0258226375321975,1.129674757959834,0.9801596971995956,0.647324710160005,0.515023589118404,0.9704481061682562,2.8296558772863643,1.1050088158655544,0.8969636906505274,1.0389406127428853,1.3805606123010858,1.535346725909181,1.1100360439607013,1.1932359063023177,1.2423368345052226,1.2867270861248488,1.5905750939448067,0.9821270023993478,1.329509881948689,1.147353446646185,2.2631705627792655,1.1933438366684506,1.1531730205953934,1.4079369976048515,1.1037013708200034,1.4568141198224838,1.756150523433768,1.0003919428045005,1.0700495080107433,1.169628866389072,1.093403400925578,1.0089368779850512,1.2281342496008705,1.0989368495734344,1.325810786718744,1.202311409997527,1.2568504042482542,1.2036199150207425,2.1753868751923413,1.6525068089300272,1.0934354990857487,1.3564221682522528,1.4761659505744285,1.1208463944479023,1.1639193398458194,1.1312470460124333,1.4453733618778952,1.283127882827739,1.3651145362183008,1.1954495630102555,1.279747415217964,0.9417016226303241,1.3165622742098368,0.984943571696581,1.0128825771247265,1.1437992860933406,1.4017954490550069,1.2534313270939665,1.1135054661907346,0.9461861939753382,1.2855847071080106,1.0829094383505646,1.5127282803300413,1.4404056370622682,1.0903070090022389,1.2413651895453468,1.068039760327675,1.7213595182006851,1.4565634987854457,0.8341536533503963,1.6154093354793952,1.0512662196621692,1.4538685105536933,0.9334019782302885,1.1129022290189003,1.2603540847910906,1.0835101845877428,1.0494208263497014,1.1915818731652608,0.9371172238736325,0.9397805979808154,0.7895361864043964,1.333963463900509,1.0436312792131721,0.8862599300980052,1.0966634006179543,1.2405385328226761,1.2486536480149808,1.025963702658193,1.0131534113573157,1.1971775649288063,1.0479858275908869,1.0363107039993134,1.37097575165114,1.4778652941015287,1.7302101685632125,1.9460867989737112,1.2284080590740922,1.1489683932318662,1.183168509029416,1.0700351986821173,0.9691998530489285,1.0946534103351573,0.934549558491673,1.4672865142878786,1.052474647606432,1.3484243936714726,2.139944048245039,0.8677471498863142,1.0517313630089413,1.0096291411456826,1.2093578110344234,1.5832459501221874,1.0467578331557634,0.9952704641783247,1.3424676809827412,1.247332781179502,1.1269583238309036,1.1120298133611062,1.2054494256712374,0.9811819785533136,1.162482550279321,1.7815237408725233,1.8363198159591556,1.2217106817289851,1.2116867699104679,0.9233375333709107,1.2943133548544368,1.5092287047526902,1.0287850776529819,1.0607136584545973,0.9168985862879436,1.9358007747858006,0.9615621376137651,1.4187469236901549,1.5516552450549228,0.9123189538105536,1.0138595303567062,1.3444207868672353,1.1377656130363354,1.337817500340385,0.9498379820997884,0.8796722119121398,1.1909067741543877,1.0219349534735382,0.9754093788183484,1.2419609413688755,1.463211329648757,1.2853970182807446,0.9509850697300595,1.1708551650205465,2.1022684247217653,1.2348255203168517,1.0674849173847456,1.1620344201024837,1.198872043001869,2.2229067959197373,1.486367942720607,0.996877744033511,1.1136738908891801,1.228229789647235,1.6045881352113653,1.386451010096703,1.329488351379457,1.1824629728658083,1.0604643777708114,0.6053295573119117,1.1538843134295078,1.108110544868632,1.08130989158798,1.206504304380982,0.9569299637583057,1.1157279397900342,1.5149947286069794,1.4160020760081693,1.3144207991560217,0.9384491550365774,1.8497806647885189,1.3060639423184062,1.3879256060160974,4.4720926237859535,1.7918004155391145,1.1743180865145182,1.5659253848034318,2.0765004225060073,0.9681769514882432,0.9478428219291681,1.2861322299530562,1.2644589906889683,1.159013717154169,0.9735307184820452,1.1318111343522506,0.9252250124290735,1.1539713976608346,1.2815872231846608,1.0056608748766582,0.996520898971091,1.2644985114776142,0.8177713308207097,1.151519600799801,1.2260496350047851,1.023458110235806,1.059806181976224,1.0207933138302847,1.0354318435762173,1.0193096864643048,1.2399408361499296,1.3552554565274246,1.0998214768895265,1.423606083501548,1.9377674116846122,1.3802231302794916,1.1586936575640183,0.9138592576043778,1.4448926558406665,1.1705758722403372,1.044548569260205,1.0635340993399658,1.2851242017964437,1.1381992685197668,1.4739989670361542,1.440673733412069,1.1383253866881553,1.6488025256371264,1.3096940851590841,0.9877075887060114,1.2147050973917937,2.277848849908031,1.8992246233709378,1.1404304131994025,0.97800015312744,0.9716444596192146,1.0604362298322902,1.046961893322002,1.0393535325079126,0.9144244232472892,0.8889280252367475,1.114057251644674,1.345465991789302,1.0077767319764583,0.9384389797150163,0.9561966831750562,1.046261579436947,1.2673448981359623,1.714779629924104,1.1295366162725837,1.3667667014344445,0.9184430638154859,1.1051793232078002,1.499635853919927,0.9518469301187961,1.3098430293936256,1.253841273351745,1.0549031174978682,1.813313586022699,1.0370597498832708,1.5253094024821803,1.3592950285296417,1.2918797865130633,1.3873593019953931,0.8560553504409414,1.178888057420179,0.933719607407173,1.1735539204244736,1.215512129163717,1.2935518924953695,0.975786110973345,1.1444192294712185,1.6101298958599306,1.0865946401488236,0.9412531384141674,1.079102933652507,0.9560454292612768,1.3331422617706297,1.1318533323875102,1.4191415723605223,1.524765580319953,2.4012794141143865,1.3421010885583065,1.0050909568180844,0.8953307481732111,1.021483815749625,1.2837494268831224,1.3694591426252378,1.0317607337441834,0.9101102805427485,1.1659099615121067,1.0280552248778316,1.1900987445307494,0.9957551594507523,1.1091501732581723,0.7845003227667291,1.1186721135800837,1.3409004375993878,1.3501569080743265,1.078245391942504,1.2280867923103869,1.1992123796363994,1.134523424000093,1.121006834276455,1.1984558487760868,1.0191020272785116,0.9582380773494275,0.9886713158850582,1.234984451712136,1.2860509259956356,1.04932713412447,1.3892256821812627,1.303978119388841,1.2350270374719106,1.0097722979772499,0.8772801964213955,1.421941385292977,1.2586827221185484,1.1188054742738975,1.1581882391398124,1.1405038627973985,0.8076387632441289,1.2573023385582651,1.2911557512318874,1.136594906866481,1.0602544801921838,0.9338310506884889,1.1444942790574784,1.1468694294459494,1.1384693414327745,0.9441357795786406,1.2015006777528938,1.0764521732094345,1.1930551974097674,1.2538030980824875,1.116594527732243,1.0608288549666223,1.1956113782252742,1.2222821220981714,1.5431511541186678,1.1389354827076918,3.023819429030191,0.7491143994543809,1.0053527994826887,2.373854695848812,1.3025084554295938,2.3252161006611707,1.22639278834123,1.0881610335685428,1.3953373444694372,1.0047700752040045,1.2427041420866412,1.524036570952263,1.8949924538247167,1.3186790476326031,1.412807186556743,1.2594099028333354,1.6593942192096063,1.0997198928244445,0.9304587474032568,1.301254029235284,0.7606363883683074,1.2638836111025649,0.9436498501510664,1.0200647133727458,1.818033999399214,1.1850296613888447,2.6825056010672284,1.0078162918122946,1.4659006101216363,0.9122447052797753,1.0391722781540746,0.9895355671589529,1.2886171280498704,1.5535799295480774,1.0839421142241097,1.1152580737957691,1.1222450997644555,1.0074007537830383,1.2509011200342912,2.6715643343480755,1.6025273100056838,1.991787638828586,2.0508170056898756,0.7532944148582937,1.8668236110371252,1.6143733630999053,1.437858761236157,1.236352554162639,1.453887097805325,1.4518767925683427,1.4772925450327041,1.297872291914812,2.095141451938593,1.2997793380220428,1.7873817051550598,1.4223806707251734,1.4853990730610989,1.8959792886773634,2.733136287634117,1.3526635046239552,1.5042221354258034,2.4306095100602403,1.7389751351022662,1.1553161034565864,1.188747889342653
1.0,1.0,1.0,1.0,0.823091619143675,0.8927432347279085,0.8886448643856837,1.0271719775810928,0.9153517376582189,0.8373612109450761,0.9173386399516993,1.0701673253962334,0.9470128098833843,1.0659538412249487,1.1222445785169972,1.040877244513609,1.15118629525748,1.4164790872632782,1.1427780410493635,1.1155943386172726,1.05919743504464,1.6900401595618626,0.8779195005845581,0.9197380869164631,0.8974843158324843,1.0626130920837276,1.3032850728683227,1.8613948676830079,1.1377032993656035,0.7943562922394534,1.0356872804029527,0.926814008689435,0.9772541958671976,0.9413742975022008,1.109951603247133,0.9133044122830914,0.9773286664271255,1.051868252727865,0.9962483904252958,0.9754156506048991,1.0073839497879706,1.2687181363541666,0.9123516566332696,0.7156913807814158,0.9220939512770516,0.9472562376218534,0.8688846884092065,0.9386096517655906,1.0569180244613579,1.0165092203202954,0.9211297845154109,1.0143012456361695,0.8800352914982084,0.5811483019914727,0.4625019407606405,0.8706710187603572,2.5457538218899773,0.9921929657184492,0.8053981170560129,0.932478040283741,1.2402617051523601,1.3793935477396788,0.9966945536233756,1.070923325610138,1.1162435455422435,1.154649788406807,1.4290708839548116,0.8814965230556189,1.1938363329431518,1.0286942741913272,2.0313975254715064,1.0713709440308679,1.03588407749237,1.2647054691429889,0.9918233737114461,1.3079848770152895,1.576627501569826,0.8982235976111284,0.9611121034474441,1.0504038910657316,0.9817464138145191,0.9067408482980499,1.1022030650939494,0.987066163674704,1.1917246312250067,1.0801676708259673,1.1281855951218454,1.0800799702901411,1.952265701438113,1.4816461632921771,0.9819674520756347,1.2173975490236586,1.3254300437589346,1.0060671418510068,1.044308746607273,1.016199470514513,1.2966905018390538,1.1522361369020306,1.2250590830476313,1.0732847101176284,1.149158826231516,0.8455674664144457,1.1824410885085095,0.884339625974866,0.9098156226423864,1.0269822190038926,1.2589310962717053,1.1258579395018091,0.9997436055804122,0.8495826323549285,1.153190989271682,0.972973363122507,1.358714851301032,1.2968752531641838,0.9787303242579846,1.1138785072079904,0.9592991807702456,1.5453548882249004,1.3093220740263578,0.7493948449042211,1.4490460425546705,0.9436062198303472,1.3062193080027211,0.8382745237301512,0.9990619321655115,1.1317671288209024,0.973396086881731,0.9425867955692213,1.0707587457506302,0.8418985267187706,0.8443760259024691,0.7086680507302752,1.1991242206910444,0.9365438702941306,0.7960957713785937,0.9852269779469853,1.1140962684904245,1.120952982577408,0.9220108613077066,0.9099596177063343,1.0751530633024644,0.9403916038945488,0.9306334657273664,1.23070989583948,1.3266037258557897,1.5531589183157224,1.744682961189505,1.1034749484668702,1.030882130244468,1.061277620180384,0.9609174246356924,0.8696653511469039,0.9834083332927208,0.8389770913183463,1.317110468215998,0.9447745216484638,1.2099904763168585,1.9238238734836801,0.779057315991621,0.9447758089068885,0.906607924488819,1.085547710336131,1.4215787464634746,0.9400576736521505,0.8937089199063742,1.2029611890907617,1.1205826793792695,1.0113450557687833,0.9984801430444901,1.082642810891108,0.8812410320686139,1.0438502094566675,1.599687513957745,1.6471217979910666,1.0968109105469548,1.0863749556682534,0.8293304376112354,1.1629196837756939,1.354440396401633,0.9236695807960231,0.9528844215471691,0.8232358452380849,1.7388016494693106,0.8640724624769658,1.2745084919279703,1.3928949931411165,0.8194177034706075,0.9103536702863798,1.2080137817962373,1.0224136795055505,1.2007495857411117,0.8522103572253321,0.7901136822481046,1.0686841873532094,0.9170337161816577,0.8765879918295763,1.1150230468804887,1.3155342068734222,1.1545028844485434,0.8535298663159903,1.051510383442001,1.8860562856735283,1.109149396096604,0.9575617280236098,1.0436860430740293,1.0769331560619162,1.9974849367861967,1.3307114961628503,0.8938966385253463,1.000173509458482,1.1030157157493243,1.442050879884658,1.2458229830490763,1.1945574666143068,1.062598406935452,0.9517710290782573,0.5435547467295212,1.0362091457787859,0.9949938203559852,0.9704390459682704,1.083128066484712,0.8591275250342492,1.0009907699528222,1.3598946326132912,1.2728278898975391,1.180757705661092,0.8421379157408582,1.6613040246401731,1.1729090625363237,1.2463973455202155,3.988386357434958,1.6140350005853217,1.0544541337663895,1.4060361658805078,1.8621992043339053,0.869653297170334,0.851731535928372,1.1552127803513899,1.1359578640068044,1.0405611863704625,0.8741266822017806,1.0159800000115813,0.831157616117488,1.0355253926970247,1.150783362928931,0.9027378947059173,0.8948769185779861,1.134218017140109,0.7338262657420619,1.0332736465629657,1.1003320957809346,0.9189861157533284,0.9512133358154894,0.9169290052352314,0.929637007286793,0.9160578119256657,1.1137670198464562,1.2167016447053243,0.9877247271205579,1.2786369017354993,1.7382532305005154,1.2389261637736402,1.0411596384542536,0.8204641244900893,1.2965711484313702,1.0513177853380384,0.9385600682466309,0.9550966245312065,1.1533155336964198,1.0222060075860626,1.3244441714164763,1.292704284334901,1.0226204557509198,1.4807870998208092,1.1755378853051934,0.8873958416960771,1.0902650663471904,2.0393107863922606,1.7049506909205892,1.0246448243081545,0.8783501729476744,0.8717284351014414,0.9523677692625602,0.9398655296814712,0.9335089160195095,0.8209290454999344,0.7984820471217179,1.0007203419625559,1.207175176038573,0.9053280016959636,0.8422046599108308,0.8588488044032204,0.9402958104737421,1.13881586232037,1.541367103958013,1.0137135961017187,1.2272403443022106,0.8248485066631767,0.9933371703787398,1.3428664678330327,0.854977847112411,1.1756106313508112,1.126787505042556,0.9469759120678023,1.6301068443279378,0.9314995761127276,1.370832740873832,1.2210342352378234,1.1600910603269246,1.2429240928991745,0.7685510478569577,1.0590753326498026,0.8389919874255969,1.0535471232649598,1.0913426751239204,1.1616392327301754,0.8763686659367069,1.0276260851966192,1.4452553047547056,0.9765912678187996,0.8449022589608723,0.9674804007573595,0.8584440902236797,1.1971529646835224,1.0160383860702862,1.274653982960439,1.3694953365224545,2.156380774699465,1.2050103096198073,0.9026142821607752,0.8036447276690211,0.9175041596813809,1.1536277769154943,1.2293112393739771,0.9264401777236935,0.8171022377101413,1.0479987515012616,0.9222444928667335,1.0680036291944242,0.8948619043346502,0.9948800833419799,0.7041410919665172,1.006304598477993,1.2041967433263792,1.2134034888433387,0.9685768049819277,1.1028630935585466,1.0760394237554336,1.0192800317908426,1.0070489829861005,1.077131939317423,0.9153610029602058,0.8614439467998427,0.8901615676578136,1.1107707195462675,1.1540816282316537,0.9420754910538086,1.24705417842775,1.1722791364754825,1.109234343538678,0.9064531968193087,0.7872206928847962,1.277062366808279,1.128422778457414,1.004271659595543,1.0386566951637537,1.0239494761160923,0.7251819036370859,1.129064969111612,1.1525148004196477,1.019261048873794,0.9514688291844956,0.8386483516568815,1.0271020582775783,1.0290241073242659,1.0222493515356605,0.8473947972568641,1.0794591315635667,0.9653307961170198,1.0696135829235416,1.1243303945213468,1.0015226630135372,0.9514726617804543,1.0734129012796418,1.0964538767187113,1.3866946419930648,1.0230197359943487,2.715130189993577,0.6724914905421179,0.9014385198931872,2.1286795834974015,1.169869247539281,2.0897097582817192,1.1013755980968973,0.9769021290372876,1.2521826331432602,0.9025189865605631,1.1160755198217578,1.3651531420876593,1.694120386212644,1.1827042535724743,1.270824778489231,1.1313017688717735,1.4843570339529213,0.9874279640248698,0.8343795717524982,1.1688385539668964,0.6819122927427896,1.1317595469100312,0.845753707949513,0.9147270414937231,1.628890206461703,1.0632228434299218,2.4029003182455773,0.9056462418736564,1.3164956937193857,0.8194453850330565,0.9330206054600703,0.8890957531086388,1.157165044689704,1.3946096593189419,0.9727618871074261,1.0011317304448166,1.007981834458743,0.90289639216385,1.1231351955901197,2.4003263453302144,1.439610426727683,1.793317466667145,1.8451530943845587,0.6759371166014381,1.6703649411563264,1.44830330440093,1.2908142231149295,1.111234502676608,1.3057058526851832,1.3050545033758307,1.3272887788087362,1.1670818218708885,1.8790310444655192,1.166043214670867,1.6017317099283068,1.2778287537626698,1.3335112738624795,1.7030593785151915,2.4457957954783343,1.2117562497902181,1.350984671022184,2.182768494621191,1.5611626041471938,1.035328934199644,1.0676898209678365
1.0,1.0,1.0,1.0,1.0,1.0844673631942423,1.079140903222041,1.2477669944361092,1.1116573210037153,1.0173787809994548,1.1139399014962554,1.2991978880206114,1.150386549637438,1.294957981663004,1.3629591720538605,1.2640869812256947,1.3984053259721163,1.7200716944123524,1.38666404395063,1.3541948579622725,1.2868007664401548,2.052402020552644,1.065930784606837,1.116813414027664,1.0896979045803774,1.2907723649432117,1.582858448211757,2.2588337145954247,1.381736559329033,0.9648343520915426,1.2575060813984023,1.1258141865990912,1.1867645797885311,1.1430119890834858,1.347462367754328,1.1093417129906973,1.186878142932546,1.277622434208808,1.2102938120507192,1.1846096146623544,1.2238842425772676,1.5399225330966453,1.1084907361782586,0.868884060179546,1.1200310464351775,1.150656130617046,1.05563327150025,1.1398617678910081,1.2835089333916163,1.235132104866963,1.1191030853234505,1.2318186424278454,1.0692781852950022,0.7059098911281865,0.5617965277566682,1.0570910117689118,3.0875621334387233,1.205212925885288,0.9780577506372031,1.132371617674681,1.5064056808394057,1.676037349288015,1.2101308530985952,1.3002586963828089,1.3556826253354546,1.401917959917291,1.7353862970870344,1.0706621840037878,1.4491929498360627,1.248384413731312,2.466046513927748,1.3009843079075072,1.258582429785762,1.5362145492149584,1.2049672080920841,1.5879332010001312,1.9137508596789965,1.0909219150206715,1.167174875259555,1.2754133935572536,1.1921596282484326,1.1014334531982715,1.338900610541673,1.1988713621543778,1.4473388296072773,1.311641044056659,1.369470869680087,1.3122111015682008,2.368585197177987,1.797579470109994,1.1929086113632765,1.4785921649777451,1.6094615091604179,1.2218420601555162,1.2679962729601213,1.2341952587629943,1.5736590373035182,1.3990455001566238,1.4878597993182674,1.3032396532694317,1.395409255730812,1.0269723464526663,1.4357444855180712,1.0740268178690828,1.1049540964258835,1.2469896941079188,1.5287800060904126,1.3668728071583245,1.2133486161383313,1.0313024979210543,1.3999094207043534,1.1816494957145722,1.6499354343507764,1.5748392005198513,1.1883877578779338,1.3522513271681942,1.1647405606485324,1.876189182237166,1.589993500379991,0.9102207852449351,1.7595858119267471,1.1454565820644391,1.5870063203971836,1.0178620042033553,1.2136107695367357,1.3743658264052163,1.1822238686284094,1.1448898485849441,1.3001602866181812,1.0226723059535838,1.0257884885210626,0.8607861503484706,1.4557709638862761,1.1370566220105123,0.9671375143007843,1.196378916273628,1.3526846964035817,1.3617259490855056,1.1198149552806445,1.1055905780630466,1.3052741556789271,1.1424138178072891,1.1303362489139666,1.4947480908355693,1.6105398018274086,1.8866339629735025,2.118571587858543,1.3396736203129231,1.2518269424062567,1.2891727367013213,1.1659821472324499,1.056232478317371,1.1943495890385896,1.019126962233895,1.599242919060381,1.1473325136796235,1.4691774984985453,2.3358250402452843,0.946034794586078,1.1471503235918534,1.101127726006422,1.3181351135838395,1.726092713671429,1.1418359788312795,1.0842942575524543,1.4600700142141383,1.3610553121173858,1.2279716179616904,1.212488355170791,1.3144495857670697,1.070185149350248,1.2672565551685828,1.942184215310955,1.9980095308134946,1.332009139586419,1.318784312393138,1.0073246412225838,1.4119142274667518,1.645251452413,1.121669204245102,1.1568643555291493,0.9998968635870147,2.110595235748619,1.049136156914079,1.547752833486829,1.6911833386498873,0.994761551115994,1.105036659870823,1.4665856700021607,1.2419665123142019,1.458124749481047,1.0346331409660057,0.9596688865562367,1.2975364968999934,1.1134456747594073,1.063949516760362,1.354055336709781,1.5977413739491881,1.4018738423623436,1.0369160487384974,1.2770729019067817,2.2907571618961065,1.3467761933518358,1.163024853557535,1.2674109155236357,1.3074431320174242,2.4256319447702515,1.614818610330723,1.0855378769433077,1.214824175452281,1.3394087678832407,1.7514243566285357,1.5122409878805203,1.450087962962876,1.2903959745683573,1.1551761955189277,0.659900917107437,1.2573839463966783,1.2087568509864284,1.1782137366049632,1.314685821996619,1.0434223885923635,1.2154115288047074,1.6512006266925954,1.5453733313865161,1.4338657979017222,1.0226449251297691,2.0171106835933896,1.4232897637169288,1.512832829113503,4.849239772339075,1.9616512135191506,1.2810147671485284,1.7091629500051762,2.259658961776659,1.0562658306985018,1.0347160204895762,1.4030092603456457,1.3798481826460938,1.263738279601346,1.0613116342021338,1.2337656831485595,1.00941865636889,1.2576831772738117,1.3971812538851713,1.0969062233274474,1.0869442773561997,1.3770123639645921,0.891652637512779,1.2547918107345069,1.3358605356525781,1.1166469776363472,1.155615129897424,1.1140148984619545,1.129316084374679,1.112076589676823,1.3523176267065844,1.4770143193763658,1.200028521352619,1.5528774357117938,2.1098459307019173,1.5042228131500823,1.2644473222578556,0.9965346553215859,1.5743894156264782,1.2765379083550201,1.1402539676354393,1.160123524824479,1.399516417299841,1.2412005388354683,1.6082052505395155,1.5695929724579218,1.2413371888974747,1.798156432671451,1.4283053770143388,1.0778434544232276,1.3235410986771452,2.4739181792582383,2.0692879856391175,1.2441414532459247,1.06666547709399,1.058547889161393,1.1568000901006505,1.1420641858707452,1.133948678944634,0.9969741088647378,0.9698371600023219,1.2146733138100416,1.4652941819881238,1.0994087850727998,1.0227529161528661,1.0433785893939806,1.1424531558352164,1.3827412877293015,1.8710526521157775,1.2311455124384714,1.4895890336256774,1.002107735827841,1.2062274971036402,1.6309478642641295,1.039147816520177,1.4275382403192662,1.3686074978333678,1.150562212419609,1.9779043019879072,1.1314776365259407,1.665778862391112,1.482537874959688,1.4086039412850448,1.5083431757318582,0.9336266224703162,1.2862669893503305,1.019216217688839,1.2798238162441464,1.3252232529811843,1.4105660527194077,1.0645302388574762,1.2484458480219232,1.7541276057929625,1.1861847083760266,1.0269474660700983,1.175522451146231,1.0426632409940617,1.453888660892845,1.2335333868908858,1.5474521251635949,1.6631859800473134,2.6185838333672424,1.4643890240391546,1.096416976305723,0.976015444282657,1.1143681570279347,1.4007587767893475,1.4925713378575356,1.1251921914843739,0.9923313268855942,1.2724949473973834,1.1200503416223422,1.2968997615976523,1.0865525174754636,1.2079128970768775,0.8556673165407349,1.2216960396216192,1.4634066227774565,1.4735014479947472,1.1763083438969755,1.3398305415064224,1.3061182351994711,1.2382801346451715,1.2229724002460993,1.3087907605139502,1.1116585995111903,1.046447739271601,1.081447820404481,1.3486716963961656,1.4030763522954453,1.1442353578879905,1.5138429391218877,1.421907310252823,1.3467909989725082,1.1009866275704994,0.9561126005916696,1.5510986076199034,1.3704180315380334,1.2195155985485844,1.2618747231255947,1.243730938416988,0.8810165048617504,1.3711793410781228,1.3997025527261084,1.2379522341215106,1.1558720076639637,1.0194345581794397,1.2473997739598661,1.2498919951886176,1.2418493972671607,1.0286105844118594,1.3108194685263774,1.1726857980407694,1.2993629809694498,1.366804298433705,1.217199017994679,1.1566511955480003,1.3036742305327267,1.3318411390740597,1.6834445477022395,1.2428922607422326,3.2991156166379323,0.816867056169001,1.094613934831253,2.583126598990432,1.4207780005121167,2.5364528294788315,1.3375064136573702,1.1869180122254597,1.520488559988909,1.0960910647005608,1.3558259235222099,1.6571881451730386,2.053263728087309,1.4356709261486151,1.5440631041880253,1.374213493592181,1.8027650092674545,1.1989515679189875,1.012944566877978,1.4207789827162196,0.8286221780426288,1.3740502056097945,1.0273531092709605,1.1110636629397592,1.978127939512553,1.2918235842177845,2.9160157689370827,1.0999509459354577,1.5995605925958776,0.9954813228720928,1.1343610340360701,1.0798632767332919,1.4053905732279897,1.6936361837612002,1.1812939872729586,1.2156366104175156,1.223782893071891,1.0964113119230818,1.363615122812281,2.9140155070701947,1.7481777924758257,2.1761911668444727,2.2432488455337936,0.8210867601122096,2.027974951945766,1.7579673008830246,1.5672885135707246,1.3493808396899492,1.5854788719814659,1.5851221491332979,1.6121101018844057,1.4174862859446216,2.2821015887168983,1.416687279060146,1.9475732906440042,1.5503906373210183,1.6192402370762442,2.06849533797453,2.9710100529835444,1.4715028080090393,1.6407618984902317,2.650966633255915,1.8953728939962677,1.2571362213280186,1.2971559455047768
1.0,1.0,1.0,1.0,1.0,1.0,0.9948269481645106,1.1503755127480817,1.024552593496421,0.9380310664388325,1.0270424608642714,1.1980098289537213,1.0606931907847996,1.1938732188491592,1.2564557225325257,1.1651107700894558,1.288973077069066,1.5867183224684869,1.2784441570601865,1.248601007664418,1.184789752462889,1.8944745836449965,0.9825238521906081,1.0299192681654885,1.0050800221637899,1.1899659835174896,1.4596265913808328,2.08249452685694,1.2735231998515757,0.8895195858860339,1.1585558539489544,1.037355339988237,1.0937737401114238,1.053581724598248,1.2424196542769832,1.0226226164812007,1.0940821648184154,1.1779653741518152,1.1159959936150865,1.091905216964502,1.1276668204274367,1.4186929148185956,1.0212967155101573,0.8008902457879639,1.0323351514688102,1.0605993703478929,0.9731516690715469,1.0504764463991343,1.1836145614552485,1.1388394683149996,1.0313340359066634,1.135707591800653,0.9852720503454351,0.6505897347854368,0.5178337096361406,0.9742673908458372,2.852061295088187,1.110489395681582,0.9017556241855396,1.0437478650243324,1.389391216389296,1.5440667197334963,1.1161308769058231,1.198863503116852,1.2503540595962646,1.2922040962539016,1.600473860205343,0.986813651517954,1.3369773458626097,1.1508467439565246,2.275037601623751,1.1992252130589391,1.1600894975393656,1.4161163729834145,1.1114693914770017,1.4641482130423524,1.7642912719353792,1.005556980813815,1.0760272510265665,1.1761212065282152,1.0991067385011608,1.0156324974015614,1.23372666422926,1.1049270878664543,1.3347327359149541,1.2097158592227648,1.2626919582281357,1.2082413130913128,2.184821169607468,1.6571188627932094,1.0995320505659587,1.3628112156845182,1.4834133723180094,1.125960819205929,1.1686830093551586,1.1379685911286017,1.4507449793747298,1.2900210353746706,1.370645172598171,1.2015814392852597,1.2866808681725255,0.9470153899431735,1.3241333547178422,0.989988733417881,1.018682029014729,1.1499366478776094,1.4094284028717472,1.2606026546688942,1.1193802119990548,0.9513980273313829,1.2902865460925161,1.089660676156266,1.5214897921910713,1.4541677282786327,1.0956006229012307,1.2469374273435099,1.0738594931917795,1.730169734152118,1.466958532708196,0.8391734888079474,1.6216260263793612,1.0556647567218185,1.4630869247279181,0.9385615546094981,1.1184178570851768,1.2672455395715028,1.0901841173381357,1.055375584202109,1.1991977604108044,0.9428165694453773,0.945930401415404,0.7930658238141333,1.343356628464837,1.0482126132574905,0.8916941029413705,1.103467476745783,1.2472029268625553,1.2549731576067276,1.0329241148812967,1.019139950738718,1.204022707146964,1.0522214494558388,1.0419141501420275,1.3777113432557468,1.4850858001815883,1.7390889324535306,1.951998169168902,1.2356943968385496,1.1537075795960217,1.187788268055061,1.0760896714678516,0.9732045289089013,1.1011454476953566,0.9392014472707872,1.4749708797184153,1.057281175007453,1.353547928418555,2.1547093835797675,0.8722104190188773,1.0580648348289041,1.0151770993649243,1.2151740637304482,1.5915459785274675,1.0525912359598064,1.000621118981687,1.3449427751609326,1.255046575833988,1.1320245209733633,1.1177731535809314,1.2124580087767918,0.986544448428698,1.1684816542302812,1.7909174281909683,1.8420468052814407,1.227913266718954,1.2148250462316554,0.9286418458836434,1.3022417613205488,1.5157057336820565,1.0342163323921203,1.0673213259337828,0.9216495940883109,1.9475168377850465,0.9678770937698566,1.4272024697554646,1.559545128694614,0.9174748440749299,1.0193870790795252,1.3540626359856927,1.1448026697661882,1.3440252495501865,0.9536674223360797,0.8849094266825611,1.1965201511451082,1.0264777620082342,0.9819903430040333,1.2488175933910188,1.4740829756716465,1.2921821029575091,0.955410679741109,1.1772621324217036,2.1124889242273213,1.2420030108987512,1.07092971252907,1.1685506814092648,1.2059070370365752,2.2371302819686685,1.485105592393969,0.9995998758093629,1.1197427640497035,1.235439724473851,1.6152669108325606,1.3957220804215074,1.3379196803927054,1.190147738990625,1.065322418144019,0.608344913234952,1.160043328737411,1.1140045866008632,1.086121947744321,1.2120069512860066,0.9613885304108978,1.119710637490138,1.5223674912089136,1.426035373818255,1.322202220214929,0.9427628908287431,1.8594634190771144,1.3130803964782398,1.3957000518902278,4.43582620169614,1.8091907111912275,1.1803659689001411,1.5718267592160178,2.0836059055256912,0.9737499278582623,0.9541264245642687,1.2938286460042576,1.2725807396650544,1.1649787008228885,0.9786473744458692,1.1371878784930867,0.9307955672771389,1.1590049791365984,1.2880822066409885,1.0103944392162316,1.001641655228853,1.2692605672492239,0.8210348079603291,1.156393257724424,1.2318083233340742,1.0289487461596307,1.064364272868006,1.02676916682313,1.0406855591968052,1.026121492717631,1.2472286373604016,1.3620221205603236,1.1057763762107529,1.4322099315220744,1.944815060162297,1.3867276997181741,1.1663598511668494,0.9183457885561304,1.450895672068438,1.1772154417395593,1.0504254398767587,1.0693630690631915,1.2912627317093204,1.1442586515079158,1.4833923297061244,1.4467664060115215,1.1455412436133539,1.6583414430195786,1.315045795814377,0.9939794246499241,1.2201546361332607,2.278689556644434,1.9084807484664377,1.1475694972327906,0.9836557240748094,0.9753801520613052,1.066609011122088,1.0518257254358168,1.0453618936877431,0.9186936785201445,0.894108535572317,1.1206551143453019,1.3507858505263128,1.0139641719813284,0.9424804767344459,0.961652091928854,1.0533814223016438,1.2756606659228997,1.7270196868349466,1.13515997324635,1.3735746851797321,0.923991950271117,1.1125001758458608,1.5005277241154462,0.957172263210591,1.3161973202873791,1.2624553830177543,1.0600870603544992,1.8265639994838494,1.04327708536641,1.5369214735139956,1.3673669500298655,1.2988956490829602,1.389545533124442,0.8603639175669678,1.1861564845249841,0.9397380036575087,1.1786393221717923,1.2218996903026378,1.3005690611174172,0.9813514112474798,1.152040450586374,1.617679944644712,1.0937040727118,0.945565014317681,1.081722556812259,0.9612824385147487,1.3406611928658694,1.137438093924172,1.426955699294476,1.5339029416176064,2.413331839004276,1.348995039633437,1.010641349696539,0.899068779161351,1.0272376215857428,1.2925845598905514,1.3764984418566497,1.0371860156723014,0.9145091848492646,1.1741814042950707,1.0315644362992173,1.1955633705373931,1.0022588690914045,1.1130033899472918,0.7884518126058984,1.1287789071623644,1.3484800098028429,1.3592252914111111,1.0840798699240732,1.2351328773185548,1.2036174696423145,1.1413461220868006,1.1279340232409805,1.207205539371751,1.0250053783280695,0.9650581180363621,0.998323765435669,1.2450736814916494,1.290952924746525,1.05469560999336,1.3957801914070562,1.3131904960826228,1.2419343132831553,1.0139679066560192,0.8809624938052159,1.4299466728965267,1.2617228197467183,1.1240447832597842,1.1617402363062825,1.1458194664854844,0.811869640441818,1.2642938652226268,1.2851819737031298,1.1397358969281834,1.0641767833938587,0.9390957142563836,1.1492900358899323,1.151252061592038,1.1446049087161319,0.9483356180645126,1.2079001058410714,1.0794115343636057,1.1961274052917699,1.2568538461376497,1.1199049944312367,1.0637971368334482,1.2010257994318088,1.2267166580067725,1.5529149799440254,1.1449864632968008,3.044817788464406,0.7527153260248813,1.007633035428468,2.3810950387805283,1.3106072631246741,2.3413022566852204,1.2330902257230343,1.093298410395521,1.4013640814000623,1.010561204126776,1.2498906563232839,1.5259261290758586,1.8871019397692697,1.3230603553770877,1.4240340286444002,1.2660921594277221,1.656621584907501,1.105458751580768,0.9332124323328703,1.3083117122179249,0.7625090310164112,1.263812097336218,0.945157396870009,1.0232099878404417,1.8206749049036155,1.189902194776128,2.6842752082942463,1.014487628535751,1.4746189673330519,0.9177080744192404,1.0445940919871157,0.9958171074903394,1.2958582928090963,1.5614176834660445,1.088839184593522,1.1207842803211765,1.1282782715218571,1.0090662008168678,1.2577219088489036,2.6867994811823976,1.6121728235543253,2.0115140542549907,2.07051733873238,0.7561011982373782,1.8663713914144158,1.6205297488530643,1.4449292015557682,1.2452835473085009,1.4620757299545382,1.461683212983361,1.486630419586518,1.3078965612005697,2.101527394989043,1.304139520027325,1.7947147310862017,1.430596498675996,1.4927453710867815,1.9063208145213626,2.727229662145425,1.3536100732963963,1.512857125006508,2.4454468669511535,1.7478666021309603,1.1572671544889952,1.195619752984167
1.0,1.0,1.0,1.0,1.0,1.0,1.0,1.1549475896352583,1.0296528638768427,0.9414299278739744,1.0319335394526998,1.2036162869011005,1.0648718315346386,1.1985726652422364,1.2620166651907998,1.1711119601753448,1.2947530131524057,1.5925579983648193,1.2848042259857837,1.2547091139280153,1.1920053174929923,1.9000573952709496,0.9879920453477101,1.0343970178063313,1.0094468124339306,1.1946554711929345,1.4653708379855255,2.0945188173839604,1.2795148656036919,0.8931858317994832,1.1658269563459305,1.0427343119073371,1.0990767709775493,1.0590752192951305,1.2489063805225569,1.0271603133859153,1.0994605275650777,1.1828804328175382,1.12010743329402,1.0972227596935862,1.133137584106571,1.427745708374264,1.0262073426595713,0.8051852232202221,1.0372163546437685,1.0653577762002129,0.977070348250789,1.0559611908887692,1.188573952700136,1.1428833364824769,1.036031918865452,1.1409747334963476,0.9899159946883906,0.6537286041081773,0.5201977599562062,0.9798482151463019,2.8600042956039307,1.1155679736487822,0.9058394346853895,1.0491003243497437,1.394668407231881,1.5506453472068373,1.1212857795043933,1.2049494911943954,1.25509758402497,1.2991710282077313,1.606870563639534,0.9919070278020513,1.3433749185809174,1.1580953556573257,2.2852791310463854,1.2050641587583697,1.16478529072987,1.4220712538836264,1.1152428148650357,1.471167603934168,1.7732712766658698,1.0102800893521566,1.080668919212915,1.181564577744858,1.1044148390097885,1.0194186894573019,1.2401505813624798,1.1100432667733184,1.339481001957437,1.2145874766757498,1.2691678176409469,1.2153019338271709,2.19630964798675,1.667717371285083,1.104470836951712,1.3697006977352646,1.4904946914560502,1.1318036194263943,1.1752334635708186,1.1426692042516402,1.4591026171033648,1.296093177280224,1.3781985436103201,1.207381131753301,1.292562387870677,0.9512924964872003,1.3297583196132194,0.9947270682909215,1.0232442034648386,1.1552839226912544,1.4156454119835309,1.2661921851478428,1.1246442067426905,0.9556210924111523,1.2978460580991582,1.0938948604516332,1.5278513100492614,1.4567573526908615,1.1011313747537055,1.253560420733633,1.078669026839556,1.7381312479852866,1.472015552875403,0.8426838433715329,1.631242875176981,1.061391737333416,1.468931879875655,0.9427412449043175,1.1240236252268003,1.2727959090092487,1.0944939445656883,1.0600450040927696,1.2038383907477916,0.9465581274113648,0.9495104650856394,0.7972680887165744,1.3479378167237321,1.0538196898812802,0.8952947481790975,1.1079202425030212,1.252858709163059,1.2608110242804251,1.0363893746881652,1.023436790578594,1.2093420773968195,1.0581510608712514,1.0467009426437026,1.3844526448091106,1.4925643328520481,1.7470593219674369,1.9643964445978082,1.2409413355708812,1.1602380198369644,1.194491136431319,1.0808423144687997,0.978472460695982,1.1056780362524314,0.943805931227303,1.4818560550302395,1.06273112258884,1.3607952506856043,2.161705111576305,0.8764326616423108,1.0625032750251697,1.0197395360564707,1.2211536216630468,1.5988593777462852,1.0572383164151877,1.0053177355172105,1.3547971480047534,1.2602772842517587,1.1379073101876824,1.1230259938531693,1.217543235854532,0.9909435822549519,1.1740143283224733,1.7990128239552539,1.8537060768213633,1.2340580339966942,1.2227368258485312,0.9325792885776927,1.30745661574672,1.5238506782016676,1.0390758313815265,1.0716509242721228,0.9259679156512641,1.9554268708177696,0.971427167740747,1.4330765220632347,1.567025948504737,0.9214214823084501,1.0241109075205337,1.3589978757742918,1.149495393736677,1.3510286371653877,0.9588370472365724,0.8885958085286929,1.202818225439366,1.031889161895978,0.98567919797017,1.2548350762132745,1.4789271595775548,1.2981177746958539,0.9603363885753742,1.1826485131474804,2.1236971502965742,1.247385378118744,1.07759492638717,1.1735604058258038,1.21100549117992,2.245823275707633,1.4988813038303173,1.0063065012626504,1.1247893389123975,1.2407730224612028,1.620996896524279,1.4012919207198535,1.343075240187651,1.194591700019828,1.0709660793557991,0.6113836665571628,1.165662200323903,1.1191873156442556,1.0919284535102527,1.2181251750403486,0.9663757731930105,1.126504042325555,1.5300768961927262,1.4309159957961908,1.3276818130344714,0.9477785797526179,1.8682731443859353,1.3192688630372729,1.4019140105986656,4.496781957151776,1.8123739017099125,1.1861661159123158,1.5812080135011706,2.0961448050611367,0.9777894981116064,0.9576756014251744,1.299215752659444,1.2772843386415869,1.1705072393344427,0.9832598611857593,1.14307917343801,0.9345912247480737,1.165419116315931,1.2942287582661915,1.015392298134322,1.0065104305355437,1.2766072357604428,0.8256743584810681,1.162681277268963,1.2380318377585222,1.0337564570862765,1.070147198820096,1.031167975984657,1.0456727969328807,1.029948676261956,1.2525286837589382,1.36880848998309,1.1109168625024792,1.43840214801696,1.956987986134482,1.393734684811215,1.1705589806657783,0.9228690989754545,1.4590285034483998,1.1823556314761046,1.0546489300887179,1.0740847049701863,1.2981428804382245,1.149539290198384,1.4889640592889712,1.4546702511255674,1.1500177712754132,1.6657804321054153,1.322526360750395,0.997760841835618,1.2266690169313827,2.296862107615718,1.917917550409786,1.152153714420134,0.9879700538145715,0.9810087092473672,1.0713069877700123,1.0572712828914508,1.0497540404735268,0.923412712584625,0.8977816498279776,1.1252761036488645,1.35858992213252,1.0180833821688902,0.9474770932325217,0.96571925650826,1.0572862942930201,1.2804175010108496,1.7326710690748122,1.1409701689816614,1.380439165500604,0.9276868774672004,1.116591027194576,1.5124260405309125,0.9615121781988243,1.3228649493602727,1.2667335534792845,1.0654322481039042,1.8322093823069245,1.0476835680143823,1.5420216967761484,1.3730749610486759,1.3047881347985975,1.3996791278632534,0.8645280805566767,1.1907355055128206,0.9432268080263717,1.1848817135646854,1.227588100293619,1.3063868396289098,0.9856545581332216,1.1568587605079126,1.6259535995812766,1.0976237442598853,0.9502846979469703,1.0889307941471573,0.9656996431248117,1.3466297950989863,1.142992924800681,1.433161076787168,1.5406744663983813,2.4248198475424236,1.355472493291962,1.0152250261308442,0.9040812443499149,1.0317881817063188,1.2971199629624495,1.3830442929363598,1.0420792111877222,0.9190882582337438,1.1781033826344756,1.0378227592004996,1.2019574857057251,1.0059387348566757,1.1197144314351228,0.792341243171824,1.131507431894803,1.3542457343550365,1.3643794186866298,1.0891208870223188,1.2404780839677565,1.2107010118977564,1.1460234134511098,1.1324292495147603,1.210886517940533,1.0294043739686178,0.9681867588437784,0.9996249038935998,1.2484033190968757,1.2984322405060063,1.0597412565246982,1.4029400928863358,1.3175362422839778,1.2473313871803176,1.0196570219364212,0.8857667051794971,1.4362376398749441,1.270449474300141,1.1294087667624257,1.169078072731202,1.1516883309478412,0.8157870963336001,1.26999808891613,1.3008683965180914,1.146996511611336,1.0705956292651382,0.9433396158071831,1.1556156262664992,1.157751595340034,1.149853624221762,0.9533379221527484,1.2133071964589903,1.0864450152352063,1.2041977014343108,1.2656585882935816,1.1269977164555727,1.070790088115186,1.2074647119983335,1.2338692037435826,1.5588411619715106,1.1503332019127412,3.0582816928566894,0.75648926253856,1.0146941501993936,2.3954252314256186,1.316165229849295,2.3493693127736037,1.2384953591071417,1.0986432212003647,1.4087218292328212,1.0148934412072306,1.2549362451553123,1.5375468646822115,1.908718636969969,1.3308476426786227,1.427642512496678,1.271986809196786,1.6725263467748965,1.110552688254375,0.9390847878432941,1.3148774474485512,0.7677070094694873,1.274552051864809,0.9521100634533544,1.029621297110694,1.8338784400583386,1.1966758090522014,2.7057266393449684,1.0181887452358693,1.481112145866831,0.9215471943972389,1.0499381916909984,0.9996324183024324,1.3016055643383124,1.5690990986276006,1.0944575840333695,1.1262431692722648,1.1332890585111617,1.0163881228853906,1.2634641003450326,2.6969839634047608,1.6187334516527916,2.0141157652295467,2.074519919249573,0.7607026695373955,1.8826999722190063,1.6301051759910152,1.4520691327211832,1.2493912377672232,1.46855600996226,1.4671329569834568,1.4923754363616881,1.312039566501129,2.115394261788178,1.3119465751876622,1.8063808123231408,1.4368592425375946,1.5002011904361925,1.9149138284179439,2.7543491056263916,1.363819674991132,1.5192910040366652,2.4548673361277893,1.7559132873916106,1.1659025765400215,1.2007157907872308
1.0,1.0,1.0,1.0,1.0,1.0,1.0,1.0,0.8903986831167939,0.8150009895645954,0.8922453601117732,1.0409915494624467,0.9213330426806368,1.037525298014816,1.0919708320797463,1.0125816001493293,1.1202515054196005,1.378005354500464,1.1111545385484618,1.0850468405374953,1.0309569288152876,1.643721427077343,0.8536775605224358,0.8948352507624415,0.8727397944772816,1.0343153434656605,1.2681706235211032,1.8097276164192004,1.1067937157130978,0.7729165224328649,1.0071269716073594,0.9016613704305247,0.9508171623193868,0.9157927383463167,1.0796361224063298,0.8885912869035064,0.9507180135347937,1.0231938106525402,0.9694302378446208,0.948843919726398,0.9801495523257744,1.2332790293738802,0.8876869881824372,0.6960940912743863,0.8972208290470312,0.9217004654412262,0.8456209543597665,0.9131999763050938,1.0280551465203291,0.9895661620604319,0.896386449062706,0.9866157120387724,0.8562995957279922,0.5653511949019794,0.4499796535049752,0.8467296112485745,2.47656063711235,0.9656786104813291,0.7837086474426498,0.9069664456082114,1.2068792224465423,1.3421100031386493,0.9691898061020195,1.0414316282814369,1.0862053173768564,1.1231639599783247,1.390193924418509,0.8573914045161151,1.1603541504497454,1.0003104731835673,1.9758211259131226,1.0422706119363945,1.0082269223480151,1.230706962087098,0.9652183579060244,1.272281680818553,1.5326253425133594,0.8740392950726341,0.9351005512435885,1.0215071677589176,0.9548938255194366,0.8820764522201865,1.0723771486651803,0.9602868273143708,1.159700201076273,1.0509988324800636,1.097201296562167,1.0502794489259464,1.8982139025672735,1.4405412528687838,0.9552940594645775,1.184189270741771,1.289731822989686,0.978686512779655,1.0155416666326698,0.9889284106752485,1.2608347549360628,1.1206013149223564,1.1918595591365766,1.0441647823291165,1.118065138550786,0.8225163958459051,1.1504805574822186,0.860318239337848,0.8846971971144098,0.9990166307055066,1.2251628064103168,1.0949730625307783,0.9721752290983475,0.8265790560791504,1.1213434011954602,0.9467880190812041,1.3222209601343975,1.261420316514641,0.952160594684502,1.083316647017092,0.9331373550501079,1.5035190329122727,1.2740001622537735,0.7289876313219674,1.409087252497137,0.917748824037695,1.2707660491182264,0.8152844866655694,0.9718133048973576,1.1014323896264329,0.9470757879288905,0.9171645733439682,1.0417712691407808,0.8192623872501867,0.8215837676763604,0.6892815335399682,1.1664150853461224,0.9107317875390752,0.774581051372006,0.95804296175439,1.0840386309613983,1.0911102484537905,0.8970861990754115,0.8853406265343795,1.0457862360697363,0.9148260079952282,0.9054741138573787,1.1972044202922896,1.2902962038636223,1.5107197576188351,1.697262344277355,1.0733418113685833,1.0027134217287736,1.0327778655735513,0.9345512171255241,0.8461388354875347,0.9566711655727016,0.8162462213889639,1.2811293481938861,0.9190988038044441,1.1770079356110965,1.8716990994201128,0.7577283669989794,0.9191975885414903,0.8821355957108198,1.056060484144668,1.3831022924319014,0.9146089890093577,0.8687953254820666,1.1691235485010185,1.090094048161542,0.9836260507043483,0.971338675352913,1.0528364063796765,0.8573455011696595,1.0153398712828854,1.5564956140371082,1.6008737223750225,1.0665069819238697,1.0565080612217934,0.8069594011766781,1.1314807780539355,1.3178784662069032,0.8985227609745936,0.9268558082761094,0.801024602145276,1.6915491247058307,0.840733177802328,1.239563685142664,1.3548014357630325,0.796527572594683,0.8853729641379929,1.1747642668086837,0.9946465972395961,1.167666789234699,0.828834177950093,0.7686581833122234,1.039443157391399,0.891943531776703,0.8525887461322146,1.0841950626455032,1.279687104486138,1.1234944377035785,0.8304122320515832,1.0229116645282126,1.8351720152882913,1.0789629275264776,0.9315091400298733,1.015631508881396,1.0475929773709436,1.9427926506214832,1.293314237581334,0.8693000816211862,0.9731180268014594,1.072790678096203,1.4026173116487732,1.2115467814634384,1.1620485192539847,1.0337766957818655,0.9254162112880835,0.5287230503252272,1.0071051179550519,0.9681329196770749,0.9436515778497689,1.0534892887729372,0.8358967645808812,0.9733616520704784,1.3224956110603485,1.237843350433756,1.1488613006842094,0.8192076535417465,1.615715188657966,1.1401777700839197,1.2121561500992124,3.880182804010215,1.5702014940683982,1.0256531983697643,1.3680225187495139,1.81045541752903,0.8462007303554805,0.8287887990686836,1.1232738439933783,1.105413338492052,1.0121336577984685,0.8501737221776514,0.9877279192721378,0.8086787309238131,1.0075894861173407,1.1190543448951047,0.8785365029513192,0.870415834522398,1.102991082880695,0.713944445644944,1.004855540990922,1.070218396435906,0.8940066530166542,0.9253281315796823,0.8920562335460072,0.9045019340979648,0.8907560228201257,1.0834346908697228,1.182978914001566,0.9609697479967128,1.2435392228058375,1.6897404553948334,1.2049815119097531,1.013068203428797,0.7981407772293787,1.260906944339162,1.022895644398048,0.9139768722865713,0.9292040064949889,1.1206080205643958,0.9941623314331377,1.2888689445869825,1.2572706043422208,0.994840922948397,1.4403877574894843,1.143628901266414,0.8634834484068403,1.0601221042081206,1.9814254578141672,1.6583168848533991,0.9966382013009565,0.8542613209585982,0.8476914888273627,0.926208029807322,0.9144534517594423,0.9082744312351028,0.7984214663518368,0.7769375014253402,0.9733813823699162,1.173899368675539,0.8806412567662796,0.8191136539445932,0.835895899023247,0.9151020648332372,1.107837557165208,1.4990891053868656,0.9854493311805472,1.1931163959361446,0.8026410628588304,0.9664340299320621,1.306223208214645,0.8318008273007681,1.1432703287861243,1.096486172182137,0.9212695328103233,1.5843948573056426,0.9060482752110821,1.3336907487457041,1.1878419381203413,1.128444739154934,1.208632123457666,0.7478008278976269,1.0304810320721232,0.816496474751242,1.0249380400143029,1.0617654072652147,1.1302835515462033,0.8525947329562118,0.9998769172305431,1.4050769286185005,0.9502645864711441,0.8225322486677931,0.9413725862545348,0.8348905584757278,1.1646406147759159,0.9883483184694635,1.2401790382851225,1.3320362741435603,2.0975456508573407,1.1722929493223395,0.8781205161535632,0.7818814973938935,0.8925384789781279,1.1224520065976893,1.1956818036280872,0.9013287078639832,0.794737204885934,1.0193362500135528,0.8970284047917363,1.0389116504995684,0.8705669506922911,0.9675731643083749,0.6849069259082242,0.978502328605515,1.1719257172025777,1.1799133365200942,0.942258738614433,1.073078877328296,1.0463546553805387,0.9917283288441145,0.979844125188696,1.0486214476482174,0.8904537667416081,0.8382254759730554,0.8665892628743879,1.0800127306922414,1.1226011900312358,0.9167687727823607,1.212585197594144,1.139846765918258,1.0791416459205654,0.8816537632197408,0.7660038936724711,1.2419487687122728,1.0973755274323176,0.9771054847827451,1.0104329197914466,0.9959004286577791,0.7053950146436969,1.0981966718497649,1.1191402546529519,0.9914147816795124,0.925431791254743,0.8159843761218123,0.9989232060235448,1.0008646971858153,0.9945516714796054,0.8237109220747783,1.049961376543369,0.9393215353902631,1.0402776963812261,1.0939049008393833,0.9749105763533019,0.9257847249912565,1.0439596628470738,1.06672524631701,1.3480160664683596,0.9953825070525828,2.6393522140966574,0.6542357744882713,0.8761370462765717,2.071293926971859,1.1377600931539895,2.032738374841118,1.0719588789993204,0.9508964153768424,1.2177216046197932,0.8779475830735769,1.0865848630652077,1.3270871899920336,1.645470470695261,1.1505267058568784,1.2367672443142177,1.1003889677236272,1.443736677423625,0.9607129545508941,0.8113964482599172,1.1367466509056003,0.6632923467083404,1.100329849187279,0.8226381638094857,0.8898812859114635,1.5836452463119173,1.034124198796805,2.3345267664637745,0.8813055101625372,1.2806319826789503,0.7972321834055037,0.9075052121436696,0.8650164630006627,1.125866824132748,1.3567695087341862,0.9466756807233456,0.9738581492613057,0.9806157725065301,0.878209262539694,1.0925623954439578,2.335544336110879,1.40102581920005,1.7453485356339993,1.7946551945590852,0.6574931424887176,1.6238251989534922,1.4077210801013256,1.2556770082609852,1.080770125915774,1.269996208427333,1.2696474625805503,1.2914862373434317,1.135222803395265,1.8270988961280341,1.1344321962573587,1.5584021724326096,1.2423812801107461,1.2972342284283878,1.6570420308370253,2.3788641500266854,1.1785403163574317,1.314479342305883,2.1257752327866806,1.5188970547435179,1.0066920010289695,1.0389154181034161
1.0,1.0,1.0,1.0,1.0,1.0,1.0,1.0,1.0,0.9134608445275774,1.0012372083593895,1.16768891220045,1.0332543872276567,1.1633237127072273,1.2252031174962,1.1367976700169773,1.2570160326929924,1.5441909293095082,1.2469454731321923,1.217478973886018,1.1589062516731998,1.840848965581774,0.9587964231611517,1.0034312910486785,0.9787813818012878,1.1594831570640003,1.4222706535395526,2.0334526654315086,1.242462716864358,0.8669094260957333,1.1324274436270656,1.01266167592955,1.0670975405181427,1.0281420529819285,1.2120107784113099,0.9969453871875148,1.0671849710610415,1.1479233894885288,1.086627505173595,1.0651227385688524,1.1005867595123346,1.3862827822067143,0.9966984203068072,0.7814851525499862,1.0069875890507354,1.0340474083761118,0.9482990141249019,1.02539429253885,1.1530603951062592,1.1088365417722121,1.00602111315292,1.1069777689210372,0.961361080772818,0.6347131827872995,0.504949530426334,0.9511804270349313,2.767845567864214,1.0837554490983718,0.879153602106804,1.0185370868248498,1.3527352671141228,1.5075672201815513,1.0876219715792301,1.169179713734221,1.2175573668806197,1.2612630310458068,1.5588445467206813,0.96279226539054,1.301719019573476,1.1238702640439722,2.2162800024971796,1.1700197227341165,1.130765979374984,1.3802811455619572,1.081707497119142,1.4276741212497317,1.7205329871642752,0.9808178763086189,1.0491138642195597,1.1462596841864194,1.0716476203804128,0.9889078736816883,1.2044669291209742,1.0775464750172437,1.2995976440375925,1.1780819945701084,1.2314474765623995,1.1811014869658574,2.1304194540428565,1.6185085511787656,1.0719193455622202,1.329762115158808,1.447508242587785,1.0991776529988344,1.1409764423941238,1.1088897315508643,1.4159774797399902,1.2573592872544697,1.339226513818384,1.171669343003328,1.254224574752354,0.9228608170291057,1.290005667189009,0.9656661069772201,0.9926692248596869,1.1205803493297957,1.3740339210634818,1.2281251836285376,1.0901680076563502,0.9265485102077239,1.2597663185395183,1.0614298300258,1.4826711167119204,1.4101528930953595,1.0685004890423544,1.2160651863634495,1.0468314204728715,1.6861353964221197,1.4265886350812078,0.8177102686636907,1.5831162341066418,1.0305616572939749,1.425218576944219,0.9146869711687452,1.0911990702636176,1.2352025953869563,1.0619625106980037,1.0288324101741777,1.1675287555777727,0.9186671451819558,0.9211682999777729,0.7743868307825585,1.3066116691745158,1.022816211958193,0.8690858809122048,1.0743786828034871,1.2158566280384804,1.2245898097578274,1.0054158420411992,0.9932996816593064,1.1728446756788435,1.0281737153525263,1.0158661886234857,1.3443650649799845,1.4474962907293003,1.6964589122513787,1.908308934306124,1.2031763308465053,1.1263994802792792,1.1603953285825934,1.047293068044491,0.9505358045456254,1.0730006503133098,0.9165164772420902,1.4373247515802716,1.0320973979768566,1.3226515936140473,2.0973635462966405,0.8503688611051017,1.0302935885829325,0.9897004128257134,1.1855097150678655,1.5515556630785636,1.0262512748973047,0.9738586084328351,1.315992187560333,1.2225226075777047,1.1045535526697379,1.090201233566668,1.180915373662178,0.9619491829399394,1.1392383476340897,1.7460899416771474,1.7987034126530976,1.1978541438202097,1.188283421406988,0.9052991471324289,1.2683652030012396,1.4806405190145462,1.0081790801359807,1.03885773669285,0.898973063974736,1.8945956254686207,0.9418626416293734,1.3907058086647879,1.5202868133279175,0.8937870269964061,0.9928883168932068,1.3157472998106483,1.1156099263025454,1.3114271842162881,0.9310513550699036,0.8620517022692211,1.1665747234589765,1.001367637766499,0.9547350459839081,1.2170242780471296,1.4329594563173678,1.2605586593471736,0.9328284987105411,1.1479401344938887,2.0589516662192935,1.2099862152096512,1.0473607323736909,1.1390567459075416,1.1746238391720363,2.1783273516523742,1.4600230503340983,0.9779429865093071,1.092078509478009,1.2031735690353975,1.573046388945607,1.3570023254742312,1.3021904994735523,1.158728219546245,1.0387300257154721,0.5931947793195547,1.1298453486762463,1.086771279795507,1.0597799599324182,1.182391431869776,0.9386672525184617,1.0937316821088254,1.4846456131072021,1.3866773876361411,1.2882203412977289,0.9195929144309962,1.8134680191134978,1.2784987881063579,1.3592322055870634,4.421581973215962,1.756813394313041,1.1518509647919106,1.5393941637296338,2.0336775713185204,0.9492086957251259,0.9289024186824764,1.260334400218548,1.239179893216026,1.136143370857666,0.9539679518902237,1.1091490296364261,0.9068313433214199,1.1311904182051253,1.2561892522647407,0.986391197300306,0.9772546930253605,1.2394649275636427,0.80256021099511,1.1293253390750673,1.2011202092149769,1.0037960954480862,1.0398205870007144,1.0009074538853557,1.0151943867075708,0.9984348176633377,1.214924229911595,1.3277751717502353,1.0786322774684927,1.394662389977844,1.898819674969026,1.3525729310185626,1.1354090421112795,0.8961917171826843,1.416227446461848,1.147167654382604,1.0248073796407993,1.042841520031466,1.2574501304970214,1.1155934328499568,1.4443431923219163,1.4119679394668,1.1141995805722886,1.6154836315108108,1.2854391221517507,0.9680981420134303,1.1904526388650307,2.233216276174131,1.8604974003947796,1.1173156049171997,0.9584260874321231,0.9526315591290004,1.0394103513055026,1.027215504398027,1.0190433749861194,0.8967155394968553,0.8712661747896256,1.090992593913439,1.3183106256623742,0.9876487283924097,0.9203576951746653,0.9375068952378398,1.025865702458371,1.241363838193029,1.6792201766515484,1.1066027744326927,1.3393628495232914,0.9001242879222392,1.082728618500421,1.4725635950456641,0.9341195796706154,1.2834047506822004,1.228632069017722,1.0346160648246037,1.7744041089839229,1.0165114053387245,1.4939851257793304,1.3318620016104559,1.2659669931522677,1.3598155621388268,0.8394906311561694,1.1554801883378598,0.9154579477225442,1.151654921296142,1.191181965472528,1.2678509449575348,0.9565005310668554,1.1210630807919935,1.5776897028412322,1.0651671178336262,0.9240446068394452,1.0595480386523368,0.9371758531825414,1.3064110142275576,1.109044846531277,1.390783988544483,1.4938561663061738,2.354931609465601,1.316825805701676,0.9854712233379913,0.8783344233290677,1.0013966711950943,1.2573024764305678,1.3416167633471616,1.0112936459645734,0.8924338150455389,1.1423135533766822,1.0084534214928276,1.166089964808298,0.9755343500264448,1.0875670866745746,0.769388616907928,1.0944940325515393,1.3156855398364402,1.3225320915381773,1.0576387895886405,1.2040145579329125,1.1748491397005005,1.1124573475864987,1.0985851889380522,1.1746298792291956,0.9988667133823416,0.9394428262734391,0.9682779175710098,1.2091514679894058,1.2634424548176397,1.0287989282792136,1.3614578869459761,1.275858109085401,1.2102830519467247,0.9906591679626029,0.8603267429583483,1.394271041229467,1.235105264463153,1.0966887633865054,1.1368822369015876,1.1190445151611532,0.7920781002708126,1.2323477202541522,1.269299401407891,1.1152981243266789,1.0409416428372702,0.9163046522583936,1.1223638499646107,1.1251048985642744,1.1161683983221098,0.925094297570976,1.1789630075895983,1.0564092622048453,1.1707694742544763,1.2323892464335438,1.096841775585888,1.0424855083877982,1.1727733110886276,1.1992742498578253,1.511166394506331,1.117598744225273,2.963673054536748,0.7347519174065152,0.9867751798066766,2.325725781445329,1.2759287068687692,2.2761908355424527,1.2021936771251518,1.0676746393504182,1.3681561765800554,0.9850243594047424,1.2184590155556467,1.4946228418855707,1.8594899588120104,1.2927565872867934,1.3854488395535256,1.2358858729366902,1.6306914109514568,1.077816737529444,0.9122571394840462,1.2771956242452873,0.7468770587967448,1.241380850829238,0.9267386365122225,1.0005910317310671,1.783922002297503,1.1627914689046568,2.631494008358848,0.9876367547706797,1.4374648230537808,0.8943744692884898,1.0199238916291993,0.9700009411202222,1.262864732510511,1.522738617650757,1.0621569092773626,1.092917517306124,1.0995212406304562,0.988664748480981,1.2252950415639914,2.620325063678359,1.570944454177415,1.9462236829725315,2.011761934295329,0.7390742453085959,1.8313962057927562,1.5820825747921095,1.4090351082348727,1.2109368220961756,1.424806081116886,1.4234376467876948,1.448057998375862,1.2714479419631723,2.055520191629271,1.2761333223966145,1.7524316460170535,1.3926427094988596,1.4559374592780148,1.8592535679955535,2.692200513602179,1.3278935982594198,1.4744848755538,2.3791182121824406,1.7033763188541158,1.133256791164663,1.165705991444395
1.0,1.0,1.0,1.0,1.0,1.0,1.0,1.0,1.0,1.0,1.0942491113704964,1.2764217835470473,1.1303747132956874,1.2723935226925327,1.3386788920505805,1.2411205418730384,1.3733780291173274,1.6909744771594872,1.361863923564286,1.3300852475130702,1.261996119062137,2.018954670368836,1.0463858586037307,1.0973323292361472,1.07087238199477,1.2683240168255736,1.5550086732697088,2.2167059067698585,1.356732120750873,0.947876185132553,1.233335890942731,1.105024444585454,1.1652835960678667,1.122188972016947,1.3230210555713615,1.0896632901533805,1.1654024179549607,1.255158920759472,1.189454040136805,1.1631464755658754,1.2014291369729624,1.5109320521650342,1.0882100393755794,0.8530889839572293,1.0998612265237098,1.1302303484614598,1.037151322406604,1.1189543573835379,1.261173340911081,1.214014863624822,1.0989243558704098,1.2099726662278099,1.04976068237674,0.693077020267789,0.5517517248506858,1.0375420863594895,3.0406241738217425,1.1833461771469058,0.96066853210409,1.1115978166486449,1.4806072366093446,1.6452517299484604,1.1886597740857185,1.276742895270325,1.3323680742462836,1.376188741076664,1.705367800365202,1.0511462772977034,1.4242840693015122,1.2252036322997562,2.4224825491401063,1.2774269114283068,1.2364538782708638,1.5093192689264843,1.1844573458157615,1.5596779752542458,1.8796804251823043,1.0713695359206437,1.1465125102713687,1.252996647627473,1.1709118235795757,1.0824960123275575,1.3142204241126947,1.1774437408614398,1.4227527615331046,1.28910691309349,1.3449767080213173,1.2871005987370159,2.3264377441293838,1.7640581548032483,1.1715958435417446,1.4514523553558583,1.580350781795108,1.1993491136983412,1.244483659430104,1.2126417393435138,1.5447869961418084,1.3743432349663987,1.4597890255472352,1.2799543264709246,1.370717563491465,1.008841608534031,1.4107597541304329,1.054597626525325,1.0854715372748616,1.2250347701673938,1.501821102188147,1.3430459098698377,1.192406270158916,1.0135482841477477,1.3740019184845669,1.1612157822006954,1.6210697261947231,1.5512275627986343,1.1670481300620743,1.3278285034120838,1.1442231536679435,1.843091765661938,1.5639473071363779,0.8941963650648556,1.7267940511870283,1.1244023254638216,1.5593298588654743,0.9999105026862523,1.1915604358343845,1.3500926687372639,1.1616948295687923,1.1246746816861966,1.2780501325035263,1.0049238659257727,1.0080627890818048,0.8447866557150819,1.431502575587147,1.1162058303556364,0.949923028680119,1.1759162290146743,1.328814846592493,1.3366717974932043,1.1007773398590115,1.0860104733630487,1.2826313209392208,1.1207386338116945,1.1102961288272,1.4674926748140495,1.5821560908505008,1.8519417013926016,2.077685850966916,1.3167794026668156,1.2285831942750876,1.264814021629547,1.1462540294583028,1.0364844904560737,1.1734194155064972,1.0004492052963245,1.5709791408770837,1.1261884275633829,1.4413435282615679,2.2963380788233128,0.9290931093321988,1.1274383004442172,1.0815920255849742,1.2942202562154532,1.6955415929000943,1.1215033650633561,1.065979145402551,1.4313647034347343,1.3374142231102373,1.2054896835655726,1.1907083717989941,1.2915882802133098,1.0511488624387537,1.2447249557755247,1.9077011742136218,1.9613286423110046,1.3077107630457736,1.2932151867131583,0.9894325382920715,1.3876646849644594,1.6145192785093978,1.1017139825417397,1.13728007722361,0.9818712241362142,2.0753986106849487,1.0315239914999987,1.520722988169282,1.6610362689616565,0.9774288341002638,1.0857973872847446,1.4425655680280076,1.2202182439892424,1.4313465471421596,1.015480135542045,0.9429149723624767,1.2743276404746542,1.0931955720716433,1.0465167580837536,1.329906787468132,1.571460973245201,1.3766173741352103,1.017611817956669,1.254455827746365,2.249669274637113,1.3233466080923653,1.1406477732840303,1.245112142618762,1.2848253633604174,2.383851599295002,1.5797320346942558,1.0644181163841315,1.1929706936165618,1.3161945851598769,1.7210221651096431,1.4873886802077823,1.4255012739883994,1.2683373255804462,1.1345358844141247,0.6481571707475802,1.2355633482125812,1.1867956283265584,1.1566529359294524,1.2909978709949828,1.0241620554733992,1.1927554554550666,1.6214937121181539,1.5197378029834911,1.4089554348240618,1.0041101734128537,1.9809768758512005,1.3988274436221533,1.4866968440997101,4.7126091611492065,1.9306163433771841,1.2575740742034036,1.6754349883605602,2.2180602580361235,1.0376327568085617,1.017015757783882,1.3786163719473685,1.3561106525522992,1.2408575267480293,1.0424402073155976,1.2115042828199054,0.9918383997534197,1.2347464033335471,1.372116270021694,1.0767511240186924,1.067200351130428,1.3512365285575745,0.8745928810113837,1.2313482916772367,1.311955356780512,1.0962966495007151,1.1338432396171838,1.0942376546814567,1.1088278983910995,1.0932930731007486,1.329009967371488,1.4507247696713281,1.1783506531800887,1.5259328751285917,2.0711922712267565,1.4770682364980547,1.2428816303734054,0.9782802708989915,1.5453776237147956,1.2541841214221137,1.1199335094102403,1.139373585777029,1.375355713770948,1.2189519934145003,1.5808052719187575,1.5408191214954665,1.2206356178066717,1.7667567951653391,1.4011681891522412,1.0592233650002374,1.2994664906105338,2.4230559031113783,2.0327674917775997,1.2229444340915274,1.0479842772550358,1.0387361878670187,1.1364204569830556,1.120745668475939,1.1138552163512365,0.9786779179384051,0.9529294705494002,1.1939910454726665,1.438534104953641,1.0802550243581388,1.0036275414171723,1.0248863441959073,1.1226990362961637,1.3593960470966446,1.8399869582160224,1.2090111833815032,1.4629490656960598,0.9845054204662422,1.1859832654777946,1.5967128048343022,1.0201748578886536,1.401901504852617,1.3454673597292488,1.1293877157687924,1.9462176526229022,1.11153733231428,1.6381495501458851,1.4568847923729442,1.3837989248860207,1.4789128566123904,0.916586689373807,1.263947173634377,1.001490416085261,1.2558064739517958,1.3017602114928883,1.3856417027280399,1.0456842395937387,1.2269116491649372,1.7226521995335613,1.1658722531598542,1.0076601288050366,1.1519032423963724,1.02391925300602,1.4282685836679898,1.2115169364256535,1.5203324300431151,1.63419340059247,2.5713504458008725,1.4372957987338275,1.076790133581476,0.9578118287973428,1.0946481375480903,1.37744189527289,1.466068919578709,1.1051829550414842,0.974219575659034,1.2510683767935524,1.098741510144146,1.2734684306252375,1.068243501659816,1.1851093137721436,0.839837152648599,1.2028060517374717,1.436580266263486,1.4486190089278315,1.1551841365350737,1.316039920862027,1.2822774167077746,1.216367971721819,1.2018314426964791,1.2867048114204098,1.092153314746059,1.0286573908769894,1.0649507275822645,1.3272003797728749,1.375167347413742,1.1236337011390285,1.4865902914053148,1.3990846396002377,1.3231827498188837,1.0803313396448195,0.9383309795675878,1.5232949297041691,1.3432016701550027,1.1973690185235464,1.237023347085576,1.2204747161979381,0.8649047750302439,1.346710832734891,1.365472628466112,1.213777120658039,1.1334887595655223,1.0005574452754813,1.2241475290714308,1.2260762692136011,1.2195711252983055,1.0099199566575927,1.2869467500111984,1.1498667494763386,1.2735324751981212,1.3389562046918888,1.193176667260559,1.13316147445883,1.279500018732201,1.3063701341904288,1.6550741967437372,1.220131881747219,3.2408810550314584,0.8018045699374742,1.0728112562249366,2.535504345145484,1.3963069036488838,2.4950352916568557,1.313869947244381,1.1650457391242837,1.4923712813556471,1.0767350587723135,1.33184980908914,1.62381590286243,2.006643463469824,1.4086060680887393,1.5183141562206828,1.3490507663041869,1.762684080601537,1.1776368610878476,0.9936659213928805,1.394360361765747,0.8119747903500304,1.3448919876279994,1.0061985339638944,1.0895373750073611,1.9378972882992453,1.2671396437278046,2.8558884095047525,1.0811244271363865,1.57092084471142,0.9778614815438282,1.113084222044896,1.0611683448299716,1.380594243841661,1.6631008406252397,1.1600620286529084,1.1937357900207064,1.2026241290454671,1.0744197237607769,1.3397630891130896,2.8618950640741954,1.7176530267322034,2.1458581206793705,2.2058874169756777,0.8055212672343175,1.985082485267012,1.7251884761649356,1.5392049396332377,1.3270807658673291,1.5575069223892801,1.5580882585004097,1.584175804775628,1.394309608054183,2.238051546619892,1.3889839978036345,1.9102499138519002,1.5240312035908663,1.5901667709310698,2.03176432092943,2.900466709430869,1.4414287756337654,1.611805114157968,2.6064136484958107,1.8619390128652697,1.232136574269973,1.2739755756265758
1.0,1.0,1.0,1.0,1.0,1.0,1.0,1.0,1.0,1.0,1.0,1.1661410153563612,1.0316856545156707,1.1610614801119243,1.2223837057594313,1.1342947401951577,1.2540951356340295,1.5435951328369608,1.2441299225246092,1.2153502630701358,1.1533668163640467,1.8425442380789525,0.9567365923832304,1.0021274160702536,0.9781329332159366,1.157296556921269,1.4193437515188871,2.028599064271451,1.2393703923317414,0.8652623941165597,1.128194406522961,1.0096383154030906,1.0642869261132655,1.0257023090357744,1.209730946182559,0.9950676809516785,1.0648722327927371,1.1459531321335827,1.0851087480859238,1.062538001836543,1.0970866124290772,1.3820248799114907,0.9934725976571122,0.7796896764366692,1.0046409584652398,1.031891935191445,0.9465253284440485,1.0224334682449776,1.1519345095996516,1.1073970187645856,1.0032899628662983,1.1053582593017355,0.9584376632585798,0.6330973611429888,0.5038280270187594,0.9487924610706471,2.7735048273632366,1.0802497746601114,0.8773514614620097,1.0159025965591642,1.3514580274649188,1.5005428328804,1.0860863518933308,1.1672745005643252,1.2159892143962168,1.2580204019570846,1.5567713838325918,0.9605977406461,1.3021480886413341,1.1218891122349022,2.21440116926911,1.167001919012272,1.128378548131645,1.3777301517121598,1.0805461496197308,1.4251195406105726,1.718323303187626,0.9785052459316556,1.04684830260132,1.1447091896096122,1.0697715169920208,0.9877031169937328,1.2007480197561482,1.074805352363763,1.2980421085615224,1.1768379933986024,1.2294239535601599,1.176125620337579,2.1282614982569936,1.6152966983768993,1.069721798282734,1.3262578682492234,1.4434487374296339,1.0958043279906582,1.1379529486382762,1.1069199861896033,1.4131770132491717,1.2556222774996222,1.3338660944237404,1.1692750913121706,1.2520986303678299,0.9215851609587518,1.2884098393059058,0.9632648976858618,0.9912387248229795,1.119257062767113,1.3714640217275105,1.2267894570706308,1.0899673927951676,0.926142547910858,1.257039369457674,1.0598408387101816,1.4801423262135875,1.4134124960058445,1.066434638243882,1.2141570483093864,1.0449928115065898,1.6840429256995864,1.4272458613441052,0.8162529553672278,1.5794104116727774,1.0276600369179878,1.423165838701526,0.9133176391998272,1.0885625438512985,1.2329269470400304,1.060528398525626,1.0267118296796678,1.1666904753799063,0.9171792637716034,0.9200807762153771,0.7718373342752343,1.3063959948744177,1.0205661907049328,0.8669442640718902,1.0740297499129317,1.2135156121271664,1.2202669645883792,1.0045144791798006,0.9914425215526332,1.1718011787023856,1.0238156035549464,1.0139349849991421,1.3408211250747004,1.4463592349793917,1.691693398864882,1.9010556124828377,1.20270180727457,1.1232328136174612,1.1562255961368864,1.0477546649502425,0.9472510692480828,1.071197928654089,0.9137686527459674,1.4358593379499842,1.0287586203317178,1.3170662260911232,2.0944852330329384,0.8488400525014994,1.029402642686927,0.9879083117247224,1.182511694304468,1.5489909353250872,1.0240898134714982,0.9746779642640303,1.3112147389847761,1.220868751080433,1.1019070015591166,1.0877073702736197,1.179945281843049,0.9598130644382854,1.1371989515895164,1.7426342441019478,1.7955086271243623,1.1949803432889143,1.1833235487073854,0.9032384772146785,1.266800440267384,1.4751530812596925,1.0065134747930604,1.0387802616586,0.896741368876905,1.8961637807513543,0.9415711489953829,1.3887673430111513,1.5183450810301258,0.8931286347602062,0.9921806112998299,1.317685505374532,1.1134441793826297,1.3082381995730539,0.9285785968657034,0.8609747517088919,1.1652933756713644,0.9994324624811404,0.9555743013732794,1.2154655196724773,1.4335033314891175,1.256741027570707,0.9297305471214543,1.1455926811571702,2.0570093216009564,1.208541539534371,1.0427199052090288,1.1368758087182034,1.173424247182849,2.1761992557655825,1.4478652299263102,0.973935784135765,1.0891079416627607,1.2024705327297922,1.5702140613554345,1.3586282574942246,1.3014752984455769,1.1575229192219383,1.0374503591487105,0.5920486995441352,1.1296638071511451,1.0836349702936983,1.0574394933292905,1.1798669324297482,0.9353488415252631,1.0908512805857304,1.4820147932012393,1.387184927302223,1.286409006327287,0.9178492091458024,1.8092645928154636,1.2786410845221723,1.3586825787237027,4.325059249217025,1.7561850928046658,1.1483946004252528,1.528353233591858,2.030228802252581,0.9473149945201588,0.9279490771700787,1.2591146143129142,1.2379086784092914,1.133402207635334,0.9524485212410922,1.1072696420781856,0.9054592180963865,1.1285983717199946,1.2537638531650663,0.9831502165732378,0.9744972755675697,1.2359683757854514,0.7989499724052505,1.1255165632877744,1.199421027974532,1.0010275404658822,1.035677012015446,0.9987850883694225,1.0125355317325164,0.998306200952753,1.2139261997915312,1.3259118407424104,1.075685808546396,1.393896459179293,1.895832874226917,1.349869654976517,1.1344302366231436,0.8935995547317066,1.4129352640673094,1.1454208001343875,1.0211496494032875,1.0404076273466472,1.2586780430783864,1.1130919215236539,1.4427458036067806,1.4087993172199897,1.1146426631877246,1.6139948123521546,1.2797517638194857,0.9668294433137057,1.1878926277661774,2.2222085178656874,1.8583741470413537,1.116744088876918,0.9573454785442184,0.94993665824646,1.0379873391342067,1.0233239406429795,1.0168810549434277,0.8940846352823137,0.8699366061733078,1.0907666218510101,1.3157334673846641,0.9864016797684034,0.9172601300025769,0.9352434267568006,1.0240084237099691,1.2411540614296848,1.6796804837819317,1.1056160798172603,1.3371194214354993,0.8988745596862069,1.082143356981451,1.462524037574105,0.9308786192731882,1.2815285734203115,1.2279135839556803,1.0315388945831363,1.7777829755901888,1.0150088452406423,1.4947452728041632,1.3304460058469496,1.264337140626332,1.3549412434674042,0.8370787194926382,1.1538844315766377,0.9137489638919389,1.1468206965061696,1.1892444651276701,1.2654964726763462,0.954811738341343,1.1206532975113181,1.5752265697416257,1.0636694308653727,0.9198064287041032,1.0532076413942484,0.9353969543097325,1.30462933851076,1.1072604813852607,1.3883863852129958,1.4926459167899835,2.348762175672996,1.3123360321660495,0.9832363689373826,0.8749437681690442,0.9994259771552625,1.257497586922917,1.3398350524915497,1.0094315913197245,0.8900144603005309,1.1417614792125128,1.0044753552977281,1.1640860793793841,0.9750507684937828,1.083766521136222,0.7672041220778076,1.0974725540013783,1.3109921305613486,1.322444551167829,1.0544370982324445,1.201703880160947,1.1728449090571837,1.1099562587260456,1.0972716454651543,1.1735293498877637,0.997340134836256,0.9380740837742456,0.9693577105363851,1.211060713214784,1.2553384696831462,1.0262135858489492,1.3590974956893835,1.2778082441712746,1.208492610964647,0.9868916823562031,0.8573685323517765,1.3912895308766622,1.22858167741955,1.0938480655843872,1.1309389724791556,1.11452949074625,0.7898208616142804,1.2300806261196997,1.2554743035411167,1.109977878928302,1.035465377642991,0.9128217053279445,1.1188890846778037,1.1206119340910403,1.1137750324225035,0.923433305978264,1.174600754531675,1.0510608548452027,1.1647471195268575,1.223622388172825,1.0899554579993542,1.0351545568625227,1.168625995435289,1.1941428817292592,1.5115707441961064,1.1134786327133626,2.9622383685902127,0.7323827394325824,0.9815242629868179,2.320226662324222,1.275464732507734,2.2782636733654185,1.199630161210671,1.063361961289213,1.364269743384659,0.9831692895001599,1.2153155544157594,1.4876792335511235,1.8433902558143171,1.2884526213163994,1.383513592047839,1.2312941669455864,1.6162752093758233,1.0757769012322622,0.9092397570390391,1.2722067493496292,0.7425156894434253,1.2320298750408343,0.9204775588209427,0.9963426960494602,1.774192879694925,1.157907808732146,2.6168872989264953,0.9866017048234923,1.4342532058835227,0.8926303522874498,1.0158710893260252,0.96852140607692,1.2608098995233972,1.5195300977287873,1.060050945382379,1.0909080645055549,1.0982361547654569,0.9830663341427593,1.2242000686978187,2.611001173857873,1.567948229360706,1.9550569787280412,2.0090721503178317,0.7361625170755244,1.8207307773272903,1.5783422836851153,1.406511631255302,1.211457862119527,1.42264683586732,1.4217587506784315,1.4459953963054222,1.2720454306092255,2.04724297968929,1.2691942666058171,1.7477211787402231,1.3926523200233658,1.4529431548339713,1.8545983298079345,2.6564117543200836,1.319459358630712,1.4717104237686445,2.3786039185740115,1.70127734665593,1.1281151330926549,1.162898907902961
1.0,1.0,1.0,1.0,1.0,1.0,1.0,1.0,1.0,1.0,1.0,1.0,0.8840468771461228,0.9949950949137141,1.0475510481112926,0.9719986574434354,1.0744903147871119,1.323796769061743,1.0673834242870177,1.0420425311803503,0.9881328624936023,1.579498464144351,0.8198005454559465,0.8591429241279898,0.8384462773941157,0.992120320765551,1.2165358552005718,1.7390795818926654,1.06203621079315,0.7415565476460961,0.9666798134872046,0.8649346664036014,0.9121915329708052,0.8790800940284266,1.0368406337947154,0.8526409345071584,0.9125276231004785,0.9820273664025955,0.9300929321172546,0.9106185817679373,0.9398698080102852,1.1849401852481698,0.8510764771627107,0.6683987753134976,0.8608096103825222,0.8841936004272061,0.8110104262309629,0.8762476826540969,0.987019009326153,0.949088369909156,0.8596667464739263,0.9473147352245334,0.8209877031274817,0.5423799088990556,0.4317100051207229,0.8130448434776005,2.3834961578277745,0.9260387704407281,0.7521166307114665,0.8705169218145168,1.1585176624767768,1.286238712570545,0.9309892351272566,1.0002523870557782,1.0424446585186962,1.0783048473121717,1.334587329426216,0.8228667476439858,1.1160989403654518,0.9614925381243727,1.8987660327827904,1.0001894902320498,0.9667936776400524,1.1808017642807875,0.9261834641329427,1.2218114351912206,1.4728873283666557,0.8385596233953805,0.8973006304185888,0.9810566478145006,0.9169112315027402,0.846507024827059,1.0286448256746712,0.9212561444274284,1.1128633960579426,1.009053693148155,1.0539978438113538,1.0070758959953663,1.8251505963061934,1.3848269449303867,0.9164556474338178,1.136436536254139,1.2373471369452025,0.9389642773977409,0.974983391455096,0.9489224532155974,1.2116136582441552,1.076114919320595,1.1428569383736173,1.00231848371179,1.0732423713088444,0.7896356679954072,1.1046242293018764,0.8254767350444866,0.8493754871652571,0.9593820824724111,1.175627438975682,1.0516446023606922,0.9347640093902583,0.7941909482042104,1.0773057044218635,0.9085033385019208,1.2690205904557073,1.2123931276129039,0.9140866186473395,1.0407476951946477,0.8958389844108388,1.4438596846021674,1.2236076216065348,0.6995418624066313,1.3529328028132024,0.8810602080197352,1.2190079959244986,0.782890465764564,0.932448215204063,1.0570161015650954,0.9089511034826239,0.880011992994332,1.0001526501238445,0.786049884001359,0.788250474446464,0.6612094403540671,1.1203559779571868,0.8744931217091967,0.7429215745019375,0.9203315232233262,1.0405609891540126,1.0458591535161577,0.8610540588984427,0.8493692271396718,1.0045933764481005,0.8772156069475205,0.8689295193084252,1.1486349263748905,1.2396438185264176,1.449545266920729,1.6286266493945316,1.031183321397021,0.9623655454430675,0.9903959437111949,0.8986942646597229,0.8115331711412512,0.9181177982319667,0.7828771285633637,1.2305956717324198,0.8817431543081751,1.1291093888529131,1.7968887131977223,0.7275277820538408,0.8826973576702366,0.8464865606777052,1.013651464023731,1.3277813048500342,0.877513542176338,0.8362003989108048,1.1234116749931409,1.0463219358000009,0.9443290947012175,0.932208120511693,1.0114252998579394,0.822672533873894,0.9750027621464923,1.494143233254852,1.5398225269746617,1.023770618739584,1.014126754406871,0.7740978041793318,1.0862586809453134,1.263710355993756,0.8626543042349915,0.8905696024014906,0.7684360172207076,1.6258399630066238,0.8074368714394666,1.1899770178734124,1.3010675885685998,0.7655291325372342,0.8508499049504583,1.1296539667881864,0.9541323731510345,1.1208650978706367,0.7958201754155667,0.7377898063449642,0.9985834317148568,0.8565741072977753,0.819782544652665,1.0412571891536573,1.2290347544322056,1.0776201667189063,0.7961759494868654,0.9817832081372008,1.7621636976601764,1.0360657313193746,0.8932669276616148,0.9745993138456072,1.0060239474457027,1.8653899549672763,1.2407172162637863,0.8339430418532936,0.9334891565311886,1.0305486609693164,1.3459636644347657,1.165416872840777,1.116229022747676,0.9924571926252571,0.889445169204133,0.5077369691477545,0.9684593408657209,0.9284228999322193,0.9061950655278552,1.0116722948612735,0.8016862689849844,0.9344427145643095,1.270150581192274,1.189432000786461,1.1027474389689773,0.7865416376386217,1.5511008987858936,1.0965943693904159,1.1649114353889618,3.6979380990395008,1.5062886972647778,0.9836691857402621,1.3087831125750506,1.7407317917619105,0.8118503565896226,0.7954320250842832,1.0788501014361112,1.0608065892382186,0.9714691786846011,0.8164201271605371,0.9487919515400935,0.7761098684031651,0.9668587461655953,1.0744374042135503,0.84234924752411,0.8350395541618607,1.0591192768118198,0.6842372931017144,0.9644128942457686,1.0280544079049443,0.8573203749501408,0.887227080888477,0.8556496863286741,0.8676475610221346,0.8558819537051474,1.04050413774898,1.1365936372264693,0.921612405843852,1.1941651654229,1.6244964790152812,1.157115784811039,0.9723519945012669,0.7656183050372021,1.210565204908085,0.9819687350679593,0.8756641064286196,0.8914136171125471,1.0788791944834433,0.9543930035229037,1.2373677150560851,1.2073274430114855,0.9563960839749421,1.3827814835445804,1.0959329666058846,0.8285578693109008,1.0182436482399337,1.9038316071665577,1.5931601447607286,0.9573491479762235,0.8203157675006255,0.8136763080026632,0.8891764513749268,0.8765064868701768,0.8713896650120561,0.7661238426964894,0.7456421258058702,0.9353383296052009,1.1278226147825356,0.8454299809897649,0.7858635467319682,0.8017343378393418,0.8775652307738717,1.0640278098383729,1.4402941697328095,0.9468193485965499,1.1464038180944645,0.7700638696002063,0.9280603578246036,1.252004260808938,0.7971844284018468,1.0981237176208145,1.0524042168512873,0.8835166953515001,1.5244803596023186,0.8694623973402905,1.280398549772945,1.1406419698695336,1.0835048490340484,1.1611393687849016,0.7172080019399436,0.9889198308865557,0.7831127244844348,0.9824084119753052,1.0193861227761984,1.0848653624311433,0.8181594065966209,0.9598584313977327,1.3503069636010188,0.9117112716446877,0.7877180539794726,0.9017451396951701,0.8012315703711,1.1179936014822764,0.9491328380545516,1.190574970791631,1.2789124638564124,2.0126754789408485,1.1236426107483863,0.8424017112021505,0.7498822221616289,0.8564693595907309,1.0781997524516451,1.1485387763192638,0.8650620393611341,0.7626705925039574,0.9789596628739018,0.8605071293587583,0.9973945596207112,0.8360761933360088,0.9288374032534294,0.656832638384289,0.9409699769792026,1.1229441977644834,1.1333508034217061,0.9039938824291205,1.0294926959412205,1.0051024311018253,0.9512290264142411,0.9406125617379745,1.0056993474475437,0.8547600666966668,0.8041765034909645,0.8317242510257786,1.0379479897236275,1.0748233773575477,0.8794111465697061,1.1647100999850324,1.0966810810814176,1.0360349586338027,0.8455342349846456,0.7347435521539248,1.1919611893055402,1.052491847098206,0.9378379143152912,0.9683813425632882,0.9550466899173099,0.6765658800047951,1.053892554127429,1.0728431455374077,0.9506983497013197,0.8870307297653355,0.7818170517397206,0.9584980868577601,0.9598864051325539,0.9541308296588746,0.7913742517525757,1.0069158124261204,0.9004743325701803,0.9974798890339469,1.0469290913436229,0.9332537964529418,0.8860115774926569,1.0015655953007796,1.0229509715700853,1.2958419636556704,0.9538725540961164,2.5341255542338996,0.6274872892052015,0.8405954520811526,1.9897664233296755,1.0928689024516314,1.9541236607141936,1.0285259611132602,0.9115634170586697,1.1688470282479302,0.8425963249426729,1.0419964243642394,1.2744209219791924,1.5809793907128786,1.1044438420096372,1.1860376412837983,1.0551784379565183,1.383328789574179,0.9221989671166619,0.7789846476507454,1.0896095828531247,0.6355722179307318,1.0550888377848489,0.7881363489812327,0.8534604640788511,1.5196843913788425,0.9915723834881858,2.2414784019798084,0.845704621719513,1.2287252107938231,0.7647930347634913,0.8695645670147224,0.8301157544779543,1.0806769831727998,1.3023149409624117,0.9086877222192176,0.9347968193492661,0.9418656749427547,0.8422633452560531,1.049211461098552,2.239778557766081,1.3442822374133137,1.6802474864457935,1.7209850006746943,0.6305788418723488,1.558927393367202,1.3525521419952755,1.2055191561665686,1.0384166214919806,1.2195074377604902,1.2183670793196169,1.2392231999173466,1.09029908217518,1.753107653484596,1.0871482842748903,1.4950171155015244,1.1946089526095154,1.245302598526672,1.5897301377973019,2.273313295466716,1.1302435036631409,1.2614256353426598,2.0407533770039965,1.4586415632919578,0.9661179972639364,0.9963448176056969
1.0,1.0,1.0,1.0,1.0,1.0,1.0,1.0,1.0,1.0,1.0,1.0,1.0,1.1252784046463584,1.1842347990857713,1.0980557519506795,1.2148187429997759,1.4957251428304774,1.204883068909089,1.1768094090110532,1.1162222088011966,1.7864122488807337,0.926063665827576,0.9707055838179747,0.9475691641193655,1.1215392783043252,1.375620151953057,1.9620769501726913,1.2003751266297014,0.8384390866732562,1.0916638908429843,0.9776080168052038,1.0307804463008297,0.992879124210064,1.1707045289262925,0.9638934237223309,1.0311218018319832,1.1105442728934978,1.0520646172526704,1.0291214154274133,1.0627972493540567,1.3372587725649665,0.9625953874250716,0.7547876391867083,0.9729350035962449,0.9996758741001799,0.9172769538975839,0.9899345951193592,1.1157657744508964,1.0734299377692589,0.9720408574946758,1.0705277876954147,0.9286136788677511,0.6131856883623713,0.4880964109048512,0.9181491928525126,2.688545769613544,1.0464363948308055,0.8497749992426635,0.9836877059959466,1.3096446736996954,1.4554530637311274,1.052026554684533,1.1299411548968328,1.178557940329679,1.2176848491615764,1.5087497985926128,0.9301683693792979,1.2608079507720422,1.0843609280656021,2.1438953852584612,1.1301809116904846,1.0934703698098422,1.3348889607924224,1.0477071288459607,1.3799454142961374,1.6632770720150278,0.9476580650286681,1.0142050691514914,1.1087786214815372,1.0360197123631507,0.9576193632654557,1.1627304265643348,1.0415387135789729,1.25830558082067,1.1402651951141598,1.1900562885197303,1.1389191816532045,2.058952377504465,1.56137940154282,1.0364429048984698,1.284323879450688,1.3978863026790536,1.0611311848800415,1.1014159922169655,1.0725419650228043,1.3670422010030687,1.2160966387513104,1.2914898843704896,1.1323846933637962,1.2126509672459027,0.8926755076151367,1.2479725652051494,0.9330491213578265,0.9604478643442212,1.0838271410694182,1.328268152589671,1.1883298809431548,1.055153540226887,0.8965958790688013,1.215999078802034,1.027108658679695,1.4338980278944224,1.3719446329882394,1.032502497966278,1.1750968537001119,1.0122405185324876,1.630327449543287,1.3830561799643877,0.79110012716126,1.5283164787267194,0.9948207297573499,1.3793711815832759,0.8847058396534695,1.054255473406089,1.1941611124755447,1.0276580051509683,0.9947935066582214,1.1305012816298068,0.8887244623260949,0.8917327343960479,0.747482686829396,1.2664122001856137,0.9878809443352425,0.8404526535503265,1.0405309591488767,1.1753630492621316,1.1822657905830585,0.9736934332848028,0.9606876216585256,1.1349094698232864,0.9915519892350727,0.9821140621004344,1.2984121613799886,1.3997458797439464,1.6389637829468742,1.838727505818015,1.1648897953430426,1.0872176669257192,1.1189945252159763,1.0142141774225135,0.9169959106753683,1.038045778086088,0.8851459742303973,1.3901603820750827,0.9963590471872159,1.2752097978047443,2.031095908592678,0.822078120068245,0.9972618950683563,0.9567950295760113,1.1451109188943949,1.4999231655922192,0.9921103447571366,0.943336079882994,1.2673636173054805,1.1831792212605508,1.0667716016685738,1.0534604761419213,1.1429397978713962,0.9298780278489852,1.1012764418182126,1.6876817568056768,1.7361445812907692,1.1574932044709727,1.144484879274672,0.8752231176810322,1.2274257608902417,1.4283379415046955,0.974772698054093,1.0061869802696168,0.868587762367193,1.835607326088957,0.9123616043599609,1.3455501795470344,1.4698821299869629,0.8651295082097696,0.9607829834534223,1.2767107859787337,1.0793254689162364,1.2668132412233222,0.898633264983216,0.8341539998645835,1.1277055621342198,0.9673331593855281,0.925764796735361,1.177186012720155,1.3899699229790712,1.2176182110819478,0.9003774279357304,1.109793470110081,1.9906485541262293,1.1707412817940934,1.009106273154811,1.1012811254932866,1.136679858081501,2.109184159964594,1.3986394053609468,0.9419639030156686,1.0553451462162575,1.1646453513322896,1.522643962272207,1.3161248494801743,1.2610866814622321,1.1219353166527326,1.004104561822234,0.5733472810044871,1.0937253693440658,1.04992893718929,1.0236397395062578,1.1421613534937527,0.9059618467422624,1.0553268033444396,1.434938874911698,1.3446116792720424,1.2463048661563263,0.8884732338432474,1.7528079342926999,1.2379331811413994,1.3155669248698394,4.172313403546708,1.7070875535683756,1.1126769338475104,1.4816590659877398,1.9634199663864402,0.9178128088074279,0.899551273298445,1.2199934633908918,1.1994828845673369,1.0979878163159507,0.9224222096529122,1.0721183635658234,0.8773495423086659,1.0922096446005922,1.21416162130578,0.9522363301317229,0.9441975992964452,1.1960161793686321,0.7737342976722235,1.0898241511518467,1.1609133350426475,0.9699224527180031,1.003118443723746,0.9679246307756584,0.9808240704554196,0.9674758413001239,1.1757467844926963,1.28393864500987,1.0423479082573313,1.3502448012833788,1.8335123238845186,1.3069196439469992,1.0994120740598623,0.8655420482839037,1.3675015950530978,1.1094975644749345,0.989811355412332,1.0079419182140548,1.2175803459910992,1.0785355017686178,1.398107158432643,1.3634569548088828,1.0797141608509049,1.5631776909429704,1.2395008884365346,0.9369154944215001,1.1500267098095953,2.146077738430469,1.7985833603932035,1.081964008044514,0.9273501742535313,0.919240014593863,1.0056265105726312,0.9913359698864749,0.9853290118019493,0.8658933482992033,0.8427921676849892,1.056327385480798,1.2730607163462175,0.9558040560720854,0.8881650362672351,0.9063292815157507,0.9930068941947514,1.2026087443802822,1.6280163883971064,1.0702225040842999,1.2948389990308509,0.8709143752310735,1.0488691107412618,1.4131356854339427,0.902446515553345,1.2406689009505258,1.1900998020051594,0.999199658647934,1.722462879872757,0.9834954170319816,1.4491419022352439,1.288876671861013,1.2243182419790695,1.3089383725669286,0.8108321895685473,1.1180364905759819,0.8857762151859585,1.1108491312775532,1.151596421366078,1.225702619353555,0.925046371487819,1.085787117247581,1.5248481385583104,1.0310970407789641,0.8910795608271851,1.0190458822492636,0.9061050048531023,1.2636968264666573,1.071963709361688,1.3447980771663741,1.4459996542829792,2.274619574336722,1.2715559250506923,0.9526109186082303,0.8472632790753426,0.9683073804632659,1.2185319342340093,1.2972751519243895,0.9776058262318148,0.8619987765693515,1.1069437410303569,0.9720884464765596,1.1266535708406384,0.9448619567529692,1.048760176210158,0.743183506471352,1.064591391819281,1.2707584287496743,1.2816573090754921,1.0218868794340452,1.164259595892125,1.1343532646425056,1.0759108835297166,1.0631919535679026,1.1378607369735327,0.9662360818570592,0.9098484417266738,0.9413888296892527,1.1744004664557863,1.2166620269451573,0.9939006298460602,1.315663226714305,1.2379961173581342,1.170539278247251,0.9557386044747568,0.8300476685588942,1.348053353376191,1.1887378475719643,1.0591595855204332,1.094577723683438,1.0799068187324803,0.7653045223673359,1.191580964768578,1.2101430873391978,1.0739052718971434,1.0029289439673228,0.8851419045431344,1.0831695070071734,1.0848817896804572,1.0788931404278683,0.8939074926836306,1.138562701242319,1.0170176181393071,1.1269443131380408,1.1845633019442623,1.0551533152771408,1.002436951444711,1.1320943033252282,1.1557973130033998,1.464485776536902,1.079208226632682,2.871041210742329,0.7093813063473289,0.9496716713758595,2.242893679468421,1.2356302958177243,2.2071495605308162,1.1619743731541736,1.0302321197185051,1.3207823071120859,0.9526150292920055,1.1777179976314698,1.4375067122455891,1.7766236741306134,1.2463235081771682,1.3427233849186675,1.1936108710851747,1.5600376038857289,1.0417858879230932,0.8793397337703182,1.2336329585729784,0.7185123632635002,1.19050058658681,0.8903694308439758,0.9640360789712721,1.7153560777855819,1.1213712570511778,2.5288997106669444,0.9562568987056863,1.3901174444861963,0.8650655032072355,0.984823937409584,0.9387304589395156,1.2213743274607431,1.4714840712445874,1.0259789227884175,1.0563021353726894,1.0635583337230075,0.9506223311515934,1.185276339643289,2.53158329082165,1.5193009422506512,1.89675115773893,1.9528796012443306,0.7126754533529689,1.757827455739061,1.5273382348700242,1.3617519424975297,1.1742177870186834,1.3781483783878858,1.3783091586169922,1.4012826513277425,1.2335185240945887,1.9807720020363626,1.2288222424533601,1.6910446509570058,1.3486164090463286,1.4069124406649054,1.7970382781498602,2.567657939239057,1.2751528277983883,1.4258631874022636,2.303497866206156,1.6469990961464858,1.0904442663093237,1.1269663162740964
1.0,1.0,1.0,1.0,1.0,1.0,1.0,1.0,1.0,1.0,1.0,1.0,1.0,1.0,1.0522601818605113,0.9755275532300413,1.0794444100572895,1.3276425339772873,1.0702395424235978,1.045274329558113,0.9929410035312184,1.5842365575478663,0.8224520328867606,0.862132864813116,0.8410673381799106,0.996484857774038,1.2220194728299272,1.7431927446378657,1.0663988791176782,0.7448088952142182,0.9699829081639139,0.8687361663866067,0.9159702196576065,0.8821722413631108,1.0399704254202786,0.8562447372832438,0.9159711716256627,0.9861226337005167,0.934224251008779,0.9141701043232753,0.9444646960520273,1.1877830784519907,0.855444383493844,0.670547492765693,0.8644623275410219,0.8881844362115286,0.8149663011711035,0.8797163554532512,0.9907847256854037,0.9535690534925266,0.8637507050490227,0.9505665978049296,0.8251770216991315,0.5447623500058665,0.43360958533155425,0.8157009407283164,2.385921644914802,0.9301592069192266,0.755005202799262,0.87382043070867,1.1628942821195527,1.2936820697767464,0.9338878586625532,1.0033489140418854,1.0467300494053526,1.081919176036179,1.3396563604430383,0.8261333321919495,1.1182470711202401,0.9633757830997376,1.9029017205290242,1.0042467047901054,0.9715906983696627,1.1858569605625517,0.9303038920609541,1.2257647418435402,1.476748909658188,0.8421306760418807,0.9011029880175494,0.9845108654786485,0.9200849790131742,0.8501273970699738,1.0332791545897322,0.9252997620588508,1.1176631474807663,1.0126841725729014,1.0570119456728113,1.0121561364141733,1.8282042091490842,1.3869058649018422,0.9205685460048306,1.140865452141056,1.2425303013751803,0.9430004475497847,0.9783769695805343,0.9529009018207717,1.2142705034530685,1.079783370951445,1.1481835078816027,1.0059723306668231,1.0772414527842236,0.792640098723528,1.1084704514453365,0.8289357603338703,0.8526303062912085,0.9624580665864009,1.1803443398023101,1.055155349538985,0.936477487738543,0.7962258465430665,1.080121996101067,0.9123339475526797,1.2739533643052612,1.216463560551792,0.9172563867186316,1.0434650746476475,0.8991050985257296,1.4480963151597828,1.2278665812302476,0.7025127305013761,1.3573745906006343,0.8839903838933834,1.224981786372192,0.7855941370872686,0.9364789430227414,1.0609862216017092,0.9126236425788545,0.8837140278103467,1.0038781190069526,0.7895068834389705,0.7918897762677319,0.6641834259353867,1.1240580811880705,0.8774243867434495,0.746509445090232,0.9234055344104204,1.044366880416681,1.0509545336110746,0.8645748952643594,0.8532537415277961,1.007643470410177,0.8813280361533549,0.8724612371179754,1.1537075947792357,1.2431031103537222,1.4553775833847538,1.6348646548388195,1.0341914429065002,0.9659643064890026,0.9948852033604572,0.9002574009510065,0.8151414475312528,0.9219104538301989,0.7865124450709973,1.2343329240828986,0.8854370839111416,1.1336483628491694,1.8035854513961884,0.7300333012537541,0.8855658227354329,0.850063065805378,1.0173650689585259,1.3325093406761115,0.8813664433401032,0.8368151856765023,1.1260290278811296,1.0506081094098716,0.947610483427278,0.9359569118530192,1.0145886257416543,0.8260886502139679,0.9782202561878026,1.4994596965047382,1.5417283359717948,1.027860125822408,1.017546873357065,0.7776062908867662,1.0902787517206376,1.2697998195063946,0.8656965711424315,0.8931721045435554,0.7718053932650784,1.6296168130219169,0.8100841104911429,1.1947741059853403,1.3052474326058838,0.7675997367303052,0.8528960701200934,1.1321933890212352,0.9586242905270966,1.1250316413818984,0.7984251696554954,0.7407357152757119,1.0013611586314906,0.8592113593638602,0.8214261216009838,1.0450026550313816,1.2333187504880654,1.0823680908462792,0.800244572033529,0.9858435538346244,1.7677638284735377,1.039665509836353,0.8973425481848717,0.9785535773292586,1.0094550721949729,1.872415221713784,1.245255291559409,0.8374757126293928,0.9376157620997185,1.0337227026933316,1.351952905693432,1.1672205993417826,1.11963409389912,0.9961950944930398,0.8914310463463185,0.5093216165483929,0.970528359391343,0.9328774599172032,0.9091768541518204,1.014758651711471,0.8053159213938813,0.9378009795613557,1.2742363184218912,1.192907548979616,1.1070617024437093,0.7891327281276859,1.5568042231469288,1.0983789229465653,1.1678645701518935,3.733003006383409,1.5143590900483932,0.9884964297732302,1.3184299989409634,1.7432916839153707,0.8154165531963082,0.7986487010421756,1.08273836495929,1.0653319761122004,0.9750630102285769,0.8191215293481346,0.9518328045683668,0.7792429702934237,0.9707287195642973,1.078294694236413,0.8463969512634731,0.8387688070185253,1.0624835176026974,0.6878898582987788,0.9682075150714226,1.0309980597895976,0.8616106420264595,0.8915569616515906,0.8597560522961448,0.8714473152330469,0.8585347919272198,1.0441039744564713,1.1397631115381506,0.9260047490498169,1.198523528935898,1.6279692008284061,1.160821680025542,0.9762998174508055,0.7690754607638741,1.2147491961475407,0.9855691099422037,0.8803769584064582,0.8954609604133643,1.0797349018090265,0.95775316129773,1.2419237333480908,1.2112146501924528,0.95824917809225,1.388100744582925,1.102012909959101,0.8321842711548735,1.0213534551295047,1.907746414392924,1.597618903689678,0.960451117830062,0.8233233598434342,0.8167251348921998,0.892766426273063,0.881165682166154,0.8752983111021315,0.7693299643690762,0.7486049228601475,0.9377707085602152,1.1307123110744102,0.8486864687931438,0.789226676193606,0.8052194317950292,0.8819995948345998,1.0674831376461493,1.4447365599604725,0.9497104471796116,1.149641279154125,0.7733717460311338,0.931226132243697,1.2580499917797134,0.8019718090385809,1.1016001753464209,1.0567258541956315,0.8877756909222452,1.5274781971104558,0.8732942750219572,1.2857945586891133,1.1445635770296463,1.0873478353948276,1.1638555112861662,0.72050632316354,0.9930544670843557,0.7868512940340893,0.987563211144536,1.0229708661778505,1.088987235736778,0.8215646016042483,0.9638271029069772,1.3537634870914435,0.9158182085753266,0.7924854176338101,0.9067697121000263,0.804639302859839,1.1220925997892923,0.9521254015714606,1.194803352340426,1.2837556493081512,2.0215469664418526,1.1299505044872475,0.8462584935026018,0.7532286078992987,0.8601291220913967,1.0816371818325496,1.1518469571495804,0.8684643228765792,0.765787019420976,0.982470387895251,0.8642220512000183,1.0009127630724708,0.8388651315320054,0.9320480450137518,0.6601223963823365,0.9433926831210615,1.1294572643286664,1.137370900491649,0.9080026155328119,1.0341064086339067,1.0078322993932538,0.9557463718216781,0.9441989867886753,1.0105963405473288,0.858062242349826,0.8078737908401812,0.8353610542753878,1.0413824710830757,1.081869839871091,0.8832816074053729,1.1684119737837755,1.0982071903320758,1.0397604342202593,0.8494748905537508,0.7378730112335575,1.197056836457842,1.0570259905305592,0.9411357167359962,0.9734766838546272,0.9597141843869322,0.6798000190511175,1.0583477190357324,1.0774577439252733,0.9549616770549727,0.8917887473978774,0.7863925840826982,0.9624713758667341,0.9642860158359821,0.9583782180077948,0.7936531670758673,1.0118135950903655,0.9047545630307882,1.0020950358525542,1.054350693287284,0.9393403171595887,0.8921167911142288,1.0059159104160826,1.0276815910311057,1.2992081388928252,0.9592931421728074,2.546170859146012,0.6304169433477265,0.8441999843008937,1.994114362639706,1.096491283830112,1.9588573219606615,1.0326801264388679,0.9160000102017605,1.1733083380509606,0.846066310820271,1.0467931061209863,1.2780576726537387,1.5823464453830276,1.1080971079655013,1.1924496910923117,1.0604613921714123,1.389836649495944,0.9255533153977319,0.7815793331581693,1.0958002244532001,0.6390686700356802,1.0596873602472174,0.7923773994160671,0.8570857377015453,1.5251267222011406,0.996585975570438,2.248121480321819,0.8492314698873509,1.2343594683409473,0.7683443769977583,0.87479515685609,0.8336721152428681,1.0847177180735397,1.30716238520663,0.9117521264440627,0.9380912536152599,0.9446638925390519,0.8456470282712971,1.0527002878526188,2.249788798960412,1.3500385686551803,1.6811856049446146,1.7316184698785368,0.6334844196100581,1.5635084110951638,1.3561750941527553,1.2097372474840924,1.041865725022922,1.223731499991017,1.2240937016279845,1.2446875051288013,1.0945143630967107,1.7604453013709072,1.0930062260587856,1.5019195744089042,1.1969851452209368,1.249789409783611,1.5965480022211298,2.291009990867627,1.1347900193514917,1.2665896582929266,2.046889809466697,1.4629012566473596,0.9694755200836862,1.0011628669893138
1.0,1.0,1.0,1.0,1.0,1.0,1.0,1.0,1.0,1.0,1.0,1.0,1.0,1.0,1.0,0.9270644913338177,1.0255375562021287,1.2606023958899035,1.0176150757864295,0.9935349058170695,0.9443526819560311,1.5035173475583536,0.7818237260634154,0.8190142714113564,0.7989519680226315,0.94642522344973,1.1608610432108297,1.657842264468212,1.0135870786042613,0.7074907455872215,0.9226846507021447,0.8255924659033683,0.87048732689575,0.8385624167829597,0.9884671945182165,0.8134203045108372,0.870410128812029,0.9367730904173499,0.887117087950765,0.8687546752798663,0.8974796284643977,1.1298509182131267,0.8128429828005526,0.6373993976691771,0.8213796278180654,0.8436615315461794,0.7739699419779404,0.8361971316150131,0.9411039747970711,0.9052725240173415,0.8205792019114961,0.9031012931854249,0.7840338165180982,0.5176478320120186,0.41194872858444165,0.7754482041151549,2.264948864845155,0.8839121676912176,0.7173279428486384,0.8305552333099773,1.1042606034765496,1.2295831447903982,0.8874041728580535,0.9536022778738276,0.9941474834859343,1.0285089410259438,1.2724987775496452,0.785118994161365,1.062375235837779,0.9160997159349372,1.8078786279923906,0.9544900732458738,0.9227203423488932,1.1264046630291227,0.8831623959900603,1.1649747375481865,1.4033518049188145,0.8001998292738721,0.8561429981939257,0.935476198661578,0.8742398808573687,0.807303120180837,0.9820518673375049,0.8792826733031682,1.0614781426450441,0.9618753848508411,1.004560414692449,0.9622722441184655,1.7378726451011788,1.3193290285019126,0.8745439588901737,1.0841545536263466,1.1809839048365318,0.8962876461421142,0.9302030601709916,0.9052086197715203,1.1544605220538062,1.0260524844545624,1.091637764936245,0.9559373412294507,1.0235532128093627,0.7530005675438566,1.0529989918475469,0.7877357714917285,0.8100253519965579,0.9143405073612527,1.1214429780463955,1.0025259750553581,0.8898712729929585,0.756384408951761,1.0269074714102517,0.8665701739161661,1.2103191482216715,1.1538589410389108,0.8716866694134106,0.9918052448936592,0.8543743481059649,1.3757628718980215,1.1656132330178797,0.6673689833923143,1.2905324545731394,0.8405359744533455,1.1633125687707704,0.7464347455337815,0.8898707283548379,1.0080354492762023,0.8668036394687337,0.8395809842399846,0.9534972255682148,0.7498103368114323,0.7519309754333318,0.6313698576867377,1.0674203053652136,0.8341171826380822,0.7091331982983329,0.8770120404213437,0.9923711035639353,0.9986111713238575,0.820906834920939,0.810373895437561,0.9573040152052749,0.8379310718794081,0.8288365379960874,1.0964062750439107,1.1810456955091504,1.3831405654466704,1.554826007619814,0.9823573686593352,0.9182394829744988,0.9456592057867046,0.8552361116665481,0.7749028424572727,0.8757475360098865,0.747435351368356,1.172728459209095,0.8417017682451402,1.0779931437671655,1.713098288356007,0.6936924960501987,0.8410940067589718,0.8075331807404875,0.9669664462329648,1.2661763885681157,0.8373056183302883,0.7949872499819923,1.0715512646409735,0.9978484935189643,0.9007247008667316,0.8894350276975351,0.9638341791446248,0.7849217791935174,0.9296654102223348,1.4250127368966852,1.4667279158917768,0.9769523502737983,0.9681426826497621,0.738734146695966,1.035850245724439,1.2070634658176618,0.8225252551874098,0.8483447933368998,0.7333628229000749,1.5472879662089383,0.7693012122101448,1.13502796993683,1.2403870788425462,0.7294527579076218,0.8103745287649304,1.0749360065815634,0.9105463876892655,1.0693676484839552,0.7591002661130065,0.7034977737354107,0.9515875988302946,0.8166183240849947,0.7799372365300539,0.9928178359607249,1.1706656669372941,1.0287252684549468,0.7605480028089425,0.936664257407875,1.6793884964366461,0.9876552949473472,0.8533876786174899,0.9296779066777154,0.9590090962479825,1.7785193119281075,1.1871820180157315,0.7965865211327433,0.8909265943119915,0.9817711672901972,1.2842059762567632,1.108250464160187,1.0635246847155666,0.9461085435028918,0.8473823560548275,0.4839791286412091,0.9223574424530998,0.8864373138066353,0.8642725744194678,0.9647151791088209,0.7656239045687993,0.8916526934090817,1.210958498075689,1.1325890414722348,1.0516621543014626,0.749969730669038,1.47969060223039,1.04363540981171,1.1096996223047069,3.5723901019125197,1.4364144650337185,0.9394020379447694,1.254181110189,1.6580064974753996,0.7746216556320987,0.7583410130199129,1.0284910863199714,1.011585867194347,0.9266577194904636,0.7783692624545997,0.9045892062018706,0.7401558046266634,0.922581172089485,1.0249178631856843,0.8041759082739903,0.7970960898075549,1.010311937829097,0.6539645095437636,0.9204943839524211,0.979722120661543,0.8186155336392111,0.8475560139768972,0.8166096468855568,0.8280744531319145,0.8155343987772202,0.9918428698653283,1.0832267029029832,0.8797782055779044,1.1383484414943728,1.5479516687937442,1.1032439427215033,0.9271184374930228,0.7309125494923985,1.1547116851247772,0.9364364429419865,0.8364085291689143,0.8507550203769039,1.0258286397861778,0.9103198962890393,1.1795594245674477,1.1512821739241317,0.9098847196872764,1.3185329886665662,1.047693684023736,0.7903056575190446,0.9710366723809137,1.8173550241744625,1.5185159451614787,0.9121987627708288,0.7821526337506723,0.7765534262342284,0.8480628215413033,0.8373517450658199,0.8314992924328533,0.7312237305712151,0.7109946951577121,0.8907951850835746,1.0750900724858363,0.8062298807789353,0.7503462796311126,0.7649656712828699,0.8375471159184411,1.0137955869053068,1.371874980507568,0.9022879804400759,1.0929725610023269,0.7344503303147967,0.8842162026705924,1.1979232780664864,0.7618075415481584,1.0467493737865525,1.0033478281534456,0.8435870266150399,1.4502150196190915,0.8294845281222836,1.2198970667656392,1.0873488206119797,1.0331357278848192,1.1075067109443268,0.6846573747065625,0.943143776498538,0.7473023603066952,0.9388603794055086,0.9718455978482328,1.0346788332507835,0.780414743379378,0.9149588437795431,1.2870732918865762,0.8697543705911303,0.7531954207776153,0.8626100602856157,0.7645079677857778,1.0660038294773702,0.9049405298218738,1.1353466614735641,1.219225092571051,1.9211178427386169,1.073665895504629,0.8040149473210445,0.716166201669904,0.8171403962365128,1.0271157183907327,1.0944908697204834,0.82508680282916,0.7278570485900901,0.9329543904506492,0.8218020835355859,0.95104307213898,0.7965987189166093,0.886315823844228,0.6271767325038874,0.8952495115949431,1.0729955708524939,1.0798807821494334,0.8630926670687902,0.9822887642863305,0.9580904103072375,0.9077665934727832,0.8968865155730854,0.9591736880937486,0.8152037054682619,0.7671894902073726,0.7919688544990447,0.9884511507841854,1.0286654329941312,0.8392954566565759,1.1107256623137434,1.0430685405617652,0.9879070143638855,0.8076500347403169,0.7014417797893886,1.1374361462150369,1.0058004458722885,0.8943767583980085,0.9259750713079291,0.9123057756663655,0.645988860196147,1.0055211295538689,1.0283348184037329,0.9084199979339764,0.8482430151192409,0.747115030015417,0.9149816949920109,0.9168709635674379,0.9105038614349479,0.7545228785330894,0.9620194469983274,0.8605047725475404,0.9531735272423814,1.0032330123091373,0.8933410780933533,0.8487082955204769,0.9562642402999431,0.9771666147156948,1.2340434192859955,0.9117648140645194,2.4181295627371657,0.5992021603697995,0.8035351568392066,1.8964233585245087,1.0413449838470372,1.8598173674577672,0.9811255562876782,0.8705019960592794,1.115551215015158,0.8038262327263115,0.994125628604388,1.2164358001047768,1.5112726602553848,1.053833327159365,1.1320058865793696,1.0081304834972311,1.3248179189019136,0.8794750987040876,0.7433674487695632,1.04110641566866,0.607979629041529,1.0097786321830287,0.7542174246983547,0.8150926293083633,1.4514557429277222,0.9474309608994707,2.1409794473900643,0.8064959473146404,1.1725575235993877,0.7297807598505386,0.8311638456797295,0.7918424591430134,1.0305475628222682,1.2421968678446156,0.8663310190978226,0.8916499671448932,0.897537632659442,0.804818655319881,0.9999931606878125,2.1389087870550565,1.2826122751036724,1.5936699736030475,1.6429005018083944,0.6023443643613571,1.4890254277092674,1.2896192599775982,1.149621015526467,0.9891467612818368,1.1627065114087836,1.1624126989421393,1.1820090424603862,1.0389433379619732,1.6743257330457142,1.039303588401396,1.4266311279917088,1.1374760667253991,1.1878358431272207,1.5169512652777108,2.186615159147508,1.080443224444671,1.2033541310236722,1.9425831402154636,1.3898287254773944,0.9225445392651161,0.9511109861698194
1.0,1.0,1.0,1.0,1.0,1.0,1.0,1.0,1.0,1.0,1.0,1.0,1.0,1.0,1.0,1.0,1.1052393369314526,1.3589662209320732,1.0962938387780556,1.070723102480358,1.0184750616490788,1.6198728527994433,0.8432552631507236,0.8826086666706146,0.8610018180421454,1.0197119694828696,1.2503053125789132,1.7887591535126874,1.0922420088169291,0.7622429971363709,0.9954644414198273,0.8903608601085926,0.9382293767132627,0.904147178674698,1.066152100569882,0.8767605086255492,0.9385587480771125,1.009249648484615,0.9555658483490344,0.936551514786266,0.967432569712074,1.2189491175280178,0.8760349698321435,0.6872722315825296,0.885517774945325,0.9093539848190597,0.8338619202953577,0.9015499927329262,1.0143076771861201,0.9753225414250213,0.884467700907746,0.9737373704397536,0.8450485749755565,0.55805399502099,0.4439896414990473,0.8365474967690547,2.4370962538709473,0.9528077412325707,0.7731590892149816,0.8955245576062254,1.189971635270648,1.3236047061975467,0.9565174184837407,1.0284240893317695,1.0707021237995435,1.1092035581835304,1.3707754627799316,0.8465986069816173,1.1456573087918107,0.9891693165448566,1.9502506897203202,1.028593292013185,0.9942556024029305,1.2137978694789997,0.9512795105809023,1.2555667281719014,1.5136867934359493,0.8624358014555318,0.9223753346581841,1.0079953344652677,0.9425369128696942,0.8695471399691241,1.058857908860014,0.9472143175030393,1.1427437672233411,1.0362428784780522,1.083254051875667,1.0379274466389767,1.8745148468524568,1.4240290555089539,0.9425246341529464,1.1693184326706596,1.2725563023263804,0.9662402935058789,1.0032014740753727,0.9751161530206532,1.2457667821241771,1.1058038300806516,1.1769363534832715,1.0303700610056798,1.1030478156003303,0.8116444618466145,1.1347235747038533,0.848970358074072,0.8729430826533394,0.98584826782816,1.2084039356587137,1.0801549615204946,0.9594279674807888,0.8154559914868498,1.1084387679084435,0.9333157669956612,1.3038350650189225,1.2409449460091946,0.9397744748771665,1.0698215238230577,0.9205229865017668,1.4837124274176736,1.2555280501929351,0.7189281778079967,1.3922967419207888,0.9060883854470505,1.2532383504333278,0.8044519696202287,0.9594605882223985,1.086386322178174,0.9339312018301382,0.9046898118526706,1.0268983879955509,0.8079536391990714,0.8100808387063684,0.6806669316092069,1.1492909013852866,0.8994322663889853,0.7638061919046663,0.9451798985980183,1.06923474471408,1.0764424327740905,0.8842497788172987,0.8735343800836028,1.0316952563784654,0.9035415970389835,0.8934248593107263,1.1818884430072807,1.2739553740434033,1.4912392846595504,1.6780362624921024,1.0586694407412383,0.9904184194010609,1.020215679009154,0.9218957890175372,0.8355968536125524,0.9434785652424847,0.8056203587424944,1.2645811682540833,0.9071716923430029,1.1624204105202605,1.843990474168621,0.7478693760362991,0.9064214422060803,0.8704067016526675,1.0423472973398904,1.3646711148959958,0.9023688066115848,0.8575774917534518,1.1574319265904665,1.0751140863287865,0.9713013685083229,0.9585264094026889,1.0387734671634534,0.845722008973119,1.0018774936291597,1.5353891483305575,1.582365034042205,1.0529568474391329,1.0446025975648126,0.7959029889818308,1.1153816823123837,1.301323743451995,0.8866956638770959,0.9140773949124528,0.7903927927874568,1.6684734477847742,0.8286593970704079,1.2228226831308544,1.3373546005480956,0.7860727978415765,0.8735710241144042,1.1581743543766314,0.980751996918795,1.153028640893274,0.8187216396626966,0.7582211845960319,1.026492135280984,0.8809094677494955,0.8404869880466925,1.07034129929094,1.2608606266870659,1.1079480798385952,0.8198705771574732,1.00930061982005,1.812082773791519,1.0642847551760477,0.920594919881157,1.0016672169544942,1.0331162755028092,1.9155234767902065,1.281635726644193,0.8596368475380756,0.9599441273932998,1.0586718249177816,1.3826458926223286,1.194810535631837,1.1454181311733431,1.0191026515972994,0.9138217715609814,0.5217615077181706,0.9939712043684638,0.9552489663982651,0.9319714901015068,1.0398209335749438,0.8249583793017301,0.9619911902056171,1.3058028344214239,1.220093518205491,1.1329037916209033,0.8088726110389022,1.5941535608935367,1.1252582138310836,1.19587287534051,3.8643103140980397,1.5441724706539586,1.012283098274022,1.350820011900437,1.7891797651249886,0.8346130649987831,0.8170025678719809,1.1084879654758524,1.0900228752755232,0.9988778383069941,0.8389693204006599,0.9755972335496053,0.7974678250617114,0.9950598770614214,1.1045227770339285,0.8672915612825572,0.858978991450559,1.0898251540690926,0.7052281145180324,0.9925617312064381,1.056809999987368,0.8823926767559145,0.9138146339906605,0.8800245639281632,0.8926531633990723,0.87814978030975,1.0686995623215252,1.1677916490668305,0.9482283019016182,1.2268650039920088,1.6706596494739077,1.189657464565033,0.9985986812888055,0.7877926692354739,1.245553561009379,1.0088541359884575,0.9007993839160195,0.9168374262894183,1.1074299583601914,0.9807385156014683,1.2703767355211015,1.241960017032112,0.9808542554251662,1.4209599903511494,1.129506057054646,0.8513615863762387,1.0467629995844006,1.9629209842630568,1.636696900230615,0.9829330010496835,0.8429172697976071,0.8376684711493698,0.9140538453242214,0.902865966210613,0.8959396700206015,0.7883058108301461,0.7663756327945703,0.9600206054244984,1.1595889595859576,0.8684737502841793,0.8088488151958224,0.8243681185059002,0.9018125101107481,1.092136683180966,1.4772219365122163,0.9736695084969088,1.177616089990948,0.791681651176047,0.9525591492728733,1.2936530239835462,0.8208035590456991,1.1291287025765273,1.0807228731458012,0.9095597668526425,1.5618407711967488,0.8938888755887371,1.3147831202288467,1.1714440597010913,1.1135416536403069,1.1962774559023375,0.7380501398917443,1.0161794251588778,0.8048535965064513,1.0119449063712462,1.0478116524537378,1.1149873189300195,0.8411998530559234,0.9863604225941713,1.387330499059031,0.9366592704033398,0.8119127791298262,0.9308747654717885,0.824001141017785,1.1490298042459919,0.9754412333569046,1.223058759981493,1.3141083002213203,2.07036097581787,1.157290310500167,0.866407032919191,0.7719378146584484,0.8805575667199569,1.1062357512160184,1.1802691802375755,0.8894768555751081,0.7845424462010567,1.0046357509782107,0.8864912062840846,1.025903155349351,0.858223996721095,0.9561589140333676,0.6763560024701927,0.9632936361442787,1.1561044255040458,1.1635463799423076,0.9293572305688421,1.058738860838834,1.033871831535742,0.9780319011325587,0.9661592267935735,1.033077725368666,0.878377768180447,0.8258872809325569,0.852031684833588,1.0638986911476875,1.109263798018586,0.9046008386745996,1.197208299160602,1.1228460654507546,1.064415055868928,0.8707142463834674,0.7563318284337959,1.2255835893454607,1.085262726164462,0.964646918838855,0.998831494206081,0.9831467483438179,0.6961942410237919,1.083590855820356,1.1141465079190591,0.980251915231978,0.9141441814990311,0.8051007873914549,0.9867911969323162,0.9888938699442535,0.9814759447006826,0.8135459615315535,1.0355367640816042,0.9284759211999312,1.0289225056438163,1.081768014478464,0.9633275818491361,0.9151771569216498,1.0306431022557998,1.0541392206977016,1.3298631697867789,0.9819291984869364,2.6054255053833355,0.6458225690482969,0.866755973847531,2.0468119763451096,1.1225391365061852,2.003561005139748,1.05722045258975,0.9384075051766804,1.2026638713927218,0.8660481247891347,1.0713281865899307,1.314445581987379,1.6333830533000948,1.1368665937489717,1.2177114469410444,1.085537384086551,1.43203242976494,0.9478913345687197,0.8021939297006403,1.1221890468127336,0.6560906587172919,1.0899186692985035,0.8138962312347068,0.8796045336585167,1.568279071460358,1.021743365614115,2.3123636383414863,0.8685718272911238,1.2636458211252033,0.7863560084928722,0.8962035507008443,0.8528510039143016,1.1106533300152286,1.3391062379535768,0.9345782907603927,0.961095888778057,0.9674436922081936,0.8688649995559212,1.0780804519356177,2.3011295259117097,1.3811603039593376,1.715475982956697,1.766667213779292,0.6495673361373915,1.610460044102267,1.3911554102658497,1.2393338892783365,1.0653729724193672,1.2530044629791444,1.2514344254617555,1.2734099360103404,1.1184979915087925,1.8067925680246113,1.1211438789523585,1.541757736393771,1.2253465008485345,1.2803150155555416,1.6345592103173296,2.3576769112288356,1.1669912830332971,1.2964845119391735,2.0951546098391134,1.4988948227495753,0.9964464896172304,1.024769138899653
1.0,1.0,1.0,1.0,1.0,1.0,1.0,1.0,1.0,1.0,1.0,1.0,1.0,1.0,1.0,1.0,1.0,1.2288817084266488,0.9913001551274854,0.9682062803963374,0.9209996450583615,1.465536061445322,0.7622688222352724,0.7983055987942052,0.7786528465234943,0.9226643848904392,1.1314543843828,1.6158876572951417,0.9879851364641856,0.6897034231786568,0.8996502870129932,0.8052123294765148,0.8486639800925244,0.8175199489920202,0.9637444303346634,0.7931265582084353,0.8486773014989705,0.913085187766383,0.864734378330152,0.8469585804617635,0.875211594176035,1.1013452138249176,0.7926487817350072,0.6213343734873029,0.8009364638629953,0.8226658241506644,0.7546215861806034,0.8152675861872307,0.9174991925019983,0.8827136328728726,0.8001507620319335,0.8805586325086165,0.7645970489803817,0.5047717604701896,0.4016515872590218,0.7561252739091169,2.2040114084774993,0.861882160183371,0.69930997434745,0.8097681462228876,1.0765101886137256,1.198005625959843,0.8648605041520738,0.9296904578903162,0.9688083564476383,1.0026803054813034,1.2401221704969916,0.7656190415805373,1.0354269492494572,0.8933087714452164,1.76266615156371,0.9303465167054058,0.8998127514209334,1.0981702777556164,0.8608796221807253,1.1353231234151886,1.368166818938466,0.7801440389950751,0.8344523474785697,0.9116766393923627,0.852253321974727,0.7869282682332279,0.9576484471546938,0.8570313355082797,1.0342924107330105,0.9373938729643922,0.979243212549929,0.9386614998133953,1.6938876607011104,1.2862890137780187,0.8527557524420069,1.0572632265957425,1.1510818607497502,0.873879186455615,0.906949133193174,0.8822361824437717,1.125560091817466,1.0000871846928385,1.0644931970213276,0.9318054583171795,0.9976663302684339,0.734110697016418,1.0263077912572667,0.7679447145539664,0.7896428233830317,0.8914648336276197,1.0931504982762648,0.9769609473547631,0.8671643428212608,0.7372365967918668,1.0013529276541746,0.8445762840271896,1.1795133576480703,1.1236112388558361,0.8497889067193045,0.9669301531144563,0.8326344748380428,1.3414716064663539,1.1360549405885665,0.650491024723638,1.258532442680123,0.8192259590042352,1.1342644923949108,0.7275249594512818,0.8678072614618462,0.9826652888618683,0.8449777726619,0.8184491476771671,0.9291776392013507,0.7310356253336348,0.7331311477250393,0.6156027377279415,1.03997981603206,0.8131436391309912,0.6912305734642643,0.8549062879831216,0.9671040538763231,0.9738435901041728,0.8001668448906045,0.7902687855116752,0.9329885808811442,0.8171262074862214,0.808111376239843,1.069034571038559,1.151557599062564,1.3487284677542744,1.5163112793430487,0.9573917852286105,0.8954411786905905,0.9225129380994748,0.833358878639372,0.7556695652273504,0.8536247925230374,0.7287718052035952,1.1432774216762192,0.8205131764128282,1.0509881640030505,1.668678762138084,0.6762947951782136,0.8198434214966647,0.787352377008508,0.9425794127939786,1.2341839776972592,0.81634847838853,0.7747402071732722,1.0449769488419864,0.9726634837513817,0.8781692724693568,0.8669814433565202,0.9393987776205837,0.7651015969996042,0.9059841769962311,1.3886834692028658,1.4292032401669101,0.9522706813635586,0.9438688326358714,0.7201407369242625,1.0091836784762762,1.1770509503550164,0.8018872688496042,0.8267071747282106,0.7150029898767192,1.508533325974092,0.7496374426660303,1.1062991406176468,1.20924350733755,0.7107668854733787,0.7897616013196058,1.0474165601301428,0.8876229336320147,1.0426073820695956,0.7400755560013216,0.6859258119617928,0.9278156948561286,0.7962230516242073,0.7599829122831441,0.967873173692283,1.1409737134922087,1.0024047184010074,0.7417182920071468,0.9130062143231584,1.638267178085239,0.9625966707956645,0.8323006190558888,0.9061511898744672,0.9345187467682631,1.733160642975223,1.1573348172409168,0.7770471355029125,0.868490871815389,0.9572620255994942,1.251374271331076,1.0800869664391504,1.036137880384496,0.9220262018044045,0.8259165414826457,0.47175610364260967,0.8986038973206139,0.8642929905419857,0.8425285772632536,0.9401689091299679,0.7462502747208055,0.8695660349789993,1.180525662123997,1.103717807683041,1.024926281622309,0.7312826658787962,1.441838014447018,1.01704473332875,1.081307183932783,3.488418495937938,1.3991022650435905,0.9159297653696872,1.2230144705811896,1.616247223205078,0.7551429148003168,0.7392296800888465,1.0025376346556683,0.9862600368162517,0.903382059027501,0.7586812762814196,0.8819844120734732,0.7215074211781881,0.8997460553488491,0.9989620253544521,0.7844888098965697,0.7770656645343441,0.9850239146945207,0.6378868272210556,0.8974148706523796,0.9551996803592782,0.7983566406494027,0.8265203864513455,0.7962996719897323,0.8074467141866908,0.7944522113586969,0.9666600470190386,1.0557754761522755,0.8579049305877013,1.1097992444078837,1.509138090978884,1.0755259616070183,0.9036537378781837,0.7125928518371459,1.1260361947417943,0.9125698486302964,0.8153477282130961,0.8294766699196906,1.0002085699660235,0.8871075042124619,1.1492924113999263,1.122543943849779,0.8867812394478951,1.285518983774098,1.0218419453995322,0.7704050947753291,0.9463797061752002,1.7720058946113344,1.4798131523355242,0.8890361963570892,0.7624313895437462,0.757245747190135,0.8268226199594444,0.816795117947835,0.8106309594651321,0.7129323331406476,0.6932560831015361,0.8681511151609236,1.0479978063190147,0.7857202387228582,0.7315572130112253,0.7458551443802881,0.8163779670909408,0.988009630550762,1.3366029543790585,0.8801169895268024,1.0647629832867171,0.7163332036469965,0.8617735498251984,1.1687829338248674,0.742874066909859,1.0206259093683223,0.9780092920093926,0.822746944134336,1.41248841879431,0.8087541693236333,1.1897908996623485,1.059604400326048,1.0070839734699535,1.0800539589508453,0.6676280592757229,0.9194256279688136,0.7284528520373414,0.9155323674151357,0.947502977392313,1.008510346989023,0.760952443627172,0.8921565220799448,1.254178082697607,0.8477039564792521,0.7347286976408767,0.8417072795993306,0.7453914440196618,1.0393033754319692,0.8820206639258101,1.1063085629225247,1.1887336354656937,1.8727463448055657,1.0471930050266043,0.7838760750358251,0.6981866837842927,0.7966175331399064,1.0007810876908543,1.0669933771907463,0.8045027000264102,0.7095501610080426,0.908927191466191,0.8014384659366323,0.9275319996859366,0.7764075588046223,0.8642230190802189,0.6118251004390209,0.8717939049074778,1.0464298792573377,1.0526737468074705,0.8409029672296123,0.9578621624129019,0.9343415498825616,0.8850148287483963,0.8740579007863686,0.9352352424517845,0.7946120241600605,0.7475574439621655,0.771636503351905,0.9629039117050593,1.0036145789251727,0.8182978211052505,1.0824947073461406,1.0155684069711053,0.9627843464578053,0.7874928707276176,0.6839552647684024,1.1087751238562098,0.9808824478999407,0.8720633221128218,0.9031864619325398,0.8893947842424084,0.6298360716952975,0.9803170627678893,1.0047471607589011,0.886116027087206,0.8269425379251093,0.7286607923024664,0.8922495004050044,0.8941763091713069,0.8878693879177643,0.7354187283365416,0.9371805893391351,0.8393921816581801,0.9300112664173182,0.9787354386526765,0.8715475921200427,0.8279954721682572,0.9321622835221406,0.9530577636052762,1.2025106929012623,0.8887880610732303,2.3572465641815947,0.5841726448462028,0.7834200345594113,1.848781517191377,1.0152764874219782,1.81203860421168,0.9563684037371456,0.8488649294803023,1.0874909555211585,0.7835072644974076,0.9693107111380643,1.18654250107331,1.47283489553906,1.0273780553926535,1.1027674383254846,0.9824096296893252,1.2930678459917546,0.8572666326441531,0.724931074871547,1.0153588445291875,0.5932009654926016,0.9846220619622612,0.7357820048121824,0.7951282048473975,1.416103795349073,0.9240245478565327,2.0882605724940877,0.7860684668265936,1.143177837402526,0.7115550573312204,0.8109547413301659,0.7717475396682338,1.0045945872615525,1.2109685344687344,0.8448789987084953,0.8692594956613555,0.874791985900875,0.7850964731669478,0.9749299754984297,2.083147900787485,1.2497545173145697,1.551919024092028,1.600620427921629,0.5874050909795343,1.4530400338650953,1.2572090467793962,1.1207095458100746,0.9638646767993574,1.1332076914653597,1.1326651778964827,1.152329290567629,1.0122744818707305,1.6331438516193035,1.0137848697179825,1.3931566668665618,1.1078813378123191,1.1578399607403798,1.4788313549189331,2.13181403937957,1.0541573385548435,1.17290448632657,1.8948106417447126,1.3551899800999474,0.9001060821208124,0.9272909665491221
1.0,1.0,1.0,1.0,1.0,1.0,1.0,1.0,1.0,1.0,1.0,1.0,1.0,1.0,1.0,1.0,1.0,1.0,0.80397399602033,0.7851651960838731,0.7423429013502231,1.1946380680588682,0.6174801533631846,0.6478635593708821,0.6326805059873577,0.7481050068175065,0.9172572628214523,1.309567661358287,0.7999498089525876,0.559069756089887,0.727033789439617,0.6512268601644247,0.6869957121348432,0.6619519698753298,0.7811174987146293,0.6426955761364506,0.6875999338720651,0.7405678109454207,0.7019022574624645,0.6861186052562895,0.7077497638225614,0.8914540517559896,0.6408672487457976,0.5033643510796624,0.6485319399891989,0.6664277409903102,0.611442074387142,0.659687336904576,0.7445293878618209,0.7160952341629314,0.6477086667720529,0.7142798313456106,0.6183424691396026,0.40859198867743957,0.3253435876789492,0.6121277814060527,1.8029257239521082,0.6973951987087605,0.5668301759419687,0.6556993312762758,0.8743942159952831,0.9683682708071017,0.7022320202972745,0.7539206081217322,0.786473117259004,0.811999474420279,1.0068564280663432,0.6198839055643819,0.8426799780313272,0.7237476757933285,1.4329829363115363,0.7532559516931918,0.728742703470794,0.8901788708311522,0.6992828802648386,0.9206829130280703,1.1103168443476696,0.6316554260222268,0.6762476137354414,0.739669003434833,0.6912235238790256,0.6388094701190966,0.7743801468213336,0.693987374754693,0.8394819606721664,0.7612356652041545,0.7942339446006161,0.7574112716544453,1.3755881275244217,1.0419221806966044,0.6907369101713785,0.8562528069174543,0.9316671534414974,0.7068652233270964,0.7339822405341623,0.7154041087196076,0.9124967789895,0.8112433857161727,0.8595528972180881,0.7552908835389418,0.8089438567374133,0.5954482418398066,0.8330759690487739,0.6218439276653075,0.6405305271555777,0.7234393841109472,0.8858808663714088,0.7930553523710251,0.7052891969407865,0.5991185224935749,0.8113338543427147,0.6851257402516924,0.9566823973216698,0.9181349667444019,0.688614264145798,0.7843296107452169,0.6751924825421878,1.088692918825987,0.924166610369761,0.527491206031683,1.0184577526277525,0.6631564173186727,0.9193912118691405,0.59037179433679,0.7024164613561339,0.7967625303116364,0.685641103502366,0.663300635745733,0.7545208848897432,0.592779059163607,0.5947321428262913,0.4977111972843566,0.8461006391365946,0.6586465257417062,0.5601170420380216,0.6947435220084857,0.7841272666389,0.7875323620607353,0.6500082059621572,0.6405386503261032,0.7577892934915721,0.6598986146705097,0.6549096207608472,0.8650393103187252,0.9346116453620716,1.0925804779437356,1.2246383339304823,0.7781174810537754,0.7244200555834689,0.7450558331665409,0.6783440802905367,0.6106156334794031,0.6923075856914815,0.5895671682320498,0.9281731019206854,0.6637058268002554,0.8495209238216543,1.356334157425425,0.5483820946072486,0.6659577686099527,0.6379967857513922,0.7635603070105957,1.000696390143398,0.6613778930708898,0.6315457328410959,0.8444514034539818,0.7893086150710631,0.711289675393473,0.7023209810889566,0.7631824998443386,0.6199294304067643,0.7348013658295296,1.1259115611257395,1.1590519304404254,0.7713892377227989,0.7621361515950071,0.58343457420219,0.8190877914953045,0.9506746044452292,0.6502775553536644,0.6721999631559354,0.5788634484768095,1.227711649370512,0.6095250149677358,0.8974289663495352,0.9808098940929434,0.5776456839673507,0.6418625433983065,0.8540581118485685,0.7193656709431258,0.8443534199799956,0.5991559422672679,0.5565107887730185,0.7527386008667185,0.6454135487538418,0.619488642328017,0.7853285081523853,0.9287477860932598,0.8114280924284893,0.5992541243421836,0.7399076050154751,1.3282835472180374,0.7814234766244924,0.6713477810253281,0.7345451498630275,0.7587152080927917,1.4074866259292578,0.9278281229499906,0.6265115616661863,0.7033246431776297,0.7778651378120329,1.0155817336943125,0.8809769316534475,0.842403195726359,0.7489986764547479,0.6703828362619365,0.38261538056255584,0.730554972137228,0.6993216350374541,0.682604574110998,0.7619195404521115,0.6032287451811715,0.7030189263694233,0.9573722740726587,0.8987633006518991,0.8314872405367564,0.5925576448915834,1.16869727614815,0.8276673181030114,0.8787734334787307,2.7323142966644993,1.1394977966400637,0.740708415470701,0.9819146616253941,1.3107687207685514,0.6119586427158724,0.6003742536258898,0.8142037066601551,0.8004610512604657,0.7321388575375354,0.6154408372651572,0.7150948013861484,0.5853049276025645,0.7278116442593072,0.8095799771304149,0.6342224195177908,0.6289749716922395,0.7972123377505996,0.5145613773959044,0.7260224441129585,0.7749729582203245,0.645914514808493,0.6675582794424353,0.6450320508002143,0.6536264288810663,0.6461891631110707,0.7847776338949036,0.856855633636108,0.6943794642379821,0.9010054677113333,1.223389355699312,0.8719034315323224,0.7337941859524613,0.5765835664124463,0.9114884478995506,0.7402717838491003,0.659336722142899,0.6717617706012609,0.814605279056904,0.719280475242392,0.9335245039592356,0.9094041659117388,0.7224440431178367,1.0426870293820811,0.8240183127429829,0.6249896405837216,0.7669095354047013,1.4282707560904484,1.2004693602780707,0.7226200461457009,0.6187155660288914,0.6123905987770515,0.6706600122131754,0.659714635593137,0.6568653755882123,0.5769117426517834,0.5623450892900158,0.705863473097107,0.849199961109017,0.6376944807975176,0.5913994063239744,0.6043073842107097,0.6619393057665666,0.8032869420695824,1.088162292577806,0.7142084848350614,0.8638601670112285,0.5808798195188094,0.7005696291473462,0.9380420201654334,0.6004348271510682,0.8279639329026616,0.7944756185066868,0.6653969519703742,1.1530868717876093,0.6557529328074275,0.9679185231498836,0.8603580007622487,0.8168532973130295,0.8723572315831074,0.540192266412679,0.7459282891975769,0.5906146547574997,0.7389034571729786,0.7684751404560402,0.8176403677159934,0.6168933232923025,0.7248739716311602,1.017440847036792,0.6878056335524254,0.592466915196286,0.6767925420243621,0.6039812938995665,0.8430501280060572,0.7152008522564308,0.8973253761918044,0.9648238571383175,1.5157273137530685,0.8460588096617214,0.6348010076839986,0.5640015599397208,0.6456177566378383,0.814235548247414,0.866146974231757,0.6519166726222763,0.5744011478997201,0.739470884803814,0.6470064086409741,0.7513721430028699,0.631134777653019,0.6987405089561527,0.49485668534996596,0.7126808384178313,0.8458005874599674,0.8559045335305517,0.6807242521130137,0.776148089031084,0.7566203585453513,0.7171989472664573,0.7095389593393856,0.7592868777913941,0.6444932290570842,0.6070355647196188,0.6299355662298816,0.7851795486026475,0.807715652156868,0.6623626082946122,0.877406540574443,0.8288427979151831,0.781052831545626,0.6360903002441193,0.5528902521212902,0.8984802946564109,0.7904449260950357,0.7066789423813868,0.7274298208827312,0.7187707123977827,0.5096747946323474,0.7944019883723028,0.799957028958074,0.7143064859256139,0.6664264792600272,0.588969259317276,0.7215085014248257,0.7221141192126588,0.7190273569847472,0.5963059771934799,0.7580053025695348,0.6762421370065018,0.7493111394685708,0.7847374763856432,0.7001901630522044,0.6646152413127068,0.7538453111228192,0.7693057510269419,0.978831255216936,0.7179581681772331,1.9136792256545354,0.47242354772273043,0.6310788312710138,1.4971596235174287,0.8249777250636965,1.4766204542834964,0.7750166059322956,0.6861043762288728,0.8799878257457663,0.6352263017094851,0.7854464629293294,0.9571964896295715,1.1789022667795104,0.830784543234126,0.895609429830981,0.7943666808726879,1.0335174238813178,0.6949857747468862,0.5857434261772472,0.8206816848897882,0.4770934526291629,0.7897637435393088,0.5908934672875519,0.6415826974947364,1.141374129760228,0.7460165530848364,1.6815275201763729,0.6380577581893028,0.9265754486938652,0.5766443313795896,0.6548739170308061,0.626167288043223,0.8148105389487765,0.9812831703357084,0.6845206399086903,0.7043434321330049,0.7102107815022582,0.6320290510901828,0.7912137970935624,1.6867211764588612,1.0132720676777185,1.2749818936545783,1.302110308519756,0.4741168921121334,1.1690786617913533,1.0184522466000032,0.9082745079646799,0.7847035153375645,0.9196701378966334,0.919086287641801,0.9346914842391434,0.82393338025513,1.3178473588732231,0.8169632178031087,1.1260642994592125,0.9014455136373876,0.9381048342447538,1.1978826962854647,1.6922281463101971,0.8473376326834541,0.9509210165537975,1.5406226672122587,1.0998432727556504,0.7255050225383857,0.750937529326249
1.0,1.0,1.0,1.0,1.0,1.0,1.0,1.0,1.0,1.0,1.0,1.0,1.0,1.0,1.0,1.0,1.0,1.0,1.0,0.9743554483097421,0.9247521490296964,1.472754955521168,0.7661986393754109,0.8026241926227793,0.7829863143827375,0.9270077750110487,1.1367379344834374,1.6259322376644476,0.9927999998945822,0.6928558151590493,0.9043543487653811,0.8082871584862281,0.8529367361546247,0.8216988092242492,0.9686843963373415,0.796489433604879,0.8525187537160974,0.9172823648240711,0.8688085232635016,0.8510213834578831,0.8786067740630754,1.1091045299564883,0.7956896442440329,0.6249772800720896,0.8042081537095753,0.8260291570589456,0.7574388721897475,0.819190686657278,0.921619444572217,0.886000319034514,0.8032286458279059,0.8848071865957029,0.7672754494846454,0.5067978854012893,0.40337491591242725,0.7598868259816283,2.227394963374727,0.8661243874239704,0.7028268288751917,0.813560150220733,1.0815666866069877,1.2041901224170921,0.8697657453562462,0.9342950491189466,0.9737813859365306,1.0079761185694902,1.2468749051114003,0.7687711269312294,1.0415300553913873,0.898117953469387,1.772263707029727,0.9350799928176042,0.9030203591936091,1.1031308960489037,0.8644892313147116,1.142007907806918,1.3761978062559748,0.783684261735613,0.838569810219229,0.9166178838387171,0.8566703091404337,0.79075440839687,0.961324094445675,0.8616075689020772,1.0398820324992668,0.9426356045422607,0.9849464929488535,0.9420409803242018,1.705245766978892,1.2950049021380365,0.856216717258948,1.061803666402834,1.1570770632089968,0.8778168929941139,0.9113682836468024,0.8867202893975652,1.1325987056203688,1.0054910714420726,1.0691335962879533,0.9367391571663883,1.002722964768759,0.7372981096017563,1.0317776927434763,0.7716060238096345,0.7936158133808835,0.8959784724640806,1.0987126671724419,0.9826215814258734,0.8731345596972708,0.7415253475424639,1.0066485951174342,0.8488582254325142,1.1857303436984874,1.1312393711080382,0.8541928542139483,0.9722627089568452,0.8374958890140796,1.3487397399238397,1.1420973641943384,0.6536862975363309,1.2641695738683982,0.8244614295402801,1.1383886585468241,0.7315915952530085,0.8712092507420237,0.9878155583154791,0.8488567800950699,0.8224628973832022,0.9343040687527455,0.7341977581153011,0.7357332366090991,0.618331366580819,1.0465742589172304,0.8172862942652132,0.6941226670937003,0.8590046683132232,0.9727394589685441,0.9778071780041129,0.8039447875865939,0.7930806491079652,0.9381974648675477,0.8207585252645956,0.8117712681226206,1.0732336900673118,1.157473215113635,1.3544981427295328,1.522501312661215,0.9630291387562736,0.8993886544910774,0.9253987944932349,0.8390213043263853,0.7587578733058036,0.8578767598325672,0.731743686357075,1.1487720246922215,0.8248457317398072,1.0568834401670935,1.6802936789315943,0.6797382398883571,0.8245810644820178,0.7905064621321372,0.9475485431391614,1.2406437463958215,0.8198053804036112,0.7807191381660962,1.0507417211824817,0.9773904826577564,0.8826069457595032,0.8712208119046343,0.9444098991268222,0.7689325249632608,0.9114311932692958,1.3965858369434336,1.4406277438126067,0.9567499783675524,0.949095695632341,0.7234096108005246,1.0154379023153246,1.1816072623239031,0.8058152810416768,0.8314687806206817,0.7181458247138658,1.5168432958035116,0.7541055382405432,1.1115140907673753,1.2150486068848878,0.7151627451104607,0.7948424213740493,1.0533733185895642,0.8917763025996523,1.0475084817889588,0.7439051630665339,0.6888712424104357,0.9322129649547606,0.8002345377647314,0.7652772743883599,0.9719174234707144,1.1473178436069107,1.0084620467010166,0.7440383061359955,0.917443775985836,1.6440540202722727,0.9678375302419755,0.8359229501106247,0.9107909299112856,0.9399266876439636,1.7424926002888996,1.1653424461310053,0.7798691995206553,0.8728002773814442,0.9616680079623792,1.2580968367896759,1.087352435143082,1.0429158290858327,0.9271829658988657,0.8312130222246907,0.47477104128625475,0.9048054102836378,0.8678116665494853,0.8470245870409032,0.9463179815135719,0.75031016445168,0.8735753482861425,1.186624658318649,1.110293777512715,1.030249143624106,0.7348408124724286,1.450608356933997,1.0243507770343574,1.0880964470341457,3.494669941857781,1.4078034371879347,0.9196996415521136,1.2282405139909083,1.6270590326679406,0.758553596798919,0.7427094294397921,1.0073069515528976,0.9900957097030201,0.9081288743717207,0.7628275975557907,0.8866732565801989,0.7250346105732423,0.9034027483981073,1.004485688151516,0.7873329112758317,0.7808517489400906,0.9900502589768454,0.6400628373412549,0.9016450679701287,0.9600650879861121,0.8010458425737955,0.8299814259305361,0.7993056772532091,0.8110898932379758,0.7994851643453371,0.9716879671375844,1.0621599563385424,0.861475993461873,1.1146516940031255,1.517523072711307,1.0814433546568138,0.9079352078031822,0.7157125645079117,1.1314582873558185,0.9176079948321297,0.8197214806682769,0.8328764849035807,1.0063759911978074,0.8928601425523679,1.156083664176436,1.1280379273359706,0.8927910074726704,1.2912231679781818,1.0256966995876224,0.7737130854525902,0.9520656094752269,1.7830172931035322,1.4888374491986756,0.8938900277807653,0.7660025273525322,0.7606374009999043,0.8302394825592422,0.8196194217405472,0.8141031551434138,0.716408252691451,0.6964399009791089,0.8735148014161584,1.054233317020611,0.7897674631759601,0.7348817142867083,0.7494717192941138,0.8199116800558711,0.9935264865312068,1.344762961978962,0.8833262231242409,1.0719861337323793,0.71875161927422,0.8669174831723484,1.172529314836824,0.7450453550565079,1.0253218314825756,0.982302267183575,0.8256482142468224,1.422115064175858,0.811836589485791,1.193284043955116,1.0656353247912944,1.0120072605334407,1.085892563977865,0.6703573496096874,0.9234466582891907,0.7316372302045795,0.9195263948257818,0.9521411556810007,1.0137790300600384,0.764226798141496,0.8945960406572846,1.2620131708325408,0.8519188458918224,0.7366924561988271,0.8442089540631521,0.7483933131070577,1.0440255483185708,0.8869590493426789,1.1131188052085865,1.1940097619171142,1.8814943222524323,1.0501799614052811,0.7871479052541801,0.7019061597606129,0.8004002745447151,1.0063614074591323,1.0726009571939192,0.8081826799062977,0.7130588258037907,0.9141788911920524,0.8049719450793913,0.931455500794557,0.7808832225738175,0.8687548770241662,0.6133689919255623,0.8772381616501809,1.0495164074849659,1.0579040293359083,0.8461263852527108,0.9612879099778435,0.9394997203244084,0.8888631059462775,0.8785212149765891,0.9383730425153977,0.7985474107778626,0.7513959277494334,0.7760803967733717,0.9682409418830732,1.006525955050074,0.8218861863851643,1.0886305350435963,1.024421892971062,0.9680768717202439,0.7914205229690869,0.6871973229174355,1.113579976245282,0.9856291677206204,0.8766896601318731,0.9062070227598547,0.8936704773229688,0.6323737039590885,0.9846559587860546,1.0066494996877013,0.8897039465353274,0.8308835704332102,0.7310612763624896,0.8961829571577464,0.8978761418582001,0.8912467053603506,0.7397799667148262,0.9431341482129132,0.8429293854478838,0.9333420006852338,0.9808683356176358,0.8738255973077771,0.8301202689796574,0.9372042394615133,0.9567256700532107,1.2102716650027832,0.8929030554386757,2.360601197272435,0.5866958340681281,0.787476265319653,1.8603782773342197,1.0197693090118576,1.8235226770771487,0.9612339041061676,0.8527483455426831,1.092720389588893,0.7872820293624048,0.9735688229599113,1.1922903865767567,1.4897945204649918,1.0329445781648419,1.1082886233268505,0.9878644788753106,1.2972273044562685,0.861725787311885,0.728460773764275,1.0190856560471988,0.5948355937293324,0.9900008801959139,0.7385780558501575,0.7982546524771506,1.4222423977474938,0.9270556743633095,2.1000414997350068,0.789968933026745,1.1475911506306793,0.7143493334211239,0.8127426310920028,0.7754837145860429,1.0096104420112708,1.2168784928431502,0.848910766527158,0.8736100076569302,0.8804527705226072,0.788945556250394,0.9795759359722005,2.098449905493802,1.2564217644909734,1.5669841831878546,1.6053453095997736,0.5899834360538966,1.4585038586375558,1.2644666962749587,1.1265846754775692,0.9687874840462991,1.139367499850625,1.1376871579777106,1.1572048972855358,1.0175892576370977,1.639620531146204,1.0171675653672532,1.3921454650875984,1.1164837103003302,1.1639460608435566,1.4865217052451514,2.1417890890102775,1.0592064891861748,1.1787521283869522,1.9051316157305136,1.3625425326452871,0.9040803886076247,0.9309566028521483
1.0,1.0,1.0,1.0,1.0,1.0,1.0,1.0,1.0,1.0,1.0,1.0,1.0,1.0,1.0,1.0,1.0,1.0,1.0,1.0,0.9488773335366676,1.5138159652804366,0.7867178448831889,0.824133442593262,0.8041566641359956,0.9517859360038375,1.1672458490645095,1.6689564054561523,1.0192264243403113,0.7114339173498384,0.9281428281288691,0.8300463472650812,0.875442132714231,0.8436069060664777,0.9948247623573752,0.8180180908274011,0.8755427683409052,0.9420590001558709,0.8921565816464163,0.8737914501807507,0.9020276856944147,1.1374106799445727,0.8168573915457826,0.6414135068007649,0.8259355069283585,0.8483029675069592,0.7780237799556422,0.840959829499792,0.9467398313012857,0.9102068055220967,0.8248529913398174,0.9087189049461939,0.7879189622560836,0.5204617439200578,0.41422375302215775,0.7802371953722854,2.2843272112596757,0.8887070961733977,0.7215918838515111,0.8353811722730342,1.1110052690866101,1.234787921433282,0.8931134070950586,0.9596574593043794,0.9999673971447898,1.0347914658342563,1.280202365941141,0.7896118195530266,1.0701566219071401,0.92250148382198,1.8207697820990614,0.9598729213810064,0.9274742945866752,1.1327321422159207,0.8881571042987435,1.17230522287136,1.412809552442905,0.8046447694934711,0.8609393405695751,0.9411847418094946,0.879635259099339,0.8119654222475307,0.9872101777479576,0.8841613798264258,1.067518793336681,0.9678709492938601,1.0111893437500303,0.9668967501044031,1.7507316611373418,1.3290712439606835,0.8793377888329583,1.0904689449687974,1.1875514949480066,0.9011688428912289,0.9357606653350017,0.9103773267166352,1.1625406537605474,1.0324526957101625,1.0972321873137816,0.9617151215527928,1.0296883291428527,0.7574599758509616,1.0595694292722615,0.7921665562072793,0.8148825555662758,0.9202407435030853,1.1279791199110978,1.0088793308352997,0.8964784476844092,0.7616278229962468,1.0336827879814428,0.8715535068439544,1.2174386257787182,1.1618110164108353,0.8770763055043432,0.9984843852487904,0.8595595498008824,1.3849690066908957,1.1731560400269077,0.6711598711902946,1.2984499755598824,0.8457593517182008,1.1694407583224091,0.7510867156859948,0.8947575884188566,1.0141373794844228,0.8718724535301343,0.8443492522186367,0.9593797792379665,0.7539966129632879,0.7560378529659268,0.6346966712596567,1.0744620219663732,0.8392489344703191,0.7128028090985202,0.8825805370767913,0.9984126195495548,1.0038157383409518,0.8257336773834716,0.8147501934643752,0.9635616798171488,0.8422094268807332,0.8336167026343622,1.1022519207806483,1.1889975962532473,1.3909078397116894,1.56351648073121,0.9889660809058686,0.9236193563449673,0.9505690782760963,0.8617574757188355,0.7790213384097808,0.8808010312128176,0.7513625461172028,1.1803141273548525,0.846404489132299,1.0840170409253553,1.7237206152682325,0.6979902463723406,0.8465927404268379,0.8120715021556422,0.9727103365455764,1.2739046803634015,0.8419167740736131,0.8015939764229068,1.078535034016829,1.0037121219298686,0.9061935238082065,0.8944998589531229,0.9700419836130025,0.7893817957042737,0.9355030308604911,1.4336443062414919,1.4777517774248827,0.9824515552208261,0.9737903782109312,0.742751335434147,1.0421613216251766,1.2130692646721641,0.8275665823608012,0.8540338377330261,0.737398679820932,1.5586703885506625,0.7743337507044777,1.1415382690912208,1.2482085025546192,0.7342929150184361,0.8160835601383277,1.0827838197627577,0.9154762481737908,1.0756761823823773,0.7637282504300063,0.7076481624448827,0.9578643889321811,0.8218219614594917,0.7858377411698536,0.9988430065633728,1.178328157453412,1.0343809473565644,0.7642227959036794,0.9419505051461587,1.6901240961109332,0.9938273271322052,0.8577552061601832,0.9350636734470481,0.9650720592198809,1.7892910403255788,1.1931606778712611,0.8007447734182029,0.8957985885909674,0.9882051608640887,1.291337071274444,1.1169686952667557,1.070651258444788,0.951910571917455,0.8533321417825238,0.4871416369007139,0.9289890684666201,0.8910000812540143,0.8696350170552707,0.9709300858571948,0.7696701319357884,0.8969247794415092,1.2185944766872736,1.1403488905291002,1.057876851591132,0.7546712912550777,1.4885391892391682,1.0516618403788418,1.1173588035493895,3.568398383271336,1.4442503837111311,0.9441217633537773,1.2581134684914903,1.6701964837487644,0.7788960094252753,0.76282411925659,1.0347514243014975,1.0173388973164752,0.9321679259618919,0.783273055385429,0.9102780396054792,0.7444951330141243,0.927854798679691,1.0310955859517448,0.8082983355033979,0.8014282260529499,1.0165197635397494,0.6569759156186956,0.9256077801709397,0.9861687044978464,0.8227049257589798,0.8517667934364814,0.8209167431508542,0.8326496519355101,0.8208736496868756,0.9979893522159788,1.0904505601943286,0.8843935634626496,1.1453388660822603,1.558629090716222,1.1102373997116215,0.9326023106939805,0.7348075403382062,1.1617622648329382,0.9421023357804513,0.8405415931228124,0.8553168274423103,1.0341583954993525,0.915926774346032,1.1868384922685165,1.1584299495480095,0.9167792593235593,1.3265047485902626,1.0524327551700594,0.7947511352066606,0.9771866506353382,1.8290468693932158,1.528567639138025,0.9180955304490681,0.7868629854900928,0.7810227941106935,0.8529290387112625,0.8413463210525809,0.836000842189058,0.7352938449108136,0.7151786853737793,0.8969834972258762,1.0822367817560319,0.8110262195391752,0.754370613707511,0.7692401439535241,0.841926077411089,1.0204248198856436,1.3811245240862642,0.9080322135182213,1.1000836108433987,0.7386210352762614,0.8899423754656027,1.203152453342088,0.7650678030134885,1.053397387293374,1.0092384765885871,0.8479054815720405,1.4612014489254874,0.8341096896273299,1.2271925621355715,1.0941731349454236,1.0394346826493712,1.114722253585865,0.688293736296005,0.9485503780547998,0.751295910739783,0.9433229864915067,0.977847996415827,1.040842170983703,0.7848851753710856,0.920377844531131,1.2955755008254188,0.8746392153577079,0.756259434761833,0.8662472888590635,0.7687901643554602,1.072451636215614,0.9106884483893489,1.1423529462095574,1.2267136661368094,1.931454352457493,1.0784971091143838,0.8083479289006085,0.7199577726802812,0.8217634344329163,1.0338701783126065,1.1016599639300182,0.8299177667549461,0.7319355794898847,0.938819813097582,0.8261522995000783,0.9569147037877821,0.8017764044679593,0.891572692040369,0.6302660281154382,0.9018345239128596,1.0777366284266474,1.0867384647320448,0.8677328358092445,0.9876267336609154,0.9645184370075041,0.9126244510027391,0.9022543923960546,0.9643320081556228,0.8200185452344981,0.7714224339597274,0.7969673674138628,0.9950327861299847,1.0323816868035638,0.8439033188626531,1.1176692834957596,1.0514812744528506,0.9939488617511039,0.8118604447839617,0.7052943780528071,1.143670381646853,1.0110077747671276,0.8998247781128313,0.9300861473044153,0.9168814450813254,0.6493279884175751,1.0112517106283967,1.032455195109128,0.91298875173775,0.8520601048372689,0.7504670036197443,0.9200161369990172,0.9215779172511026,0.9154483279280139,0.7594236790511499,0.9668522711425318,0.8647394509701435,0.9578933263486551,1.0062495329287664,0.8965489838825147,0.8514179196514172,0.9614633217154902,0.982055552057984,1.2426251614392285,0.9159138759291369,2.4304920155714766,0.6022972097329049,0.8075376356906152,1.9095291691770404,1.0479935814942176,1.8732316619780303,0.9868115299453866,0.8748975868497404,1.1218743946161598,0.8084073324879724,0.9994519514815674,1.2238214212278278,1.5219352745276933,1.0601926802852684,1.1376796393497162,1.013075038196924,1.3301704872451752,0.8847979274384103,0.747792063786285,1.0458263948459061,0.6105152243658603,1.014449382943441,0.7574436540834859,0.8194238183709521,1.4593779942250524,0.9518700055984212,2.153622569791351,0.811227819404743,1.1787872988169428,0.7337223179200643,0.8346950556318627,0.7963191606625797,1.036750370413612,1.2495956324106596,0.8717735191094604,0.8970775371954964,0.9035086888794395,0.8090556925889715,1.0063966659195887,2.1504304328825627,1.2898582692010843,1.608589837163252,1.6501087105101417,0.6054620927440166,1.4975565041696346,1.2980644331670583,1.156707803493239,0.9955365799358112,1.1698792573792043,1.168663139108041,1.188640711365462,1.04539087517264,1.683225350908851,1.0438907439008818,1.4337923357452074,1.1459193295272394,1.1949984858082525,1.5255063934894606,2.1903633455768934,1.0859172040199119,1.210255227665317,1.9563554472636517,1.3991439832275918,0.9278107241921782,0.9560451187739045
1.0,1.0,1.0,1.0,1.0,1.0,1.0,1.0,1.0,1.0,1.0,1.0,1.0,1.0,1.0,1.0,1.0,1.0,1.0,1.0,1.0,1.5659440558740447,0.8218979668213957,0.8586315016913981,0.8360010730583199,0.9933597237293058,1.2174942687043755,1.7437732855926356,1.0654358202144574,0.7423922453394485,0.9735128064069551,0.8695150646629353,0.9156670417718094,0.8819428974996741,1.0386195780460428,0.8542391873273751,0.9146687425237386,0.9821123514435162,0.9293606190875471,0.9129995160467512,0.9450024050330768,1.1909434910233028,0.8558322342871929,0.6702476373679894,0.8636049124617758,0.8863393791783776,0.8123670508591482,0.8802171307653404,0.9861992036223842,0.9490478177352255,0.8629935535655443,0.9476532846355987,0.8251772664257667,0.5443489956315437,0.4327879704683228,0.8161407107664131,2.3524902699740204,0.9311329693621709,0.7533101200185044,0.8733476463316552,1.1562261702902732,1.2950507003748717,0.9297987948500304,1.0009896654393362,1.0409950423709855,1.0819523301712084,1.3326877891339324,0.8253543630716077,1.110402502500762,0.9639748870498106,1.8931460704761043,1.0033398270277902,0.9691622617724327,1.182384603267106,0.9238542692209595,1.2226427432642246,1.4725997616119852,0.8413051858365742,0.8987685814596362,0.9805667244417959,0.9177188995186838,0.8452474638647105,1.0342031862239858,0.9240568449159978,1.111489534684337,1.0073448250766792,1.0546623288369394,1.0163275644689551,1.8225352551332692,1.3887721762204075,0.9184536646298305,1.1402082354278409,1.242342731613853,0.9435292002300394,0.9787929331019456,0.9495601506459803,1.214031319246796,1.0758239919741237,1.1518460554008372,1.0038047760533346,1.0739836111614798,0.7895180445721772,1.1035270201079812,0.8279288607555261,0.8493241484164784,0.9588627209685742,1.1777418015902599,1.0502519146085774,0.9310572464836206,0.7920010058141331,1.0803783587140896,0.908276763700071,1.26927711124684,1.1966218255855265,0.9158101785381302,1.0412000058359934,0.896455897349945,1.4436164965004936,1.2172751560425947,0.699903320106295,1.3580960564824205,0.8846410570289576,1.2196271155917155,0.7826676423194809,0.9358249423117799,1.0582725642317752,0.9084360142693332,0.8817634517909021,0.9978761117653125,0.7867574907382007,0.7876709508843673,0.6650866842519831,1.1145093926078942,0.8765751796335848,0.744005142437255,0.9173617326332308,1.0416981148492708,1.0514230469450174,0.858925062578745,0.8506887661598734,1.0023147819531644,0.8844781700297966,0.8705391084018304,1.153174941269758,1.2387542832405036,1.453936894722724,1.641483843279053,1.028031376461037,0.9667149099700265,0.9977393796053821,0.8934569617443859,0.817006022182153,0.9183495713434416,0.7864339605848487,1.228989361350058,0.8862324899637808,1.137636311407911,1.7921912962084416,0.728157583033391,0.8808999376320084,0.847807094136614,1.0163108953138833,1.3288870742844363,0.879318363400506,0.8303703236967142,1.1316345754906445,1.0455933686793233,0.9469318117907928,0.9343150430138532,1.0087346987015124,0.8242377765731844,0.9755895479259848,1.4955674287182565,1.5420928373600256,1.0260155538697215,1.0228032080169842,0.7757108917725822,1.0850342119243175,1.2729596659075821,0.8631309962814045,0.8868994596148864,0.7709456834676476,1.6168273664222124,0.8042930492091838,1.1894662040877129,1.301063096238203,0.7633027535680357,0.8484866282476103,1.1190317291171468,0.9554560643647505,1.1239327094534588,0.798774585609145,0.7373935377667606,0.9984870220871416,0.8581527744163158,0.8136323957451563,1.040078817111208,1.2218712328280459,1.0819622975622054,0.8010496226723687,0.9833617290911074,1.7623898220524032,1.0349152103240753,0.9024988969183856,0.9758083521280546,1.0042449842148504,1.8611134690058169,1.267568792652281,0.8425641925882725,0.9363460494439058,1.0277567582646838,1.3447398144056546,1.1559099944967532,1.1118115369987231,0.9903815751010323,0.8888580957932789,0.5083484502279848,0.9642700576042935,0.9323177772071845,0.908317281521658,1.0138100812354947,0.8067954948097997,0.939627232321441,1.2712225781008888,1.1817900755599529,1.1022985054315813,0.788092097390036,1.5535635317063652,1.0912368446664966,1.1609673246095396,3.9366887185862733,1.496445545083502,0.9883012229175219,1.3320908020282303,1.7423835444380091,0.8131321065959446,0.7939890977918185,1.0766825853521496,1.0596798104342278,0.9735686706663704,0.8164003252131291,0.9498968832830046,0.7759705119624547,0.9713923018434389,1.0760318791918577,0.847719365243429,0.8382104199848909,1.0634245836092788,0.691031293026758,0.9691471401958212,1.0281082282694225,0.8610871629444381,0.8942687260718609,0.8575850105659348,0.8711009886414298,0.8515311372969829,1.0388175163758633,1.1358096998952711,0.9253514772679059,1.1916896793389697,1.6271415547195447,1.1589285662562556,0.9702379780154627,0.7689522574662199,1.2149321742791297,0.98192443879167,0.8814604934348307,0.8937705812954053,1.0722342130290379,0.9554730140261635,1.234995391418805,1.2106977653644684,0.9502948182375749,1.3814641728379886,1.1071669664876544,0.8280976621016054,1.0201140847938364,1.9250401616412898,1.5925015138649716,0.954402443594207,0.8195267912826447,0.8180283825897896,0.8889443112722318,0.8832736093299665,0.8728316363497479,0.7696354906540659,0.7459612508505344,0.9318257887070803,1.1303014490236771,0.8443807932651328,0.790202109349655,0.8040313885929709,0.8778416933837334,1.0598214601662028,1.430850364898863,0.9463562231379014,1.1461490442098956,0.7702731189127354,0.92511506757736,1.2752490303566215,0.801910162654598,1.0982469053831783,1.0494276227801216,0.8881265135900116,1.507173308731713,0.8695489088852755,1.2735135464231349,1.1388726032236072,1.0835017473629693,1.170682461627504,0.7204815226650123,0.988473889332125,0.7836885337591464,0.9911639926221079,1.0199973338703288,1.0860044209189847,0.819173700989011,0.9561327014359278,1.349895583582983,0.911416275878454,0.7960371657902728,0.9158967489793846,0.8023629886189605,1.1178545052902207,0.9497478427665885,1.1910394747281108,1.2766767260740903,2.0203020046615343,1.131077181980733,0.8445612588713789,0.7555632730959843,0.8579476711699542,1.0723129213475173,1.1477656357246664,0.8667754588625856,0.7655277581624745,0.9740183272066261,0.8680530101609529,0.9995149294367548,0.8332821915709231,0.9346822771009473,0.6599371413772507,0.9273107578816362,1.1295197889045332,1.1283400010514948,0.9075134123282786,1.0311770467389554,1.0085354537267772,0.9529484378228853,0.9394109809972924,1.0036845801938978,0.854854675865653,0.8030261082310034,0.8233495173438956,1.0274883957289558,1.0905714195082876,0.8825158553950998,1.1659247818713419,1.0851268383583055,1.0358469614368913,0.8521559190113058,0.7394832342650315,1.193451839242186,1.0653525312968672,0.9406579983623871,0.9804075506959665,0.9613023485592731,0.6792232846228465,1.0550231980806442,1.1081886376820276,0.9617330688116053,0.8970515119640752,0.7868215052524878,0.9641950707130597,0.9678114379733196,0.9567161961064921,0.7920810202877303,1.0120810819853572,0.9118418805629274,1.0097514692350948,1.0672613408892389,0.9485325299331254,0.9020334578134148,1.0073717904009003,1.0324907914829287,1.2892570379188415,0.9605193915297141,2.522829394980363,0.6308440704519115,0.8509863581466198,1.9978527484281807,1.0893026384709155,1.938886357040923,1.030636919527541,0.9183448690603424,1.1733886553660056,0.8433292803837739,1.0444056134260375,1.2882766057122264,1.6209474050737536,1.1110065089763836,1.1835777290319447,1.0611093903092343,1.4198928579790369,0.9232625752298362,0.7844546081528982,1.0973324270630092,0.6450268785058192,1.076449357501731,0.8019682045079508,0.8617402598934407,1.5389375680706636,0.9996844376311762,2.271210254060753,0.844367632170897,1.230303276634256,0.7657665605276138,0.8765265157290024,0.8296160944383053,1.0809888733018886,1.304847873514092,0.9112272347578876,0.9364381186577233,0.9415797165497257,0.8542632916381994,1.048026827557953,2.2477542232861287,1.3450446384006023,1.6463860356294298,1.7102764424149377,0.6361380549475021,1.5825960611408825,1.3560379799133866,1.207286771525261,1.0315886410771387,1.2188116957853166,1.2166551325023212,1.2387818793928558,1.0834278968185926,1.7695448296405556,1.1005626534103472,1.503414597172577,1.1883285480899768,1.2478748157520165,1.5944833461209005,2.357487447651624,1.1497992100524508,1.2625324256511035,2.034748947147418,1.4583660206814022,0.9777821870928425,0.9991034371267602
1.0,1.0,1.0,1.0,1.0,1.0,1.0,1.0,1.0,1.0,1.0,1.0,1.0,1.0,1.0,1.0,1.0,1.0,1.0,1.0,1.0,1.0,0.5138447732973098,0.5397732689812224,0.5278310049860775,0.6227218506546219,0.7640475851524742,1.0881671917477673,0.6656312687133528,0.4655957444493601,0.6039267577373555,0.541389771361092,0.5712623690305811,0.5506025629243134,0.6501029898727558,0.5350501772640006,0.572225778636595,0.6172161125110185,0.5850778532501346,0.5709780410837413,0.5883564973715762,0.74041186668195,0.5328010360942951,0.4186515677411252,0.5395628141389952,0.5546426707551877,0.5091614419201345,0.5484960205988532,0.6205247868346712,0.5966367491894087,0.5388211359839424,0.5950197401452173,0.5142762607233192,0.3399741703113861,0.2708136320064556,0.5090110487546343,1.5063705545494486,0.5792636624033847,0.47179508176820695,0.5455695783057415,0.7290192583239914,0.8044987289051594,0.5854057234960717,0.6278896380040959,0.6556707593627934,0.6752428194685628,0.8393985465057444,0.5160436406702853,0.7035519005999591,0.6017946417374986,1.1950754233376648,0.6266303221131513,0.606678061396196,0.7411915543098329,0.5834534127409108,0.7665439040237924,0.9245408716281637,0.525424509402044,0.562864835287318,0.6164715972085226,0.5755564081938416,0.532723683340912,0.6438358186733213,0.5774601142829809,0.6996309648641307,0.6344708815890485,0.6611638151869992,0.6287703480531077,1.1459344368019992,0.8663046221495881,0.5751761791661707,0.7124359912595601,0.7744390676772753,0.5877268122945163,0.6106803236102678,0.5957161748941296,0.7588410056537057,0.676065836342076,0.7136826647636695,0.6287657510930619,0.673648453097069,0.4963591120779468,0.6940709324483402,0.5174730307116473,0.5337872920123532,0.6027292189794378,0.7371511604856309,0.6609545221481357,0.5881834503611365,0.49938858568865596,0.6746223324544551,0.5709045470760131,0.796726898222464,0.7691473212104918,0.5732000900875319,0.6532381681164656,0.5621420833457078,0.9064141850147456,0.7712610101499219,0.43949607102937627,0.8476224933012674,0.5511455845611108,0.7662861292893671,0.4917685234000617,0.5845707655044052,0.6631381003159055,0.5714502497339748,0.5520158180869057,0.6291434173922423,0.49355082606304757,0.49592938214861404,0.41369161182153524,0.706300064107291,0.5482536941828042,0.4666936965894295,0.5797825893844921,0.6525323954857445,0.6547912955146038,0.5421138303714883,0.5334654755121552,0.6319562867762668,0.5478814507300537,0.5451547025709147,0.7196876078526447,0.7784603710610508,0.9095265658118994,1.0164002889115844,0.6488475438894739,0.6025587394228287,0.6189413276957958,0.5660871837578271,0.5072614136230482,0.5767094015798537,0.4904278285082777,0.7736530728292867,0.5516462863175391,0.7047179315416306,1.1303883010996794,0.45674234030717925,0.5550528475903234,0.5312231980790154,0.6353592435307059,0.8331411808819291,0.5506214835191421,0.527059399421915,0.7008967622053206,0.6579524668905604,0.5918371505387365,0.5845069172512585,0.6364902780812705,0.516093378465327,0.6117077091708147,0.9372675433449092,0.9638120997302055,0.6423922979764358,0.6321330335340432,0.48566458795756,0.6824064720140329,0.7897189501145068,0.5416957560374808,0.5609037530853216,0.4816329959779798,1.0241386107461576,0.5083791558009212,0.7480432051319847,0.8171844396039745,0.48189161808581094,0.5351956014486519,0.714797760188621,0.5991055048873186,0.7029287835555766,0.49817929145843215,0.46385335512194115,0.6271961507802312,0.5370809751669052,0.5173442898449898,0.6551419288283803,0.7757414589712176,0.6742561218038057,0.4983109961401544,0.6160944495229658,1.1072767424532568,0.6511893197435623,0.5566239904781132,0.6114034131330444,0.6324355191316806,1.1739315485765696,0.7649213589021032,0.5197331595150525,0.5851525295509877,0.6489504248592107,0.8466106572943217,0.7360376734479392,0.7027465228054456,0.6243934464641071,0.5585060167998543,0.3183424070352855,0.6096965572638968,0.5818155135807278,0.5680481206744626,0.6336257518622965,0.501054289272973,0.5840778009007698,0.7973086802498439,0.7509094994618019,0.6927624108009276,0.4934124298316256,0.9729017758610257,0.6904309017571311,0.7329990969218567,2.2100777387074837,0.9522645319707341,0.6163374415908165,0.812074557746735,1.0911991653154167,0.5094566260737581,0.500702314743199,0.6792115960131915,0.6672453675333869,0.6095138331657011,0.5127744429811092,0.5953901272007274,0.4876773394729416,0.6050789431221553,0.6740688557309427,0.5268586792153026,0.5232759583066029,0.6631519327783035,0.42698902053463655,0.6037397208033106,0.6454128379496613,0.5375020720989697,0.5543151065764476,0.5371553884203357,0.5435161372342431,0.5394691439209349,0.6542351745359298,0.7141486457877325,0.5776171680953369,0.751833239694303,1.018351457936241,0.725587876973981,0.6120278334494085,0.4795357879619495,0.7582122742492619,0.6165823012969864,0.547122846746237,0.5591472333650906,0.6800557262987823,0.5987330141854011,0.7779108203382024,0.7564283318184784,0.6029745117539826,0.8696335330640855,0.6836906542766323,0.5209467240800635,0.6383044116554384,1.1836392136792,0.999781220620227,0.6027302698017416,0.5158417342160587,0.5090253381196324,0.5592023395454127,0.5478797164890069,0.5470013062505665,0.4796010644134563,0.4682708127061151,0.5886448315665532,0.7066476866237297,0.5316882618419054,0.4916737822330724,0.5026797580576614,0.5517745882159785,0.6703530628281278,0.9088610914673604,0.59552252229863,0.7195919126219853,0.4842261275822679,0.5840917494482079,0.7749658346709098,0.4992772685119635,0.6897005899850379,0.66288914872964,0.5533614871410606,0.9649759566099435,0.5466971253360079,0.8091189883422119,0.7170852430886563,0.6805226033945293,0.7233397561430561,0.449207095897182,0.6216366087442771,0.4920246279925713,0.6132663374118107,0.6399511859311472,0.6806565757611822,0.513771222569222,0.6059270736178579,0.8479234385778621,0.5730041302873863,0.4915573249140285,0.5599581995392405,0.5032545344789928,0.7027343409294603,0.59555180003927,0.7469095085094937,0.8047771177460712,1.2601002403472843,0.7033813097578414,0.5284884494847752,0.468212325340484,0.5374134644359481,0.6799509298018109,0.7216121791155075,0.5425521734451851,0.47776004605149125,0.6174620707872907,0.5368632034705088,0.6254940819150848,0.5263071264182348,0.5802758403113266,0.4118594374941028,0.598028194672811,0.7032201785443601,0.7144622668745205,0.5660113804236622,0.6465599739729483,0.6288215874020799,0.5970647138253051,0.5914614876464557,0.6335138467237326,0.5370144204689791,0.5061267392946588,0.5267095214753421,0.657312235849395,0.6690038127652673,0.5510060131401763,0.7306419364269972,0.6930096507621277,0.6505618402019656,0.5280060730532798,0.4592889479011649,0.748611737749723,0.654908128887887,0.5873682322756119,0.6029529120736715,0.5972069506046671,0.424189495009316,0.6617297302112253,0.6575195785797356,0.5919616592471498,0.5527144388102793,0.489746562364878,0.5994772199400015,0.5994160526815849,0.5986009223779906,0.49653851675012195,0.6298649274873196,0.560104095454292,0.6209446244642223,0.6489982621800605,0.5793896592080388,0.5496895508464015,0.6263578265399956,0.6381510886986002,0.8166756310646133,0.5964700332343141,1.6029904485671398,0.3927500672260088,0.5230239267893597,1.242991327653021,0.6888917605440408,1.2334250409204253,0.6447655205521488,0.5694849685129355,0.7320879731639458,0.5291415858772544,0.6535350077341151,0.7929630094674185,0.968211675115961,0.6896477075676977,0.7469739308424811,0.6603807143076985,0.8508758631293781,0.5785415690374587,0.48632830686420353,0.6820214674332914,0.395198354096372,0.6517933653713966,0.488556523899469,0.5321887419865472,0.9450773869737797,0.6197510816702784,1.3919813504399698,0.5320023394226618,0.7721777021767386,0.48039801286656075,0.5443924397831251,0.5219301454698267,0.6788774363051732,0.8169384200382296,0.5692135325294427,0.586491305338668,0.5909992370167914,0.5229872213644754,0.6594219420048257,1.4024828753693939,0.8437679976175065,1.069379193923603,1.0906320842566217,0.39361986760416123,0.9669588607770477,0.8475862826454685,0.7560066139970307,0.6558251755897125,0.7663413964532491,0.7666344854396276,0.778981259663971,0.6885809402844658,1.0940231569419383,0.6768417657739545,0.9381554728062247,0.7521321413014811,0.7808684223670358,0.9965460845433994,1.3872687454243366,0.6998434773024236,0.7920112665486374,1.2828375251849637,0.9156988371211872,0.6011134564886464,0.6251441076246292
1.0,1.0,1.0,1.0,1.0,1.0,1.0,1.0,1.0,1.0,1.0,1.0,1.0,1.0,1.0,1.0,1.0,1.0,1.0,1.0,1.0,1.0,1.0,1.0461347119082645,1.0208158116930428,1.208124703942653,1.4817314494770026,2.1205550483101168,1.2945773029544978,0.9032994036155502,1.1804323539064208,1.0552237574006977,1.1119622047519067,1.0717317082473943,1.2638755723186996,1.038999940095587,1.1124098896354937,1.196228053535436,1.1324272795141193,1.1100766668293005,1.1465129343692215,1.445586663171858,1.0382305822526043,0.8147486942030041,1.0493667253283854,1.0775807205695593,0.9880195912391373,1.0685081207627698,1.2021192064380224,1.1554549442485036,1.048018365270039,1.1542667470211156,1.0014744923928038,0.6614104833409669,0.5261996250639831,0.9917559950326721,2.8888497762349923,1.1287696270352794,0.9162873935268934,1.0616361520049917,1.4102283448926416,1.5682017717908887,1.1341371866067447,1.2193058512475201,1.2689562319650316,1.3147253722958432,1.624755443697254,1.0037251131137563,1.3587896341839882,1.1726273752137941,2.312012276275086,1.2191574521928943,1.1779955550107366,1.4382618535521343,1.1273029781136557,1.4883370536757887,1.794530270996449,1.022009061704626,1.0930128789064035,1.1951058331145268,1.117252168326122,1.030719741929233,1.2549627785990427,1.1227997112095518,1.3540779064728472,1.228126042362069,1.2841802537966993,1.2303376751713717,2.2224937891260765,1.6889582265010188,1.1172064647992364,1.3859926538950602,1.5078897210368514,1.1452411472393298,1.1894675437397446,1.1555372670153128,1.4770007625053865,1.3111055850814912,1.3948120999050322,1.2213655603802118,1.3074050034307365,0.9621980024016039,1.344867521168399,1.006331661103942,1.0349935620382713,1.1686377808883592,1.4318981563979052,1.2805652544155794,1.1377326664469596,0.9665359375351219,1.3139141927678313,1.1060760185273137,1.5451118775954154,1.4710244593668926,1.1140061313875653,1.2685508428375556,1.0911051591111103,1.7585786296599735,1.4879175684477348,0.8521761683241257,1.6511731208522924,1.074163056802042,1.4854793212140436,0.9536172953746282,1.1373184352451804,1.28747081731862,1.106764375484254,1.072141475290155,1.217143021620454,0.9572525848358882,0.9600030082658992,0.8068448779724541,1.3624503739963267,1.0664736647614004,0.9053028259300998,1.1204492547910765,1.2671913513887216,1.275439092751125,1.0478108885232553,1.035115482248007,1.2230524493622599,1.0709974107229219,1.0587776781170892,1.4006853915871975,1.5101911122618064,1.7677007379427332,1.9889378784865799,1.2549770464223422,1.1742132000455614,1.2090199964144066,1.093096459708462,0.9903251623001454,1.1182301460877637,0.9548693951538494,1.4991959655847804,1.075362325478502,1.3775469875161166,2.1853421452445367,0.8866492232550612,1.0744276862602953,1.0314458702918108,1.235516382906726,1.6174288920805424,1.0693704501147667,1.0169212880917502,1.3726293090255592,1.274403701351428,1.1515409075515541,1.1360639306321456,1.2314487614882972,1.0023327161184086,1.1875958428054894,1.8197987566996248,1.8769244702018841,1.2484323660037884,1.2383035553961752,0.9431921785389414,1.3220142490222893,1.542124748511975,1.051104983426439,1.0836265036703976,0.9367446695065064,1.9774794839737273,0.9821268386632218,1.4493464724342515,1.5853926695092033,0.932108982052022,1.0358573848300743,1.373484781846174,1.1623683407905707,1.3672356785822797,0.970517262618372,0.8987031927154682,1.2170403687126374,1.0442454123575189,0.9963761169593197,1.2691286561447535,1.4947031148982648,1.3129808336580164,0.9717555852290851,1.1962705585800981,2.148669752158253,1.26151442019101,1.0910456315262558,1.1869550244885962,1.2246728435971077,2.2707727283840455,1.5197970775522687,1.0189684355072288,1.1377467824724627,1.254900430626721,1.638924336234974,1.416618209670728,1.3578909947169275,1.2078054979376367,1.083684487221099,0.6184814341253271,1.179120083879758,1.1321490091083237,1.1050399786510992,1.2326105149058497,0.977739208204977,1.140416276288235,1.5481634612886523,1.4464096365321741,1.3426675446115646,0.9590605087685754,1.8897771787408908,1.3346083472564552,1.4179416401421259,4.575321672400265,1.8298346626527677,1.2000071270703567,1.600645032582781,2.1221584837236263,0.9889755993524854,0.9682593881305536,1.3141528603826256,1.2915109583981235,1.1842129372259018,0.9946505818439946,1.1568440616395994,0.9451148105622522,1.1793472148033761,1.3094497614685814,1.0275584052566002,1.0182250643484254,1.2922326546256988,0.8357457170456069,1.1766892800028512,1.252731262415303,1.0457986747366017,1.0830518076309559,1.0429149498269767,1.0580115614932866,1.0412722369479994,1.2666811463835215,1.3848867610347346,1.1238085914833473,1.4546877759158092,1.9810792860529722,1.4102518279791902,1.1834682332753559,0.933721786698978,1.4767774557042204,1.1957611983547858,1.066775574439021,1.0865053180921327,1.313703840952331,1.1629473019367842,1.505333494766118,1.472205454944535,1.162715879557268,1.6847243163096557,1.3386474523064833,1.0088675485091583,1.2412700849494833,2.3285894902978272,1.9403856223569889,1.1650524358933994,0.999261254562329,0.9930685011880712,1.0835856769847134,1.0699194372729424,1.0617578336056859,0.9343840458366721,0.9080634376501886,1.1379997003020343,1.3750102661070314,1.0295054015184029,0.9588559062516154,0.9768144459670767,1.0687744528174017,1.2945867182708355,1.7512718212621343,1.1545517693225529,1.3964832361935455,0.9382809899519735,1.1288743092478928,1.5330305324598967,0.9725791471603602,1.3385713330126003,1.2806053368333286,1.0780289869174302,1.851977017323431,1.0595546507241553,1.5583959112192183,1.3885456952969928,1.319856021291023,1.4181289737253078,0.8746741275705348,1.2041101324002477,0.9536940542989886,1.1992135411514226,1.2417948305592676,1.3213954313050182,0.9969633043947875,1.1693981813968954,1.645095487205678,1.1098681064769986,0.961678357381886,1.1029645557495078,0.9768649617581017,1.3620436768086779,1.156420562160589,1.449546067659057,1.5581166762784286,2.4530904619539036,1.371437619385448,1.0269145751021505,0.9148715363924987,1.0436257306937187,1.3112012022073802,1.3991830528332931,1.0541959256016586,0.929956049696241,1.1907358185680235,1.0506905905371915,1.2161886367491437,1.0171203866902485,1.1335458617927756,0.8017163853934767,1.142695250698107,1.3698050666234585,1.379403146218527,1.101551483890629,1.2546664256651063,1.2256065656324648,1.158993588303386,1.145072394055731,1.2238786726265927,1.041124003813633,0.9786446912852438,1.0093292241666645,1.261434253111522,1.314489517397642,1.0720586992174472,1.4195414570145806,1.3316346656417157,1.2615671172897667,1.0320645194741584,0.8964057684834674,1.4527563625604238,1.2867563271602174,1.1429489320747317,1.1837742930349704,1.1653106091302035,0.8253014802419596,1.2845738213555091,1.321961765311884,1.1616687874848584,1.0836132448371494,0.954247728508994,1.169623168956296,1.1720409305371255,1.1632295047713137,0.9648140949907816,1.227374343270741,1.1002132029302603,1.219635213348206,1.2819116511990984,1.1411805872252843,1.0844594012844926,1.2217391146203036,1.2490665192167691,1.5766512070211256,1.1637677004340263,3.0911526808466814,0.7653959955624353,1.0278339396273743,2.4254115754390053,1.3309293283631185,2.3748902559486695,1.2526551840553937,1.111660492631692,1.4258458017412323,1.0264556927181574,1.2692354004683475,1.5582128213535706,1.9385936147697387,1.347333190406328,1.4425769148069238,1.2867328293272995,1.697121197108479,1.1234161167860695,0.9509715792369204,1.3301017390114858,0.7776125146386609,1.2922898810057384,0.9647113912503709,1.0426216525321303,1.8586396477245142,1.211186125624682,2.742882645626317,1.0294024045485286,1.4978709541664874,0.9319606631425592,1.0623424689652492,1.0107609650237481,1.3165412840221125,1.587384639715987,1.1074943268278061,1.1395588806961714,1.1465167590083143,1.0298220260476514,1.2779353040147132,2.727698087820882,1.6367342199505115,2.0333360113598737,2.0945734923734354,0.7700078318079191,1.9092904829889799,1.6500732060062557,1.469102987501633,1.2628657672489385,1.4853476139963406,1.4829429667038045,1.508956401181809,1.325821269794866,2.1419361887545962,1.3281475308220037,1.8279229797624876,1.453013369116572,1.5177402549826338,1.9370217045293807,2.7948635763072787,1.3827271622651118,1.5366141614368267,2.482476958915102,1.7765758543801273,1.18133827763854,1.2144429642397698
1.0,1.0,1.0,1.0,1.0,1.0,1.0,1.0,1.0,1.0,1.0,1.0,1.0,1.0,1.0,1.0,1.0,1.0,1.0,1.0,1.0,1.0,1.0,1.0,0.9759657723069718,1.154830329289258,1.4162717627113819,2.022826703952772,1.2359532012604801,0.863197743937745,1.1246246109007556,1.0065477139977528,1.0615587313422203,1.0228898339892203,1.2064690853530249,0.9924057775392481,1.0619657888970506,1.1431166537658795,1.082872051611681,1.0597595746731738,1.0938837004580144,1.3779802599824211,0.9906085265090929,0.7776955702493704,1.0018424602171097,1.0291807353755116,0.944157208629532,1.019638153367471,1.1488887494410753,1.105013761220341,1.0006031586074462,1.1025050208084188,0.9556688331069765,0.6312746471773494,0.502491927819356,0.9459606287024742,2.7738816645206295,1.0775588880932994,0.8753464693882392,1.0130258362918736,1.34866080521536,1.497027385118763,1.0836179607580723,1.1640477802155431,1.2136108038878723,1.2546489685681022,1.553546250230542,0.9576942996303037,1.2988223494187388,1.1182877835255396,2.2097656965244896,1.1639726465535156,1.1254491030530938,1.3743632667492034,1.0784975911509849,1.4217150388838813,1.7134656369594512,0.9759463011809233,1.0443156508077522,1.1418441062476081,1.067052505740657,0.9854922400410906,1.1970679048878392,1.0722121660413406,1.2954510617142503,1.1745210402231872,1.226330954062046,1.1717570979490834,2.1232002482616714,1.6104491997928962,1.0668496527976352,1.3225982002820316,1.439827477352533,1.0926499100303912,1.1345090958896582,1.1045245710391058,1.4093551986815165,1.252436821089392,1.3298484017343575,1.1665263878080903,1.249127634460144,0.919203871922132,1.28565132183473,0.960737128365736,0.9886590477745253,1.1165704771113907,1.3682094718863043,1.2239797217365296,1.0876803537795077,0.924267280313734,1.253128532159422,1.057592636487121,1.4770389191814126,1.4120150854232278,1.06374948802345,1.2110464512510855,1.0425114643157796,1.680215521411192,1.4245019627265791,0.814350701514954,1.5744747158769887,1.0250131064795815,1.4193438349529024,0.9111457540900454,1.0852312817816265,1.2302235039832536,1.058071096414988,1.0242383600831366,1.1642728061889323,0.9149375562398758,0.9178147796534186,0.7694586076515371,1.3043266465804584,1.017651921222667,0.8649830980186207,1.0712634023775762,1.2109310012271373,1.2174551307621289,1.0024389343083868,0.9887604041784364,1.1692469858692451,1.0207607234386749,1.0112901756597075,1.3368311209803019,1.442478560511311,1.6872127519052988,1.8947751371770631,1.200141330749708,1.1198686743075303,1.1525474086744474,1.0458731147459117,0.9443347057669438,1.0686671376087227,0.911216097546068,1.4322660300655414,1.026032210387641,1.3134880048535473,2.0915006420525266,0.846735147734581,1.0274270338859255,0.9852734280786346,1.1796122664583195,1.5452508044376412,1.02140691017762,0.9728160998929812,1.3062810135975629,1.218034777155811,1.098888895981765,1.0849034487357563,1.1772211415903988,0.9574841103606582,1.1345977273868328,1.7387952173915118,1.7904855685904353,1.191573972867531,1.179466550391146,0.9010729478589844,1.26435839750779,1.4705186872437586,1.004016513952049,1.0366066044993851,0.8943780348438616,1.8923117395814621,0.9398864063045184,1.3851027527142263,1.5142692009122798,0.890884097259569,0.9902338292723545,1.3154532934582681,1.1107009609815457,1.3044650633207593,0.9258876645494372,0.8588536480155533,1.162107430756476,0.9967085646857018,0.9541973319857421,1.2122628442998231,1.431124239471378,1.254043552618657,0.9267768772937903,1.142624149007199,2.051376066605803,1.2058663518005308,1.0391376553833156,1.134291999392297,1.1709403070626925,2.171441974892788,1.4417073404714627,0.970115066587013,1.0864900672807218,1.1995598170083162,1.5670865999784382,1.3563351251150895,1.2993306590202987,1.1552778277720495,1.0348817845452785,0.5907759195346987,1.1270566388577188,1.0807149017178936,1.05446207737512,1.1770018011314543,0.9329121679643402,1.0871047243798841,1.4780927613345662,1.3847476456824452,1.2835470084139997,0.9153884948893761,1.8050529666181867,1.2759679738834846,1.355769392065688,4.289667439514362,1.7544568226064183,1.1450034428141902,1.5227018480717687,2.024749412175335,0.9449348950490093,0.9260227267774122,1.2557780130628846,1.23497870863749,1.1306311662928343,0.9501688631644043,1.1040013783227525,0.9034239595842906,1.1251189816009664,1.2503776937528603,0.9802270086710344,0.9718700758221069,1.2323243392795815,0.7962520368034135,1.122192299285178,1.1962804464363939,0.9979962991071992,1.0324522227056414,0.9960967514155726,1.0098065318890759,0.9963656011531488,1.2110551753346928,1.3226290535460699,1.0727057357489156,1.3902827157538094,1.8894564549967474,1.346414181181262,1.1320696366351366,0.8910583019039406,1.408588590903709,1.142920251793425,1.0190038368796577,1.0375518192653683,1.255150049496869,1.1106947129869196,1.440269101752064,1.4047348446493553,1.1130893032327198,1.6098482770452018,1.275307570437264,0.9646026079873996,1.1848243670937646,2.2132369555187283,1.8538410507007568,1.1142726660258773,0.9548353092453337,0.9467638611820778,1.0350657235325986,1.0201027497108546,1.0143098209956998,0.8915169140782193,0.8678300849244593,1.0885550840238634,1.3121130252405542,0.984187456437109,0.9145108095959288,0.9331629828896675,1.021885018311769,1.2386860182484574,1.676935554744774,1.1020191627633518,1.333972081651413,0.8965736725794803,1.0801875817675666,1.4557704681234265,0.9279553872906041,1.2778983557139414,1.2253099413851192,1.0283534965404781,1.7747261010830298,1.012279858811448,1.491381943580337,1.3276372864316308,1.2610348023775666,1.3499920269058496,0.8347621885792962,1.1511844649678091,0.9117272385650504,1.1431532450330217,1.1863465422372232,1.2625790633400493,0.9523389049362181,1.1181835351910117,1.5711533410497664,1.0612735639008495,0.9167580992336971,1.0489630338550655,0.9327677826588714,1.3013778412321462,1.104516599151448,1.3854940081361686,1.4889455399899323,2.3419831875604746,1.308004076427229,0.9805861299311998,0.872492209946579,0.996882391363207,1.2552652715615,1.3366516907520203,1.0067531406512455,0.8875051911313311,1.1398388458220006,1.0010685101201808,1.1608284513586171,0.9731499102525947,1.0804512560961124,0.7646706412129304,1.0963529338264126,1.3073524074556933,1.3194857456924516,1.051987753457679,1.1984316263013421,1.1691772841149568,1.1072826566640663,1.0949221956042885,1.1712121355812544,0.9949007806151975,0.9363256871856284,0.9688244359434388,1.2088459375486735,1.2507360263065825,1.0235483429794052,1.3552939639070771,1.2765094500048932,1.2057900471177305,0.9837656804709288,0.8550192151689388,1.3874462447505762,1.2242434233190855,1.0911434568718863,1.1267166276630811,1.1113993362085992,0.7875683520165678,1.2269065113609334,1.246337959836968,1.1058356601915351,1.0320750463509318,0.9102937912557334,1.1152946488188324,1.116866390294487,1.1106005122494849,0.9208710296218621,1.1717559383758305,1.047344359827406,1.160352304884865,1.2179348833642751,1.0857267118144165,1.0308207168953878,1.1653864249578372,1.1901508807639267,1.5080203447882514,1.1103404866989075,2.9532807999113273,0.7303001244893086,0.9776485497630149,2.313904911971514,1.2723726220186422,2.2746500822519167,1.1969937877604198,1.0606501285438612,1.36008365729593,0.9807458829247812,1.212827685972484,1.4816517322263172,1.834806373495402,1.2847442756729643,1.3811205020892885,1.2279913146777925,1.607336454390052,1.073238681955149,0.9060751296890036,1.2682845288498394,0.7393919576748204,1.2263739424914157,0.9166154586568889,0.992888859949794,1.7668700903157963,1.1540347187687947,2.605775542536733,0.9846021949733461,1.4305092032872193,0.8903567079321386,1.0123768083022602,0.9663889403639998,1.2579157704966635,1.5157353399899338,1.057330153152136,1.0880455713577004,1.095816266830576,0.9793107774009586,1.2213204656143253,2.6068788664687386,1.5648094082641486,1.9564690880785833,2.0058349456342754,0.7336517443147846,1.8120188017518029,1.5736150589924929,1.402911433747755,1.2090623743968654,1.4193919339961598,1.4184494629902533,1.4426536823563865,1.2695774072531685,2.0394256433319984,1.2646952071672357,1.7409236708931324,1.3901983428287372,1.4492199974905806,1.850054261080678,2.6414494958930934,1.3136465150452197,1.4683216438871942,2.37548149835808,1.6974130043819673,1.123486444559165,1.1598682590110743
1.0,1.0,1.0,1.0,1.0,1.0,1.0,1.0,1.0,1.0,1.0,1.0,1.0,1.0,1.0,1.0,1.0,1.0,1.0,1.0,1.0,1.0,1.0,1.0,1.0,1.1815304706478302,1.4493933961037013,2.0696520079916123,1.2645549453854394,0.883403435344012,1.1500601298132094,1.0294594013155072,1.0857284625618435,1.046357599366269,1.2344934334423654,1.015542176198018,1.086697204929683,1.170492441488904,1.1087448224376657,1.0844631901542159,1.1187465135369883,1.4096170790910927,1.0131397399486919,0.7956917316830612,1.0248872413528267,1.053054489746596,0.966154191318718,1.0428548895511307,1.1763861961823041,1.1308955646641612,1.023565973222511,1.1286681471835824,0.9775008689154969,0.6458792015640913,0.5141888503563338,0.9678074271726782,2.844545700538257,1.1015358551608496,0.8956113159860701,1.0365427757181633,1.380944773543094,1.5310000124521026,1.1099013871631165,1.1917169600136504,1.24259664717106,1.2835494004786057,1.5909110495040013,0.9801031841845298,1.3315419132500217,1.144171486099128,2.2633203216130973,1.190795812283647,1.1514102159618433,1.4064629544020244,1.104637014726022,1.4551631274529682,1.7545454366554933,0.9982739581370181,1.0686062241478278,1.1693179318765363,1.0923150986905044,1.0092930588071771,1.22431100409201,1.0970025761330784,1.3261949953660985,1.2025454791156736,1.255169853155087,1.1980803591912554,2.1737101899759153,1.6472876304539854,1.0918598743821193,1.3533323914888222,1.4723947024603075,1.117604203557502,1.160821059460498,1.1303325585860475,1.4420383755915227,1.2824073096449937,1.3592695100860297,1.1937703015329042,1.2784085001705219,0.9412171454512084,1.3161135511884519,0.9829691896539428,1.0124675153752178,1.1430670026787233,1.3996033163423927,1.2533480976772235,1.1142755476796862,0.9463599629814885,1.2823325618117125,1.0825085602837101,1.5116234147079268,1.4493809481106106,1.0884580921413485,1.2397098335166257,1.067004599595519,1.7193960852309162,1.4592959361874014,0.8337062163840803,1.61121014921105,1.048350706274761,1.453180695276398,0.9328662442296004,1.1104958317783944,1.2585949122033897,1.0832433698880322,1.0480177707767082,1.1921803991409043,0.9363161543882623,0.9398010841240587,0.7870288832024726,1.3363265170611087,1.0415501082715473,0.8854059294282621,1.097686723149852,1.2389995308198332,1.244704349788881,1.0265673564037012,1.0120858637003485,1.1975296594124656,1.0435001493527634,1.0348638850001939,1.3676261585882628,1.4768158689921527,1.7266069254510716,1.9367748671288751,1.2292256841508205,1.145586204309136,1.1781118607909853,1.0715225787043592,0.9653923473309542,1.0939651193194413,0.9321164365323364,1.4667030491310866,1.0492814186145412,1.342413119064398,2.141490434710647,0.8667881485308523,1.0519402271507234,1.0082658524493262,1.2069192922604448,1.5813235895194986,1.0452429263331382,0.9971625433959855,1.3361048653530765,1.2473133023745697,1.1244073576892037,1.1101297311695923,1.2058980293324635,0.9797759800794983,1.1612593707602668,1.7792118356477593,1.8324213339447342,1.2198935855561492,1.2054658143150179,0.9219802276213958,1.2942241642678987,1.5033210959847314,1.0277403033968042,1.0619868231178873,0.914925308979186,1.938280322849927,0.9626281799226815,1.4183499870375726,1.5502836004779152,0.9128989280586246,1.0141774132321615,1.349408733518962,1.1368685401016174,1.3351600222739428,0.9471485936404096,0.8793628074002859,1.189834925615051,1.0200310424485628,0.978019401276691,1.2419630088472526,1.466733247056134,1.2822109502694605,0.9478340486732967,1.1695065547223518,2.09998984420503,1.2346914377267264,1.0617274154967768,1.1605649604148556,1.1989742837479227,2.224222774405999,1.4702267104848938,0.9914457312967995,1.111566709459571,1.2288719828701211,1.6047547292448194,1.3905771967348854,1.3308928107198117,1.1830222907665568,1.0596486923485473,0.604555360952132,1.1550797630161045,1.1055263382405287,1.079214907371624,1.2040685524013166,0.9537855635424557,1.1119332373883393,1.5132609272874595,1.419446531991697,1.3139424299203772,0.9368262282380817,1.8476081116285479,1.3075041207534326,1.388734072051202,4.34070960468325,1.799185359996202,1.1715676157361146,1.5539799091023696,2.0724248324281147,0.9669262816453749,0.948416145924803,1.2866640054072036,1.2643105061723756,1.1571179862664027,0.9727915541794602,1.1304144264049203,0.924788687924358,1.150666627220111,1.2798307838394498,1.0021525023309243,0.9944401304820127,1.260785111000692,0.8137865268351101,1.1480942869654642,1.2246534738404495,1.0211595754678833,1.0555848385426618,1.019490593031897,1.0329480351554685,1.0211870492488209,1.2401108315810214,1.3545665766156103,1.0974537309238936,1.42426113484485,1.9345715808462085,1.3779221597170324,1.1592111055890415,0.911544593579579,1.4412861890308013,1.1698116517929376,1.0410322551421336,1.061664302789716,1.2870479730585476,1.1368008580414088,1.4744801629346587,1.4374176086190222,1.140490610446934,1.6484921693457624,1.3032964407849368,0.9874884833202173,1.2126928729034288,2.2614879797846026,1.8974970228036248,1.1414419057106409,0.9778787693584149,0.9684892056839053,1.0601264685046101,1.0429493795986178,1.038075321368693,0.911987597685332,0.8882069130585571,1.114852573239319,1.3427663729357793,1.0078579532182363,0.9353357679951418,0.9545259227384537,1.0461213629618533,1.2688403850954393,1.7185703402200478,1.1289474432039297,1.3660478465180597,0.917769593388849,1.1062003371373688,1.4851527628127574,0.9493811766432555,1.3085273348434532,1.2549161578508263,1.0519604984074404,1.8211138303543237,1.0365588973446838,1.5288256739392365,1.3593827779826575,1.2909400128921438,1.3796908018456047,0.8538203040175623,1.1784540588539487,0.9331104875764632,1.168339893106993,1.2142134104058835,1.2919732436698856,0.974772203758124,1.1461307332444006,1.6088704920635446,1.0863262397867959,0.9365508771398103,1.0706641134262067,0.9549680911226784,1.3323806939970269,1.1304586917874784,1.4177420659254079,1.5250426863753184,2.3958175529649086,1.3378385254853262,1.0034555765692978,0.8918005677619228,1.020224879832921,1.2862107686506212,1.3685562803890918,1.0301690978889915,0.9080539435086878,1.1681258726741013,1.0232239492196356,1.1879311965549555,0.9966171128968562,1.1047417730789515,0.7825126190906311,1.1259460357669222,1.3368939933905613,1.3522410885372171,1.0761657236626476,1.2266302872297947,1.195963389458825,1.1332014321143173,1.1210881335312726,1.199142807361798,1.0185240849593604,0.958787714788849,0.993232725949101,1.2403722736036766,1.2776330809735876,1.0469149278494845,1.3873910962195244,1.3088115539198601,1.234216431596868,1.0057540852383615,0.8740939293510666,1.4205881699723288,1.2506422414015275,1.1160606168909537,1.1510221218414731,1.136639980845953,0.8059627018391653,1.2558702349574427,1.2697289687918387,1.1296204906281844,1.054741819474115,0.9311578222275602,1.1406396230388478,1.141765355840096,1.136490253589276,0.9428292787530861,1.1983781407076073,1.0695357687967353,1.185489877972039,1.2430317967134124,1.1079948038540643,1.0520845056300654,1.1919701751815701,1.216217934862965,1.545642254007328,1.1352142170891757,3.031000677786333,0.7469630453188856,0.9991351977062989,2.3653240926140318,1.3038079131097633,2.3314557918397973,1.2243600122997254,1.0839736184899054,1.3916544513507687,1.0039243080901301,1.2405157016640456,1.5142094174370992,1.8683550140310965,1.3133565434522376,1.4144075197679697,1.2561466802615084,1.6373919618936856,1.0982342511069105,0.9263678141083402,1.297643865980194,0.7551385100651452,1.2509049855633811,0.9353853573479542,1.0145605193624596,1.8052832797238965,1.1802377777513402,2.6619387125975034,1.008041647289691,1.46483057289272,0.9113672394099763,1.0356879320420673,0.989447598572991,1.2876550830856361,1.5511197191932835,1.0814092792943992,1.113405189479895,1.1215042868653224,0.999825802888812,1.2503484952624027,2.665433072439661,1.601230625938124,2.0086183493928926,2.0582899603085343,0.7500412872453097,1.8505916805711617,1.6107969511835663,1.4356392708833468,1.239600060839689,1.4533632204707327,1.4528551778576984,1.4767961593345993,1.30157708717087,2.0850606394441313,1.2918331530255056,1.7824565435554427,1.4245125363929911,1.4829585907573972,1.892522530131895,2.685660684989852,1.340182387613602,1.5027668612972516,2.430283025418399,1.7369956535864008,1.1477690044746782,1.1868483577387356
1.0,1.0,1.0,1.0,1.0,1.0,1.0,1.0,1.0,1.0,1.0,1.0,1.0,1.0,1.0,1.0,1.0,1.0,1.0,1.0,1.0,1.0,1.0,1.0,1.0,1.0,1.2255581986550985,1.7488618764001669,1.0697100786026847,0.7470777256856806,0.9731348430005858,0.8714145098721682,0.9189574584730018,0.885012047253914,1.0433152011685,0.8589571145434711,0.9188541449416103,0.9890270825475718,0.9372466797528503,0.917086353612991,0.947318288691016,1.1921639299207603,0.8579835747898483,0.6727947989603493,0.8671418081413098,0.8909258095580992,0.8173581225212398,0.8825223488255547,0.9937825989648754,0.9566235549058284,0.8663802723225545,0.9537443869396669,0.8275939936925849,0.5464080190799032,0.4349358411493231,0.8182945177648062,2.395437298087256,0.9335092160410461,0.7574460791775007,0.876509718804625,1.166724792696957,1.2972575937552933,0.9367448935385716,1.006514042130985,1.0499304870738921,1.0854322376019128,1.3438433110085564,0.8286384807391998,1.1220216857201006,0.9665828214420096,1.9097020664623439,1.0072402509510585,0.9745340281889889,1.1897098414342744,0.9329694731573055,1.2297563643736038,1.4819178206279653,0.8447086951230589,0.9038336045047377,0.9873986945825237,0.9230195871621552,0.8527749029194795,1.036351743929083,0.92828183586198,1.121092272512541,1.016003729727628,1.0605504763253908,1.0151724076526114,1.834397543813453,1.3920501619654644,0.9233787698326644,1.1445326986494146,1.246413446104955,0.9458181900531668,0.9813712739399121,0.9558641405698336,1.2185855639279184,1.0831897569541418,1.15160682014571,1.0091731807663133,1.0805691508336959,0.7949487573486275,1.1120471702056292,0.8314583359674105,0.8553247473407717,0.9656366147971451,1.1841221474169088,1.0584179590467007,0.9398755719272114,0.7989318389336737,1.083844358613332,0.9151575109288108,1.2778684327115097,1.22039835829613,0.9202036052320075,1.0469604403677457,0.90203288563817,1.453311160338965,1.2318021676341242,0.7046599501014039,1.3615669208993202,0.8869993159346603,1.228441287784991,0.7881294012984068,0.9393447485252286,1.0644866164573679,0.9154657766656136,0.8865774799292868,1.0070672099801263,0.7920197292739901,0.7940981395963835,0.6661796047433761,1.1276040255651472,0.8801261141051705,0.7485258289256724,0.9263200002809447,1.0477807525515515,1.0542632818122537,0.8672386430325327,0.8558473224083961,1.0108218911971423,0.8841308428334383,0.8752653745663257,1.1569292812096703,1.2472327293929093,1.4600065583491193,1.6394956294850256,1.0376794241246388,0.968914252406934,0.9977393857927341,0.9033447077146805,0.8176124584161972,0.924808330829183,0.7888034397089172,1.2382176686770163,0.8882493220004413,1.1375840510201893,1.809752441410172,0.732377933500366,0.8885364874615858,0.8525328986119264,1.02058628193848,1.3367916211532078,0.8839936884942143,0.8401237334105762,1.1297611294600198,1.0538250890063448,0.9505970757696156,0.9387400427477701,1.017719649136696,0.828697754229097,0.98134226661166,1.504220209015016,1.547377253684349,1.0306386434742634,1.0207855685637164,0.7799429027225507,1.093670041585331,1.2734353170595563,0.8684185505247247,0.8960286023484689,0.7741468650985026,1.6354285640667015,0.8128148356882579,1.1982279753635674,1.3092849687713919,0.7701036901152737,0.8557861671052516,1.1355917472098218,0.9615811631096723,1.1285031910234973,0.8009334171613194,0.7430199263760504,1.0045108872328279,0.8620469554865295,0.8244141983116462,1.047693464500485,1.2374576823620287,1.0856935816343554,0.8023211609587427,0.9888052113671535,1.7731223189016925,1.0430019893597948,0.9001760294660366,0.9816462277813343,1.0126003290271508,1.8780976718020308,1.2489757370089136,0.8398076196072894,0.9405059546887531,1.03704532127521,1.3558132784091492,1.1716543291930388,1.1233242410021882,0.9994302208677588,0.8944839105080529,0.5111217175229352,0.9735046793129496,0.9355903127798024,0.9120199878639477,1.0182450081995844,0.807784415776791,0.9407730565993329,1.2783395911909199,1.1969107276775888,1.1104944747068335,0.7916849088056854,1.5617914251544702,1.102474868247909,1.1715992210585566,3.742340306730413,1.5194484355025666,0.9912438090938067,1.3224368084462488,1.7495712338167135,0.8179356174293597,0.8012853927990738,1.086122615322917,1.0684833021269626,0.9782686350284304,0.8217287244625339,0.9550099720232545,0.7816584025246441,0.9737318827271029,1.0816613865768108,0.8492355667105709,0.8413515483736589,1.0657284637100042,0.6899329700605805,0.9710085244950915,1.0343963594457362,0.8640993732320501,0.8943128791687232,0.8623230414271927,0.8743192385242491,0.8610578716567445,1.0472863908083898,1.1435813431730857,0.9289364712756543,1.201970251463339,1.6333503131496263,1.164712433124362,0.97921883728024,0.7713396389048198,1.2186887528846662,0.9885999368221438,0.8836551860693015,0.8981403042257463,1.0835585786660218,0.9610411391630906,1.2459547303014014,1.215088248371835,0.961867742660593,1.3920296908237497,1.1052924369500055,0.8346264187007004,1.024599721488466,1.9135921535654412,1.6026542729031221,0.9636256196392622,0.8257433222451579,0.8191851133529182,0.8953353398006161,0.88387269172977,0.8779072649073643,0.7717246487368475,0.7511301292647689,0.9409520352179963,1.1344895961533035,0.8511765249355656,0.7914521700099437,0.8080938518625116,0.8845348044260744,1.0709847202463947,1.449109307743588,0.9525173241987843,1.1531800627213218,0.7758083514522389,0.9345294016644061,1.2613571248276547,0.8041207709446638,1.1051162329855218,1.059951007219668,0.8903952156118506,1.532178540638458,0.8757759381208651,1.2893311276671677,1.1482042250821864,1.0906738592580725,1.167716496774053,0.722710552089455,0.9960609873388931,0.7892297962743888,0.9906698557192044,1.0262732555050436,1.0924468452322555,0.8241747668442436,0.9660558880931622,1.357903810840006,0.9188188047726016,0.7948972340351617,0.9094427661397042,0.806865880510296,1.1256078319062532,0.9551598428673064,1.198730249897929,1.287496079005781,2.027493205465979,1.133029785616586,0.8487408901375462,0.7556150380700393,0.8628327634912639,1.0850443661702687,1.1556466818489992,0.8712569193071262,0.7681315763843607,0.9853711761361933,0.8669242942610912,1.00399095088216,0.8417718815578208,0.9350541660198927,0.6618588003775896,0.945998653922401,1.132446489223432,1.140817942773011,0.9107700960446345,1.0371554942077752,1.0114664224609855,0.9587155544946292,0.9471002147067199,1.0135364899878347,0.8607284976650721,0.8104351587998114,0.8383025098608445,1.044457294936871,1.0849346116764242,0.8859753244122293,1.1718761894599563,1.102019932873846,1.043045236642112,0.8522305738538914,0.7401819802252813,1.2003620601637857,1.0603119699177403,0.9445513056055259,0.9761524345249613,0.9625231777831277,0.6817620667739113,1.0612912882895627,1.0802538521901832,0.9580476857182296,0.8942692387647883,0.7887236599966015,0.9654383763582517,0.9672557839849865,0.9612891784025064,0.7961582542113855,1.0148792168008958,0.9077896350561487,1.0051304135086443,1.056878672334543,0.9419719118117901,0.8944557928651137,1.0091018187321885,1.0307152375148028,1.3038799650203896,0.9620858803754248,2.5491139969270415,0.6322577002891557,0.8466203453280412,2.0016564241225168,1.0998221970011441,1.9653481293969661,1.036043853004818,0.9192061103446256,1.1768166370386342,0.848641037348073,1.0500627989356015,1.282310256409522,1.58929867564712,1.1116634662682343,1.195950574483208,1.0636515163870817,1.393982258517186,0.928522667550949,0.784076101768097,1.0990989623868583,0.6408537754014307,1.0628012253120167,0.7946938830650632,0.859797155630628,1.5303980667384134,0.9991607474218773,2.25557727106162,0.8518695197121788,1.2377435431755814,0.7705698990663141,0.8772925554472808,0.8361467703672611,1.0881915130831352,1.3111776608793988,0.9150515862572068,0.9410829159611355,0.9483525790066181,0.8486198987947916,1.055904914260382,2.2569444161125976,1.3539654335871316,1.6889621720751742,1.7346565991219491,0.6354303211744572,1.5684382990878396,1.3603554687987038,1.213564055920678,1.0449417666652405,1.2275309860156223,1.2273743991121637,1.2483072910896584,1.0977595730246437,1.7655973143513917,1.096183887074758,1.5050451383467767,1.2010674646326436,1.2537360410035316,1.6020514083014743,2.295601248027281,1.1391271559416725,1.2704608111041067,2.0549596880826644,1.4681763736766658,0.9727629877329456,1.0041583502166647
1.0,1.0,1.0,1.0,1.0,1.0,1.0,1.0,1.0,1.0,1.0,1.0,1.0,1.0,1.0,1.0,1.0,1.0,1.0,1.0,1.0,1.0,1.0,1.0,1.0,1.0,1.0,1.4268454559536863,0.8723095513462614,0.6092248940333574,0.7936823149497512,0.7104639327714047,0.7492216132442016,0.7216903331791165,0.8510464276849141,0.7003179232169471,0.7493328517196083,0.8067296678277943,0.7641359649891399,0.7478576310696075,0.7723294607580404,0.9717691813903391,0.6994695706996252,0.5485796640232107,0.7070355961419229,0.726343106349919,0.6664292017690361,0.7195941210770898,0.810559479182414,0.7797294991484089,0.706333778315415,0.7776469777466577,0.6747730050551706,0.445577342455049,0.35464128205240175,0.6673322201830735,1.953385473097557,0.7606344349744691,0.6176393982745959,0.714922630290244,0.9513591050880136,1.0581033160956088,0.7644322870479231,0.8210486437165516,0.8563305067106073,0.8851890486571008,1.096137321548311,0.6757891988846488,0.9153037400327177,0.7882977286176627,1.5579355065074663,0.8215368062486683,0.7944393293503684,0.9697857921453839,0.7610963546932021,1.0028876907612159,1.2081051747996803,0.688789606381649,0.7371014468649182,0.8055175677725493,0.7527562519220571,0.6954183869118513,0.8450292346329409,0.7567693039192483,0.9141815855532438,0.8284715559894754,0.864854233993422,0.8275151345516978,1.4968203553242718,1.135086339512402,0.7528857013793593,0.9333306349183303,1.0163655243019039,0.771300318572974,0.800519688050937,0.7794224024967498,0.9937398512553336,0.8834463158471694,0.9391302420653387,0.8230265131122566,0.8813139733927142,0.6485134695120472,0.9068741203576276,0.6780863190028994,0.6974980075617536,0.7874807546450797,0.9654372453932338,0.8634096629646821,0.7664790283049743,0.6515600448077353,0.8837120077731049,0.7463012680670152,1.0422120516218185,0.9953124099562536,0.750391393012733,0.8539656707371017,0.7355442295867628,1.1848377129732706,1.0044040467972781,0.5746912797290329,1.110490095334597,0.7232231822386384,1.001734375195521,0.6427750955190642,0.765866176473432,0.8680387717268965,0.746627950000658,0.722840640331022,0.821256840800171,0.6456714825865374,0.6477567153301598,0.5432177813083788,0.9200800571941234,0.717973764642266,0.6107781667769518,0.7555164606721261,0.8543660817589575,0.8596644345661579,0.7073505678926834,0.6978268310604997,0.8246287275517022,0.7207674644149367,0.7135269373533031,0.9437520457092119,1.0168808906920004,1.1911331503729667,1.3375073353636746,0.8461558324601299,0.7902519354269736,0.8136435665651677,0.7369581046668989,0.6667153063361603,0.7540901060322027,0.6433201890245733,1.0100279796412246,0.7242896849877094,0.9274274713196722,1.4761259283536246,0.5973167511718556,0.7245681338707191,0.6953145558843767,0.8324213807422629,1.0900928803058947,0.720916563817453,0.6851156828852083,0.9213187469246085,0.8594065974317604,0.7753647897626427,0.7656991981773749,0.8303264358241851,0.6757185042286601,0.8004359282071093,1.2268863280702096,1.2619494894040413,0.8411478818339834,0.8324503640808829,0.6360787578566905,0.8920481881561353,1.0383972225937401,0.7082688646485982,0.7308572988227423,0.6312683965761232,1.3333612982508134,0.6627722437358619,0.9774969920116249,1.0681781977272813,0.6282624364509326,0.6981130941521685,0.9269741581199952,0.7839870321321099,0.9205022085808716,0.6533044828400607,0.6059074380452423,0.8193975793512304,0.7029973408061716,0.6723713629190562,0.8552820044684546,1.0090137034112368,0.8854951140181425,0.6544453932959151,0.8063000423229034,1.446166016061741,0.8505963591007417,0.7337076009823972,0.8004322414856979,0.8259454661186387,1.5320637291040122,1.0186058234496107,0.6849017233846689,0.7670147186276741,0.8459336454777101,1.1064365013413018,0.9554847992810422,0.9162929795555717,0.8150658654566032,0.729632525707415,0.41665960643185546,0.794438219093155,0.7630333790854025,0.7439348333798449,0.8303332689371805,0.6587073110448117,0.7668549225651384,1.0425872715635838,0.9763270025836426,0.9055468519719572,0.6455748365449913,1.2737409670107525,0.8990658337948891,0.9558873207201981,3.0488374909477507,1.2382047262479374,0.8084014428810501,1.077101607677299,1.4271353535504576,0.6669286774657066,0.6532064692567607,0.8858055301199578,0.8714715030802898,0.797868098322169,0.6702528785993687,0.7785329733463537,0.6374710982880718,0.793781043604891,0.8823192558049092,0.6918529978762535,0.6860309658957862,0.8695122113800811,0.5624068454605169,0.7922299947956086,0.843582121762285,0.7046052328226997,0.7290606697239939,0.7030695540434866,0.7126538437412082,0.7027725930984745,0.8541879294426292,0.9327062398113214,0.7572560395257458,0.980562382826861,1.3320067136878297,0.9497597211182194,0.7987875703983249,0.6290551168108033,0.9936176272024072,0.8063709112807137,0.7195621234406429,0.7324152743242756,0.8838351491129697,0.7836919370792439,1.0160147352406814,0.9909334630435996,0.7842631160725666,1.1356001284431074,0.9008000918588788,0.6807235997654204,0.835789877967799,1.561862884973197,1.3073397188939346,0.7858334745994675,0.6736288085428077,0.6681106521047103,0.73032941864084,0.7203332041754813,0.7159240398779104,0.6293050678021506,0.6122479701501686,0.7674878255951691,0.9251942602656306,0.6944510187297523,0.6456969578905639,0.6585375828562899,0.7213776585143723,0.8735436148510426,1.1828817371116336,0.7771791092079787,0.9409560380980302,0.6326268139160253,0.7617325248931909,1.028577530222263,0.6554718831658632,0.9012766935446793,0.8645126509568679,0.7259699357845315,1.2506608522524385,0.7144103666754331,1.051826225795812,0.9365078376160165,0.8896300249454228,0.9520816452591878,0.5892853248011279,0.8123747946207316,0.6436116194328423,0.8074196418219892,0.836825588259219,0.8908389566800274,0.6720016141144287,0.7887920109083424,1.1081726811586923,0.7489946764153204,0.6477319776226637,0.7412005476925339,0.6583551921953544,0.9180792355309401,0.779082661731399,0.9775207500695852,1.0502831415102079,1.6533864807896397,0.9238658168125478,0.692155121004703,0.6160064491873588,0.703514026822082,0.8851342759557344,0.9427224008950895,0.7102732151917722,0.6264246485210694,0.8042076291771344,0.7066690507506407,0.8187130285186136,0.6863088418530188,0.7625001291523701,0.5398983621773635,0.7727394960084836,0.9237284578856022,0.9305381480471391,0.7427355829752194,0.8458208684500967,0.8242473264743122,0.7815995674378737,0.7725130128019286,0.8265900581581804,0.7019984735940339,0.6609487184847772,0.6833169217312841,0.8523527071524903,0.8843344983438883,0.7224314145046951,0.9561222079553731,0.8994626702603098,0.8506661779173718,0.6945774312350608,0.6035087527221661,0.9794156926102501,0.8645489896604823,0.7698561643206423,0.7960478863279541,0.7849943631723725,0.5560054249546433,0.8659601441736475,0.881017342591338,0.7808805950665987,0.7292003138780505,0.6430470850558958,0.7872787558372721,0.7886731536644396,0.7838017357962106,0.6495300060757647,0.8277980793521691,0.7394021093336217,0.8193896945156032,0.8612029102277076,0.767360377732202,0.7288808432520446,0.8227026717524782,0.8405470556486384,1.0631031590103168,0.7843384249705909,2.0852569494955073,0.5156339094132762,0.6904560130085127,1.6313745067303862,0.8972830750960255,1.603204956973644,0.8446779502863504,0.7488528568338364,0.9599490998737374,0.6921635407059783,0.8560618678137654,1.0454926443957588,1.2942237473693654,0.9066198415195483,0.975262974806105,0.8673946021514373,1.135839955033863,0.7572124070838486,0.6392931666373234,0.8958443978220103,0.5223780764085963,0.8664958335683418,0.6477599396590008,0.7009385326016411,1.2472294973550873,0.8151196614821502,1.8395721003442551,0.6947498780767228,1.0098458434401276,0.6284544287708116,0.7152471072732307,0.6820322223204054,0.887407875783139,1.0694483758179403,0.7456196568411058,0.7676574358103765,0.7725699908095385,0.6914043935030407,0.8613453428091253,1.8415378860910563,1.104510674187333,1.3761795901019045,1.417889054144054,0.5179229674107702,1.278828835545169,1.1100633511896874,0.9896225873644747,0.852621699495749,1.001375915111903,1.0010902841520808,1.0181802368664754,0.8953972093374439,1.4397095786254699,0.8936542959348657,1.22855283778462,0.9799098327498956,1.0224816070893161,1.3056626179904016,1.8721751550461916,0.9274170713374331,1.0361805373205206,1.6737122407266343,1.196955357182743,0.7928065046178344,0.8188367898975075
1.0,1.0,1.0,1.0,1.0,1.0,1.0,1.0,1.0,1.0,1.0,1.0,1.0,1.0,1.0,1.0,1.0,1.0,1.0,1.0,1.0,1.0,1.0,1.0,1.0,1.0,1.0,1.0,0.6086757651400136,0.4245589229502892,0.5553517494636857,0.4961030855050984,0.5228266904056624,0.5041097222772438,0.5946832268681401,0.48833766672660484,0.5231600467557089,0.5621368897861334,0.531915857403872,0.5219476331638176,0.5388914828625968,0.6801230683712542,0.48784844282568346,0.3832891032429978,0.4933762624626594,0.5064198749676078,0.4642503926084131,0.5025167185170059,0.5651340355010793,0.5427963165128683,0.4926002439726765,0.5425131220002968,0.47056848107193466,0.3109024179961427,0.24730631046524232,0.4665918787223374,1.360296071001378,0.530887256802965,0.43090466976686537,0.4992344679722058,0.6627757181234089,0.7374088899625993,0.5334087133462639,0.5735694235397083,0.5964743690733736,0.6186874213700261,0.76370954351596,0.47167621466960963,0.638715526103067,0.5522923213466139,1.0878096270093986,0.573454978616005,0.5533646615990516,0.6758191128901061,0.5296906250927447,0.7001323256543674,0.8438051122737015,0.48059490336342564,0.5140365210752652,0.5618738079079619,0.5254090604320492,0.48400208834776326,0.5899856106397212,0.5275564426395616,0.6363866310373762,0.5774218685243957,0.6041244233740238,0.5781193979423117,1.046406530153673,0.7949287307066225,0.5248133458623353,0.6517435474867277,0.7094785556121375,0.538524944096437,0.5593609603521155,0.5433023531898419,0.6952921708256344,0.6161656918749003,0.6560964337340913,0.5743832064588709,0.6148646957729311,0.452220163481913,0.6325357546445385,0.4730821742857858,0.4861887293543045,0.5494809022733809,0.6733886341015467,0.602104845983363,0.535157440029084,0.45474112390373467,0.6184657750977167,0.5198413593890584,0.7267799738489267,0.6904393305031186,0.5238121718027434,0.5966551755483585,0.5130517689142046,0.827188499474212,0.6991830564140871,0.400400618526747,0.7761151539677382,0.5053910491981766,0.6975256357911361,0.4484381059572973,0.534366412937956,0.6055655585653048,0.5201777361459384,0.5039298588656911,0.5720234250021456,0.44994468430659185,0.4510092159821497,0.3793255216846732,0.6403817314152772,0.5016189621645244,0.4254265179855266,0.5264547255948585,0.5961271155013158,0.5996290480479002,0.4925131917124512,0.486383902106761,0.5751426141681983,0.5035168572050573,0.4976373270207407,0.6586862817235698,0.7102371863804305,0.8310545954666452,0.9368416200557974,0.5900177033336944,0.5520809819882025,0.5687185200698537,0.5143915623184194,0.4658177614851279,0.5255376643032885,0.44885404019991315,0.7051725461211731,0.5056686067221683,0.6487424180309352,1.0275944970980977,0.4168205144029845,0.505085433322247,0.4849681758811176,0.5811937742690547,0.7607698139921859,0.5026956362297458,0.4785050194022017,0.6464661426788192,0.5987648475429315,0.541660573170974,0.5343295633406457,0.5790908020456488,0.47118241675041495,0.5587175481880455,0.8561952784321978,0.8839278173470423,0.5870006602886235,0.5832617092817477,0.44340607104056134,0.6217119177398196,0.7251913725117157,0.49413617797399945,0.5094942378043111,0.4403924161215428,0.9300893266979602,0.46173547528827985,0.6812291870996162,0.7456768997171765,0.43820365488047547,0.4871566214854575,0.6453811559714142,0.5459486694023609,0.6426871340087472,0.4568154261930219,0.42228417536749746,0.572390475696789,0.49130149745964813,0.4685193516904381,0.5966709721966783,0.7017577925711492,0.6178361347024903,0.45679766714000025,0.562334840886203,1.0096688852920086,0.5931314514271012,0.51327561176295,0.5582233312782537,0.5758956092322687,1.0669409872970226,0.7169126363907317,0.4793916226382616,0.5348689796303755,0.5898557200655125,0.7703127576709095,0.6658762733844796,0.6385444777792523,0.5677468045244691,0.5097464181514069,0.2908950881420886,0.55451152131639,0.5320951493713473,0.5197824781413738,0.5800820340933674,0.4598632109413985,0.53636465276737,0.7280474181502057,0.6795003663250111,0.6312522974012287,0.4508203413187567,0.8886809768211045,0.6275530114927805,0.6669186987950491,2.164101272339331,0.8578102618342123,0.5637046813048603,0.7513539354092467,0.9986895621125733,0.4649285986896828,0.4547451169549579,0.6174873878679146,0.6070865169117429,0.556646159468908,0.46766523655159,0.5437687230454185,0.44423429316519575,0.5545439440284421,0.6157321280863493,0.4828952004154159,0.47851871825325565,0.6080038966246228,0.39288492346729953,0.5535344202311931,0.5893789697565194,0.49127715185060994,0.5091617272414606,0.4898648522733884,0.4973163429509086,0.48956423052776565,0.5955616004288802,0.6510276781964064,0.5279430029015721,0.6832960119748195,0.9320806167194792,0.6633916782720998,0.5562353874153059,0.43900420946649643,0.6943256215668195,0.5624045359225118,0.5015363322093835,0.5107302956829536,0.6178864289835848,0.5466723330422303,0.7080485686111496,0.6927492075224928,0.5467773021554342,0.7915061373255834,0.6289945950336088,0.4741404290603147,0.5838841088282091,1.0980526697923172,0.913129621018008,0.5476615287406417,0.46970374540371373,0.4671698883218709,0.509104106999292,0.5027659517062839,0.4990343568677761,0.43940422794931466,0.42681953871449185,0.5352274352944679,0.6468189545726537,0.4839449743439559,0.45097304376988323,0.459029239411483,0.5019055716233637,0.608433306628198,0.8234731485902553,0.5426441389324232,0.657020603471647,0.4407151279655246,0.5304215111178674,0.7225355561654077,0.45680401081898603,0.6294966749666127,0.6017641967811966,0.506595386443278,0.871213868742362,0.49780302713579216,0.7314235679951189,0.6529462961722274,0.6206436172098542,0.6685120384949079,0.41119053731134164,0.5660367582313601,0.4481282682016089,0.5636410726770384,0.5840251426963023,0.6214896471660363,0.4684860546660017,0.5494490485222712,0.7738851493735777,0.5215138814900546,0.45190450117683745,0.5189593729050451,0.45914140239361634,0.6400060819794615,0.5439497843825556,0.6819596391865981,0.7319922255126836,1.1541265184772285,0.6443078075358286,0.48257367085417896,0.4302690245618569,0.4905524287761457,0.6163648309149339,0.6581429179557013,0.49553837590082217,0.4372713239200867,0.5598110886237712,0.4943029948570401,0.5718201592961292,0.4780857661052901,0.5334722141224213,0.37668623261249856,0.5365539740020826,0.643831847878744,0.6480035749220792,0.5179789697817718,0.5895490251588481,0.576531158490996,0.5445590877894256,0.538375077484174,0.5748170145194154,0.4893271004749975,0.4598037287233121,0.4738597356497034,0.5924224223148482,0.6177083606997255,0.5040064695461637,0.6677154540731391,0.6264517179219451,0.5933396780345868,0.4851657486011389,0.4216778240109521,0.6828226823611125,0.6055809441157365,0.5379053611260738,0.5569280244970412,0.5479377731721076,0.38776921246389473,0.6039241433466163,0.623135961035028,0.546612910244421,0.5095050927729731,0.44806829073670695,0.5501712191701961,0.5513435566517924,0.5465329081136717,0.45386676213331534,0.5772640686723507,0.5174673215544002,0.5737640150939121,0.6022904437705476,0.5365030469380575,0.5096847141842258,0.5743765962899773,0.5879016886054677,0.7411673788036115,0.5468265896786824,1.4513447392076624,0.359939784342435,0.48364210606404756,1.1430001908082041,0.6251120882423605,1.1169907537985455,0.5892206138483834,0.5227391542167041,0.6706144147425906,0.48248416234719427,0.59671761869802,0.7344475861282348,0.9151554177837914,0.6348152060826763,0.6776339209362197,0.6047138879860166,0.7997417931923128,0.5284408612786327,0.44760839696144983,0.6244432240771616,0.36564014290950764,0.6091018900066754,0.45398901579039425,0.49050036100381345,0.8753705636264325,0.5695188150216626,1.291874821489132,0.483694363518008,0.7038213661833767,0.43783800506315473,0.49853810610815397,0.4750545150625999,0.6187812597711135,0.7464747636069287,0.520871060365297,0.5357582463692446,0.5392498231378418,0.4847172270462181,0.6010318395595581,1.2834659248435945,0.769905795772988,0.9550244917075235,0.9824773934832006,0.36187027961801616,0.9002337792594369,0.7762991911476445,0.6909242736366661,0.5935234471434024,0.6984787240568742,0.6967239845134975,0.7091850061823739,0.6226487158617465,1.0072299955617878,0.6250662874123877,0.8585093091283157,0.6836296848078138,0.713607257032345,0.9102334423572033,1.317447880156747,0.6512227492579421,0.7224186108191258,1.1676142125694728,0.8356595905614218,0.5558892107654247,0.5706594896742773
1.0,1.0,1.0,1.0,1.0,1.0,1.0,1.0,1.0,1.0,1.0,1.0,1.0,1.0,1.0,1.0,1.0,1.0,1.0,1.0,1.0,1.0,1.0,1.0,1.0,1.0,1.0,1.0,1.0,0.6977345532339875,0.9107795861476624,0.814654237019694,0.8587029316719295,0.8273069743803598,0.9751859532223843,0.8023556473304008,0.8586798167535922,0.9239030784091686,0.8747610425860122,0.857048788302187,0.8854673748416465,1.1153587954787558,0.801900689266606,0.6288343867942007,0.8102939290277182,0.8321320088013759,0.7632443051874667,0.8249955205580789,0.9281286974185197,0.8926471323506757,0.809485176816049,0.8909309705188897,0.773479395821977,0.5106905974770274,0.40634674346944966,0.7651850872679298,2.2306328048908246,0.8720998941159811,0.7074881377924214,0.8194505034382684,1.0889040951849176,1.2128417638643088,0.8752281914697715,0.9408114598379516,0.9801220372316951,1.0147490218967898,1.254771282085806,0.774645007685908,1.0479381693758651,0.9041017289024946,1.7835019203133615,0.9414714514058873,0.9100423364226766,1.1110058249407335,0.8706714846336874,1.1490436531524453,1.3847322627335696,0.7892814945673327,0.8443490543020289,0.9225837943573238,0.8623969512899636,0.7961033060207737,0.9689653275849108,0.8672667228672459,1.0464359899646456,0.9483958108530458,0.9909988826515088,0.9499158382210544,1.7144410848262601,1.3022630801704969,0.8626631691523906,1.0697630512237848,1.1648451860161773,0.884276418843928,0.9178860633862764,0.8925731310368447,1.1392414618582822,1.012030515225367,1.0771429526251115,0.9428349558024952,1.0094132151339354,0.7426729698498677,1.0383473503527458,0.7770440616150793,0.7990152521900065,0.9018532722152106,1.1059905978801663,0.9886234886034092,0.8776748218130608,0.7458722343146877,1.0134660364320855,0.8544635658996417,1.1933990871696474,1.1365560789193974,0.8598573068463866,0.9785100557963902,0.8426409430238804,1.3570515586113043,1.148873743343761,0.6581917777890426,1.2736014597395187,0.8292861863749244,1.147187223421286,0.7362289351988611,0.8779936641309658,0.9941571364631745,0.8548134562422275,0.8280854902488883,0.9400410539620346,0.7394754129072515,0.7414366038038169,0.6230008465147587,1.052131947572213,0.8229385257870745,0.699313855855177,0.8649663869278265,0.9786287637462038,0.9850352242711051,0.8093899901083434,0.7993564865510737,0.944020022201751,0.8269668381627887,0.8175821725575358,1.0815827687199158,1.165025902771605,1.3648280906796142,1.5343683830700048,0.9687004291433399,0.9060569875973467,0.9331556389629455,0.8431947389086223,0.7646170863399973,0.8636916120846722,0.737356672228922,1.1566974756920918,0.8304121046844726,1.063912790934038,1.6888071641774391,0.6843075872550549,0.8293579772989738,0.7964388910548104,0.953872073618722,1.2487736137488423,0.8258585402622065,0.7841450760320949,1.058106176346047,0.9840058717417,0.8886446889262676,0.87726444741307,0.9505322860750798,0.7741841998266387,0.9169082540775819,1.4052907010289104,1.4475011209635549,0.9637400996876296,0.9556257572649387,0.7285464839989767,1.0211889818205149,1.1909994546820286,0.8113354252043521,0.8364343156124359,0.7233833233774225,1.5255205494778652,0.7584136028334029,1.119378910090561,1.2235044516635623,0.7195930860493664,0.7992142887920315,1.0595030167351167,0.8979868389838882,1.0551138883711673,0.7490280890097059,0.6938343811905225,0.938751230054726,0.8057067346065853,0.7688636323877261,0.9791344482131714,1.1540423033741491,1.0144229395118978,0.7503287822405078,0.9238564309769508,1.6565646624705748,0.9739637748919565,0.8423336842736847,0.9167985574607818,0.945573065675478,1.7536916104560658,1.1730627971252225,0.7864110699032438,0.8787671572917813,0.9683365004439779,1.2661665547789922,1.0928383022611028,1.0484597080236928,0.9328600543742529,0.8359565797796611,0.4774024827501405,0.9095693691557174,0.8744031101138998,0.8526944311532465,0.951635264034253,0.755258614174651,0.8799442892943576,1.1946533441082705,1.1166259089289898,1.0369956706357448,0.7399081712720632,1.4595128269623276,1.0293638436550892,1.0942672545705856,3.540914537517191,1.4154208636344279,0.9267550199809389,1.2380648394702518,1.636310656311987,0.7639790706842282,0.7478368516932359,1.0144984888733657,0.9974774589038434,0.9142345716361615,0.7677441854163388,0.8926006728833706,0.7298949513979871,0.910155915848023,1.0110327083751556,0.7935908130674245,0.7863582841926351,0.9969955426816376,0.6454578337302443,0.908321436375605,0.966510904655763,0.8076527264725453,0.836428692202385,0.8054971342603611,0.8169460954137872,0.8039371791390943,0.9780518637186725,1.068598541814906,0.8679366972452378,1.122620754643116,1.5277638436142973,1.0883894296157675,0.9140341716383118,0.7210729630228553,1.1394626850293639,0.9233801419041392,0.8249675017354082,0.8391709374603582,1.0121562915486089,0.8979294016483266,1.1628560047695655,1.135965293928669,0.8971342273286385,1.300166275910636,1.0339891883321148,0.7792540440298636,0.9579704697326498,1.795059431311432,1.4974904286263322,0.8995502835183453,0.7714119090602467,0.7663481465393958,0.8364848306144634,0.826301589818501,0.8200945859285571,0.7214561947583238,0.7012962417195843,0.8783740962265341,1.0608170060079996,0.7949844052344213,0.7403502134891853,0.7545801207551778,0.8257361513133602,0.9995637735321619,1.35211281809814,0.8903921911788713,1.0780420513199616,0.7244414053217799,0.8718629930680267,1.183272885024612,0.7515354146164953,1.0326915186699248,0.989202646114965,0.8323514083820427,1.429193981025512,0.8180621259399508,1.2026249924165455,1.072176448742642,1.0189532390896243,1.0934328640181712,0.6754398844267482,0.9300440760952523,0.7368701541125148,0.9264715386213606,0.9585881972369071,1.0204049615943211,0.7698045012072834,0.901897900143247,1.2697078640464015,0.8576338356901514,0.7433189817411965,0.8517707631753184,0.7541066511485656,1.0514247704562845,0.8926085336899142,1.1195379793750557,1.2022543807049053,1.8949492418779665,1.0593640921080756,0.7930312063558005,0.7065997921760869,0.8059613565538252,1.0124351442381316,1.079637144113788,0.8138999464166162,0.7181008373233653,0.9196369298670912,0.8111202793840572,0.9381897689113233,0.7854544389012952,0.8747194148022939,0.6188703546778042,0.8817436959361702,1.0583529319820162,1.0647447488389923,0.8512308268739703,0.9689030557758674,0.9455194075361266,0.8953319111400628,0.8843407028691374,0.9455477527531684,0.8040063063821703,0.7563912149725115,0.7801697740315632,0.9740571651506065,1.015718676683427,0.8278128914049955,1.095662941337036,1.0278476868339588,0.9742103191681134,0.7970228936947191,0.6920853871599214,1.1219700334903897,0.9930107888771559,0.8824394927739049,0.9140679983849591,0.9001150301770248,0.637286238627485,0.9916288226491325,1.0180826958420344,0.8969227295602398,0.8371395672544475,0.737133615082071,0.9029070030347568,0.9049312250589657,0.8982139388965036,0.7444472861211059,0.9488138511312549,0.8495798678815257,0.9411751319873214,0.9907134537737029,0.8818865071351344,0.8380486200720405,0.9435413196217417,0.9643865417889586,1.217114258814865,0.8993194847975936,2.383399462988279,0.591136762701119,0.7934514849595793,1.8712981248082086,1.026970124351364,1.8330399643810744,0.9675636684101169,0.8589531369861996,1.1007000685280532,0.792798087455433,0.9803740777708373,1.2014279146988593,1.4947323132506076,1.0398155213505094,1.1157711040825578,0.9945566190621957,1.30990194504714,0.8674045304435356,0.7337652663348588,1.0274213495567919,0.6004040123092498,0.9977102464957068,0.7448778698003975,0.8046414253025576,1.4339115049645423,0.9349751413573875,2.1150581152114496,0.7951212388453944,1.1565235585448381,0.7197574359236897,0.8202927456513542,0.7807877183176112,1.016413021721512,1.225288093723337,0.8547241737978257,0.8795894708919912,0.8853303807910939,0.794886019229253,0.9861045553513466,2.109098145244101,1.2644216264757802,1.5694281510557786,1.6187422595202539,0.5945228482100476,1.4713853068356022,1.2726640753512406,1.1339505692675218,0.9750523914421158,1.146735662268488,1.145957280122985,1.1654754027807002,1.0240225389457243,1.6530073077888239,1.025997340980946,1.4080982532286677,1.1214479685467678,1.171703646881603,1.4964806096735435,2.1613988653271012,1.0676347585093922,1.1867391079599159,1.915158082196296,1.3709279417456384,0.9111927360197822,0.938129081648176
1.0,1.0,1.0,1.0,1.0,1.0,1.0,1.0,1.0,1.0,1.0,1.0,1.0,1.0,1.0,1.0,1.0,1.0,1.0,1.0,1.0,1.0,1.0,1.0,1.0,1.0,1.0,1.0,1.0,1.0,1.3029235726792243,1.1664942816442094,1.229907545888586,1.184685724321534,1.3967628971323678,1.1496683834864752,1.2300337493054954,1.3241076918993242,1.2542502184434752,1.2276142311932847,1.2680288915194025,1.5958435237543815,1.1484313813957368,0.9005621855522321,1.1607026552571573,1.192430507380048,1.093964615624045,1.1812635343625324,1.3304429167128085,1.2800307261128727,1.1595854783200656,1.2766645617085826,1.1078109078155016,0.7314741696956377,0.5821836915714536,1.095559736496996,3.2040647008828564,1.248867747630348,1.0137470055812128,1.1734896551257838,1.5614381341677164,1.7363829273560074,1.2543423926789152,1.347682847421762,1.405256741259967,1.452992207934913,1.7988673514261606,1.1094630989436989,1.5023910466148946,1.2941766144052291,2.556516232454837,1.3483943632814257,1.304251366470747,1.5921461117441713,1.2489072594116628,1.6460788616798665,1.9837940480652667,1.1306379543387628,1.2097929846057975,1.3220739518717495,1.2356098847666992,1.1415248173316495,1.3873362233749553,1.242355102833058,1.500361616261159,1.3597082262502047,1.419659781438987,1.359137960595151,2.456289272596016,1.8636381794285009,1.2360760940705195,1.5321249209993666,1.668179216700595,1.2661600931638788,1.314067578419082,1.2792549879747352,1.6312991431065513,1.4501514181685242,1.5416367391059815,1.35079175474687,1.4464130500591903,1.0643905310275406,1.4883693263332265,1.1130413884321317,1.1451013152832215,1.2925853097739797,1.5846875474499251,1.4169809041349453,1.2580718585905666,1.069323593582339,1.4509383839311605,1.2248591410453542,1.7103571719206467,1.633266361544091,1.231745090806652,1.4016675602765831,1.2073520017523587,1.944904456507928,1.6485595003613702,0.9432996001697049,1.823316801263731,1.1872280658595407,1.644553017918326,1.0550355329875543,1.2575039760670692,1.4246246953018105,1.2253981016996,1.1865359446862176,1.3479043702441778,1.0599389764012892,1.0631425794610503,0.8918466762989581,1.5094937658707648,1.1784692136330506,1.00221351055658,1.2401953903063876,1.4022110041122169,1.410908436923219,1.1608257816841587,1.145603710827507,1.3532423878292064,1.1834079613958826,1.1714445883153992,1.5490387888892,1.6695553898156903,1.9547984885604142,2.195242211380277,1.3888981375778373,1.2972397627700982,1.3357121914304229,1.209275365791756,1.0944672940811615,1.2378710789363243,1.0559892375967082,1.657774697944962,1.1889374074186467,1.522434459617306,2.4217001271560106,0.9804652884409972,1.18921303602082,1.1412704300449743,1.3661839332849288,1.7892575205297958,1.183351223301055,1.124506942601775,1.5129447502499482,1.4106347277092448,1.2726621659710124,1.256700816789789,1.3626657690223118,1.1091759858432138,1.3136603108120304,2.0133612650168415,2.0716649950690083,1.3803483064834912,1.366618050745727,1.043963687312157,1.4638239184697444,1.7047160917146094,1.162570413773961,1.199463077457033,1.0362234927027365,2.1886990020093635,1.087744753651207,1.6043360815979164,1.7530786223432715,1.0312155347101153,1.145640191528999,1.5207619819890221,1.2870484165134592,1.5109966885931834,1.0723537055795314,0.9946381379932057,1.3449762634082383,1.154014829001218,1.103345288906163,1.4034027446024966,1.6562373817156313,1.4530197635450148,1.0743320360237503,1.3236228030906405,2.374100951683591,1.396067634771351,1.2048606050961492,1.3137519317854158,1.3554827151809492,2.514326775019659,1.672651650836241,1.124681920483816,1.2589186543782793,1.3884313926354679,1.8153035381315528,1.5681287906778971,1.5035456811850167,1.3376348484047176,1.1975585138021945,0.6840062346218604,1.3037881466504952,1.2524772166284674,1.2211125212657221,1.362874433010877,1.081207891853773,1.2594856200070708,1.7113852293499558,1.602195820123875,1.486344620008869,1.0598383382959913,2.0906491256634103,1.475789944563118,1.5686098582663386,5.0111177040583765,2.0327254002856048,1.3272171000109922,1.769436329456243,2.34262098559209,1.0947572620374442,1.0723550595368792,1.4541450296196214,1.430261595092002,1.3095827581456496,1.100077943046676,1.2785375107243304,1.0463031344367075,1.30333869396454,1.4481938989237055,1.1363751725571931,1.1262661507486695,1.4271106300413074,0.9235429183305984,1.3002657336145003,1.384741413765524,1.156842097375823,1.1971010942012257,1.1543138785759663,1.1701183095046868,1.1530454421062055,1.4019834041466335,1.5310268829373022,1.2433137117909783,1.6095274137960873,2.187021028783819,1.559071170149478,1.310801044642647,1.0326188079133614,1.6315345067970441,1.3233071580311246,1.181535304109325,1.202272138108658,1.451166234905219,1.2863398102187982,1.6673000676935383,1.6267401092527585,1.2871454440115504,1.8639246190064842,1.4794333343298058,1.1172173474020073,1.3718484559752344,2.5638576060679825,2.145549601083552,1.289809168300998,1.1056366311427854,1.0968908390914511,1.198859708276172,1.1829899709770095,1.1751738770184212,1.033099208412065,1.005180396350394,1.259519944923137,1.518851168470661,1.1395968118211903,1.0598304306258082,1.0811741258115966,1.1839251579803332,1.4335623036846876,1.940254211265253,1.2758452943290912,1.5441925850238292,1.0384864486846657,1.2504603176918117,1.6892146755362525,1.0763894106721974,1.4795650040847232,1.4187538103706867,1.1919781977521844,2.051778849292236,1.1725945120145047,1.7263992726952242,1.536915114747193,1.4601608257297014,1.5633581444084992,0.9673826822847399,1.3332874554751402,1.0562989538920147,1.3258714183007814,1.3736491383536877,1.4621461235846778,1.103175643481133,1.2939237082696904,1.818566712596398,1.2294850003603754,1.0636933769271546,1.217392803642627,1.0805127540938448,1.5069064417463753,1.2787010891822188,1.6042606544473363,1.7238574238798166,2.7140203759363493,1.5169091250144424,1.1361859047471219,1.0113301606263705,1.1548851727093798,1.452379939013746,1.5471369093906198,1.1661293476274674,1.0283348247184134,1.3192506268041015,1.160450010252723,1.3441021163309876,1.1264784491377404,1.2517554563518265,0.8863819508765893,1.2670414233793443,1.5160627076158515,1.527468630893773,1.2190662011339088,1.3884634145617138,1.3537751992937381,1.2831311900883948,1.267736658074933,1.35652842030041,1.1522222294282851,1.0845924412469985,1.1212255401292652,1.3985259810010309,1.4524078851002802,1.1858286615481155,1.5692712071732864,1.4752610528860108,1.3961434025775374,1.1406280811594949,0.9907342919672001,1.6074660434549644,1.4195372842560166,1.263887478048996,1.306995342221001,1.2885822055265153,0.912772160171653,1.4211321644549826,1.4482188800800357,1.282418415168158,1.1972607447372186,1.0557256182833892,1.2925057046480801,1.2948684349803345,1.286810341215515,1.066165371357964,1.3584537155815068,1.2146992525159606,1.345729268519104,1.4149875109984162,1.2605444610854635,1.1973676061493763,1.350752294960341,1.3798344532733995,1.7452582370041598,1.2876723865751885,3.41863110637962,0.8463949038803095,1.133866078843198,2.6781396199601835,1.4726597967370205,2.630616087850079,1.3863881852291404,1.2296819084158057,1.5757472535438946,1.1360458006567817,1.405157710881845,1.7169219997603045,2.1272231610826204,1.4880437796698551,1.6003399632784046,1.423846465874997,1.8665613077148282,1.2427951847645544,1.049741693017301,1.4712038010721038,0.8580465372252724,1.423213847696633,1.063903009966177,1.1509931301256584,2.0488109981129607,1.3380988443142043,3.020927965963284,1.1401845662296612,1.657355375915936,1.0315894102432859,1.1745132705843564,1.1193049197033405,1.4565884444618615,1.7552690654991747,1.2243220475040255,1.2599657502160144,1.2686444151397813,1.1357426721885913,1.4136295488060326,3.020824807365983,1.812222834818631,2.2582212516233926,2.3242493195971354,0.8505975004022489,2.100523345382655,1.8219911525927812,1.624517852205655,1.3990750975107535,1.6433996393507546,1.6430701725206849,1.6710001489035475,1.4694901022261926,2.364252153437263,1.4673530898120322,2.016620811983298,1.607877046178096,1.6782957169515207,2.143701859148429,3.0747706955411385,1.5241606385189748,1.700587738382189,2.748226103890351,1.9647957139104468,1.3022987790399099,1.3441014361221155
1.0,1.0,1.0,1.0,1.0,1.0,1.0,1.0,1.0,1.0,1.0,1.0,1.0,1.0,1.0,1.0,1.0,1.0,1.0,1.0,1.0,1.0,1.0,1.0,1.0,1.0,1.0,1.0,1.0,1.0,1.0,0.8927066344267499,0.9402609506206405,0.9062270230743034,1.0682080970393102,0.8777301614235296,0.9401950692161792,1.0100554303668985,0.9556415518686019,0.9383661319682299,0.9698890247865103,1.2236619256556778,0.8782548057132048,0.688853173691514,0.8870353118601522,0.9104235488892847,0.8344354378392076,0.903899582206098,1.0144694708352708,0.9751464993011044,0.8860523849632281,0.9747758336746792,0.8470257415908852,0.5591853783462987,0.4446498568798166,0.8388354277799454,2.42836178441288,0.9550288450175498,0.7742043601109043,0.8976655814108967,1.1896947584884563,1.3278502685332896,0.957567784610747,1.0300822872336974,1.0708313956344013,1.1119200657997372,1.3712664812149986,0.8484440379250118,1.1453540329468217,0.9915814754004235,1.951119643323608,1.0307831811765997,0.9951216548251374,1.2147457843663012,0.9507656593028584,1.257343437305884,1.5153488039349006,0.8639304210055125,0.9234712502208192,1.00896755733107,0.9437431228940392,0.8695978974767484,1.0617578378206214,0.9490681436999182,1.1425176858736998,1.0363131700967312,1.0849002997850248,1.0422676793870727,1.876788643491443,1.4286907991282694,0.9438796927404813,1.1719815772004674,1.275286472409531,0.9688476173994524,1.0061542633486686,0.9758359989038519,1.2487541782167122,1.1070194830831408,1.1813935522336951,1.0320370823351137,1.10427536399291,0.8123768892271312,1.1351900782857045,0.8506912791925287,0.8737928418924301,0.9866154794203779,1.2097446226000597,1.080819035535129,0.9595887381558492,0.8154249584888729,1.1109890731419896,0.9337538393500283,1.3047979855718475,1.2351722750055063,0.9414451113985058,1.0717381554759529,0.921585598681808,1.4849423695249637,1.2532071213206695,0.7196411034487229,1.3965390796444652,0.9086883170001094,1.2537925215894417,0.8052077096984787,0.9614378325876394,1.0876054488363387,0.9342138310379953,0.9058472225494719,1.0266899979210187,0.8082609906987916,0.8100393145305207,0.6827884912647302,1.1481852489654687,0.9015830179066733,0.7648752180892974,0.9447762273218065,1.0705550783806121,1.0792958453692956,0.8837582933478527,0.874238312386555,1.0320167918802448,0.9072731755010366,0.8944770479469967,1.1844593955434537,1.2747275533428737,1.4947701028549636,1.6850344210454224,1.0584269181988843,0.9933833242875155,1.0237239640961022,0.9212387880795773,0.8383760829362705,0.9441888470678549,0.8076377145755174,1.2654118936633525,0.9099160537176021,1.1670764109537837,1.8437099665217827,0.749013302048483,0.9065128709909899,0.8712703634596306,1.04460935340472,1.3662069513800397,0.9035143428414799,0.8568544422421976,1.1630108668364905,1.075593845140701,0.9736243983770578,0.9601517415419778,1.0389080332956941,0.846947476538698,1.0032460365361509,1.5375057632647862,1.586938295977199,1.055232677153211,1.0496078970537215,0.7969558365877596,1.115826667598877,1.305679029633582,0.8878043607796131,0.9135327204919091,0.7918825104093774,1.6658330952678253,0.8279979008785054,1.2234687028617284,1.3387914089625461,0.7864418268356532,0.8740648910201898,1.1557368155207586,0.9816564193819532,1.1558290546298835,0.8209361485456472,0.758521236816031,1.027760685056245,0.8825708781157832,0.8390399205332858,1.0713010776290595,1.2588787790012013,1.1104932189870063,0.8222673786830956,1.0105899490985748,1.8141153977538402,1.0647517948043659,0.9248548881988133,1.0026576523397992,1.033443263695447,1.915647259875889,1.2954113534736449,0.8638170002809371,0.9618201667577205,1.058533648898455,1.3834523425657843,1.1925838388308563,1.1451258691966035,1.0189833066781222,0.9152439374147465,0.522568056208441,0.9943286979743506,0.9573738305176955,0.934108471707327,1.0419467549233095,0.8276357450167653,0.9648761536229208,1.3078802035177468,1.2183399979033867,1.1334421744338659,0.8105254279715598,1.5971322595499786,1.125200814844637,1.1960719376651037,3.9630464617401575,1.5401541126523068,1.014877332796443,1.359973033569796,1.794041828102932,0.8354049144748641,0.8168123290009255,1.1087174107496742,1.0897529908212125,1.0009994150032582,0.840036572032789,0.9771926506216457,0.7978885948937919,0.9973288704764309,1.106404352553437,0.869431995015452,0.8609935886803484,1.0933965381259487,0.7082251450303787,0.9958087730511933,1.0580600870396948,0.8842442259179715,0.9172004653981066,0.8810627687851502,0.8945328715621454,0.8775996158274438,1.0687963296704024,1.1694822958323874,0.9501021957124975,1.22702270173387,1.674210256028204,1.1917722849912913,0.9982724733837738,0.789700011220395,1.2486650632656038,1.0097246011704564,0.9026463600698249,0.9181938465447099,1.1069407466940087,0.9826253423132065,1.2701964132815895,1.2446699568827615,0.9796692010149167,1.4216537879201359,1.1342701043429873,0.8514653812791476,1.0492182393228684,1.9772351125769496,1.6385187318547658,0.9825042424781432,0.8433599263483744,0.840280854122694,0.914679429048336,0.9057184514365978,0.8969441357591436,0.7903492861848435,0.7666776430371335,0.9596517670530531,1.1624947881708427,0.8688813672295397,0.8114969464386383,0.825551862104817,0.9022367583726643,1.0913938551023659,1.475189857206441,0.9746193001175236,1.1796370712654944,0.7920978253333806,0.9518924736424303,1.3040370774553396,0.8226101163415689,1.130401171912575,1.0798079650778232,0.9118316054746436,1.557207375390388,0.8944809318502787,1.3122913255375654,1.1718422174095373,1.1144165169664249,1.2019379007760995,0.739715489559381,1.0163792831732041,0.8053009194034119,1.015785009008242,1.0488062438347714,1.116234777898893,0.8420269574522833,0.985801797472916,1.3897302212106162,0.9366759154340593,0.814902225756327,0.9367333470686021,0.8252209845826814,1.150001002523293,0.9769005236783436,1.2243107534417237,1.3143926715368592,2.074080497067815,1.1603815065961007,0.8677783189315612,0.7747804745507785,0.8816076022766637,1.104807455956172,1.181505553296449,0.8906230635165857,0.7863720449065272,1.003677124200645,0.890161793843851,1.027662082266796,0.8576113506395637,0.9597849022821532,0.6779803475846878,0.9594994823890923,1.1588344382604978,1.1624055559260653,0.9315816964426563,1.0598259596618522,1.036176484224284,0.9790306050850315,0.9663874689784475,1.0321514858347287,0.8790963798174125,0.8257791594925452,0.8484176526719195,1.0606919581797178,1.1158949145516703,0.9063440936084721,1.1993721507192188,1.120470741096624,1.0652345431677186,0.8738763770408451,0.7588298202325057,1.2272533282553415,1.0919563509997965,0.9663703802876122,1.0042846217519983,0.9865603911987668,0.6978083416252171,1.0849932413744836,1.1312201391349266,0.9852964050210569,0.9189827419317108,0.8074229988990201,0.989814169941695,0.9927823948759885,0.9829822430843158,0.8152500836148459,1.0385089235564626,0.9334109077980206,1.0347160962047155,1.0898013767015273,0.9690978223382043,0.9216113842172823,1.034077212215977,1.058464182196812,1.328612260934547,0.9848597481513208,2.6054181292361296,0.6475925043164122,0.8722729980426718,2.052207651959271,1.1223033317631645,1.9993598328855158,1.0585115660736855,0.9412617351165213,1.2059926717286151,0.8669617311044503,1.0725111788832926,1.322019658469038,1.6555652488137862,1.1407372887238267,1.2166359495650956,1.0888858918690203,1.4479813154637078,0.9491097451397748,0.8053478634211743,1.1256293894978768,0.6602621534712234,1.1002842824188712,0.8200914263203243,0.8836802951877745,1.5778016418020242,1.0258668097529848,2.329684831818198,0.8684834820274357,1.2652699825526916,0.7871072774550184,0.8992264977637477,0.8531691960749099,1.1118024092346028,1.3415087237607635,0.9361274635570942,0.962936213439228,0.9678840735783312,0.8745546656809071,1.0786001634699836,2.3077198241962797,1.3823407320576793,1.7035861424148673,1.764437337791489,0.6522567215450017,1.6226725387846468,1.3954086679909925,1.241235836246047,1.0635225969789834,1.2541329798382528,1.251073080695424,1.2736286162967638,1.1163107290500416,1.8151143661286127,1.126813849063974,1.5462946811585787,1.2249700626266748,1.2827020960426767,1.6371774374148824,2.394665795978524,1.1755991175151863,1.2979227750169873,2.0928997216378,1.5001306641109662,1.0022682654811215,1.0262895197120523
1.0,1.0,1.0,1.0,1.0,1.0,1.0,1.0,1.0,1.0,1.0,1.0,1.0,1.0,1.0,1.0,1.0,1.0,1.0,1.0,1.0,1.0,1.0,1.0,1.0,1.0,1.0,1.0,1.0,1.0,1.0,1.0,1.0532851133759007,1.0146870774007068,1.1960469940489808,0.9839877719043993,1.0532663696667839,1.1323591289314696,1.07204615127916,1.0511223395687186,1.0867092173024246,1.3683465931435075,0.9841593865336666,0.7712470004018004,0.9940095995953668,1.0206927907276344,0.9359478072362715,1.0120818339257451,1.1376593627654712,1.094425065877066,0.9930679959937074,1.0924016775756913,0.9492317368436249,0.6265453298805168,0.4983680718208077,0.9389200929085838,2.725355367482954,1.0699734595467518,0.8675228067683319,1.0051663476547743,1.334487347881703,1.4872968248876568,1.0726087020193302,1.1536134052322282,1.2008090138714231,1.2446751593068255,1.537312971155079,0.9502955522754862,1.2836354212258458,1.1093344414891368,2.185648802540367,1.1545213287460996,1.1161716407779119,1.3620823463073035,1.0668405098834703,1.408352498372761,1.6978941277609412,0.9680713551909665,1.0350766809060379,1.1305520799995008,1.0573217127040344,0.9754949176943399,1.1891634457911429,1.063405850731045,1.2816843545360244,1.161962434050387,1.2150201386722843,1.166849275891671,2.100804032977803,1.5974509474890803,1.0581165112717867,1.3125608369992068,1.4284306705988925,1.0850017227244926,1.1260620447109007,1.0939959130759802,1.3974522567705505,1.2403612371263453,1.3223646448554969,1.1560413521413648,1.2373909486700256,0.9104984413488955,1.2725270635126877,0.9530022929212633,0.9795449548663784,1.105680807427561,1.3558888305838808,1.2113173184649355,1.0750317061973773,0.9139053443341959,1.2434248677510296,1.0470428197376278,1.46248892422763,1.3888065046294513,1.0544508321590347,1.1998666301091299,1.0327055882557028,1.6640051871783108,1.406872269653086,0.8067257715222664,1.5628572221303219,1.0170467236355272,1.4066327923397726,0.9023442646682289,1.077256150022318,1.2187223342788334,1.047583857203629,1.015266651729629,1.1515137249055067,0.9066010043487145,0.9088429482379897,0.7645177717404652,1.2879200796686927,1.009302485684961,0.8573262971698774,1.0596439323740912,1.1995539403531037,1.2089501964288802,0.9916415526719804,0.9804439099789359,1.1565364190132412,1.0153951118879196,1.0026149556321189,1.3269796368127194,1.4285388414158473,1.674026596262712,1.8844474298648597,1.1866794877013538,1.111917186773891,1.1460952439291046,1.0325315013062464,0.9385937242808788,1.0586557653797406,0.9046775537814137,1.4179744260462621,1.0187504485836176,1.3058670038342297,2.0674185493527353,0.8391013780395975,1.016317736555577,0.9766978598374174,1.1696925367516537,1.5308657129537875,1.0127828822577674,0.9600860267521518,1.2994678469912118,1.2060392329343095,1.0901080806602237,1.0757025378700444,1.1646109350821217,0.9491439593604252,1.1237972188200858,1.7223418355804894,1.7743281689567327,1.1817137724871596,1.1732878350852691,0.8933460904437007,1.2508216349763188,1.4619099524660362,0.9947622605913107,1.0243875257828947,0.887293291252166,1.869193005246183,0.9288007783300952,1.3717000324033428,1.4997805177085095,0.8812454756024406,0.979178416349362,1.296520230241893,1.1008793458816004,1.2941459900373817,0.9188903386993919,0.8506357239865727,1.1510572937546293,0.988286689895628,0.9411404453070344,1.2003906873820138,1.413201096655199,1.2437898019054265,0.921018070794884,1.132569442372147,2.0325399860035636,1.1935297462615484,1.034711971217724,1.1238648198138983,1.1584431903330006,2.148199298347797,1.4428643427605576,0.9661293147232748,1.0776566330999162,1.1867599037803478,1.5511977217291806,1.337544370457607,1.2838648116336668,1.1427713247742264,1.024573063856736,0.5853506026748162,1.1138688877808034,1.0726692107134252,1.045780763005948,1.166618494064609,0.926521229033433,1.0802189337359651,1.4647878918029944,1.3669999824141195,1.2707556448241824,0.9076040264882843,1.788794817770892,1.2607395735950717,1.3402031753323556,4.386508872412719,1.7316282718591982,1.1369759991183408,1.5215501402042613,2.0063492146760327,0.9366423313016342,0.916326744094761,1.2431520698205842,1.2226520156818488,1.1210570123027175,0.9410808772588575,1.0947341205724426,0.8946387448130131,1.117028009410892,1.2393438383046989,0.9743308544546518,0.9645462098361312,1.2231485284626133,0.7928305030431537,1.1144931039036583,1.1851468272380101,0.9910363044221254,1.0268976651044388,0.9879798738605621,1.0023310164579757,0.9840912274734009,1.198285865466465,1.3096831705847456,1.0648593676685052,1.3759024400804942,1.8734699374785184,1.3347672420658943,1.1198185722426006,0.8845837491870683,1.3980869634304074,1.1315677294081512,1.0118601434418695,1.0292134232893293,1.240315491651119,1.100602451284498,1.4243847367900067,1.3936050492241159,1.0986830671622767,1.5938168432121587,1.2698409297234474,0.9550843990112927,1.1744720107575195,2.205277296041877,1.835204207625038,1.1018206745394958,0.9453996146860426,0.9405328801442645,1.0254619106417988,1.0147037442436093,1.0055572043223253,0.8851779411728085,0.8598453979120884,1.075848068454966,1.3008753830760087,0.9740717689273223,0.908439141477261,0.9253678499587932,1.0120245384932764,1.2240742586791333,1.6551392889012422,1.0921237022559858,1.3206775275540776,0.8883737046756759,1.0679586594189816,1.4558529764533255,0.9223823482427951,1.2664063102342373,1.211704561699221,1.0216111050213648,1.7479612685796135,1.0030352537875364,1.4739252789232413,1.3135666494028522,1.248950988370461,1.343026134453253,0.8287604892070364,1.1399173038518842,0.9032046466909354,1.1373850065135052,1.1753794463623977,1.2509161693723585,0.9439909853602654,1.1056045352508295,1.5556908365830333,1.050875150618694,0.9128359244127293,1.0475127119705823,0.9247822642899557,1.2888728212926903,1.0941067172339125,1.3719199707257128,1.4738062433586003,2.3242805878165793,1.3005069744241469,0.9726246370517745,0.8671489918304348,0.9882827331175162,1.2394364524134094,1.323568962906045,0.9982255971890801,0.8807426792885238,1.1258534467005032,0.9961112555107252,1.1512371817038858,0.962094642367131,1.0737729313550453,0.7597317351222421,1.0775604833138321,1.2990018600481006,1.3045398777230366,1.043410607058004,1.1881537458501648,1.160300285195754,1.0978974209675068,1.0834959897909884,1.1587748599013534,0.9853786737588904,0.9264124616419492,0.9543782792009301,1.1913539825501855,1.2487855705089839,1.0154876007930072,1.3430054950149741,1.2565614742322468,1.193875438776081,0.9782815078700227,0.8494062300547215,1.3754071931660297,1.220189495161087,1.0824940177135909,1.1232112738989364,1.1046187947544825,0.7818083992201526,1.2160517760812908,1.2573624120236304,1.101948228129281,1.0279425621813165,0.904926387411969,1.1081711214056469,1.1111502169264291,1.101783779478819,0.912722698356619,1.1629607349058655,1.0441245304728772,1.1570752872184977,1.2185713060992438,1.0843475751647162,1.0307407272332016,1.15767625856734,1.1844153854422417,1.4902383692782981,1.103353945796996,2.9206273323847496,0.7252644152367607,0.9746573306218902,2.295684456384433,1.2583987946764035,2.243541774227117,1.1863121661429494,1.0543375466975369,1.350108022571099,0.9717310857085029,1.2024380666133092,1.4766256916332892,1.8392969701079758,1.2761482839919838,1.3659715882880923,1.2194171329752486,1.6135614182377855,1.0634229628931853,0.9008490720189848,1.2614289557706797,0.738238409808091,1.2269564090156468,0.9161711174728546,0.9885407031438691,1.7627381579448365,1.148232342495094,2.6002346852042155,0.9741887756442704,1.418165849922868,0.8826034940896564,1.0075958768752635,0.9567300602275401,1.2459190809622185,1.502556589266219,1.0487637104490388,1.0784171929000341,1.084944071789966,0.9770875255299012,1.2090274524631426,2.5837581921473554,1.5494870436021537,1.9160773051718238,1.9816314237010686,0.7299161599509391,1.8102799118074748,1.5610988999536817,1.3904911618657991,1.1935653549284995,1.4052954078491022,1.4037775188373947,1.4286120044142387,1.2534011399009601,2.0300572754036033,1.2608773993433504,1.7317157120915607,1.3726033468256782,1.4365619966993188,1.8347816755428892,2.663879107686692,1.3131335866616523,1.4546369524570135,2.349265848172667,1.6810208049245943,1.1199076993687993,1.1504597739501552
1.0,1.0,1.0,1.0,1.0,1.0,1.0,1.0,1.0,1.0,1.0,1.0,1.0,1.0,1.0,1.0,1.0,1.0,1.0,1.0,1.0,1.0,1.0,1.0,1.0,1.0,1.0,1.0,1.0,1.0,1.0,1.0,1.0,0.96321728081299,1.1353474738048341,0.9340808553013431,0.999692121492245,1.0751686734971049,1.0181989516189183,0.9977345857910729,1.031033431539903,1.2986817121637149,0.933762535290338,0.7322042934095431,0.9433935576131486,0.9689109913929537,0.8885593444173899,0.9605816886033953,1.0802618649815543,1.0392646234473402,0.9424464591002628,1.037087748023827,0.9005856895728725,0.5945503504260423,0.473060631976849,0.8909468537039458,2.5961176168173727,1.0156828310330233,0.8237515531367885,0.9539385393012938,1.267455872778449,1.4116219987818526,1.0185620861049811,1.0950303502285994,1.1407488160514188,1.1814322126495793,1.4603660512505756,0.9017468970964888,1.219144272083157,1.0526382327389143,2.0756711795819505,1.0960336931429047,1.0595526174257808,1.293321930654648,1.0132469762175562,1.3374640703597078,1.6118336626208944,0.9189921155477558,0.982888013697574,1.0736250768063922,1.0038435119109794,0.9265528006376835,1.1281365237171588,1.0097429357903978,1.2179296533345867,1.1039387903022573,1.1537050750369469,1.106176153489065,1.9956733536112878,1.5164069757276342,1.0042985553782715,1.2454427188052146,1.356316831545485,1.0295812636989439,1.0685258598683656,1.0390655588190292,1.3265800934420322,1.177881902487853,1.254544750461015,1.0976715567409778,1.1750694994591595,0.8643577204144163,1.208692540711263,0.9046474664967156,0.9299948128541786,1.0499318604643315,1.2877379568405234,1.1506493712267878,1.0214130618418285,0.8682665135349042,1.1798846855702296,0.9946250562561207,1.3891768850202961,1.321665344426545,1.0011277602641608,1.1390604398532442,0.9808815181679815,1.5802618896932703,1.3372093246261811,0.7660950875530905,1.4827098732025206,0.9656548150267009,1.335296250510468,0.8569225674228494,1.0221013671222043,1.1575486505041215,0.9949451423499952,0.9640861528961151,1.0941759146570957,0.8608682919724999,0.8629542791473203,0.7253360102578028,1.2244752034532507,0.9579383314944797,0.8139164533175669,1.0063846150936335,1.1393939434850608,1.1473572083525525,0.9419868922738415,0.930471764696516,1.0986285783334897,0.9630826944488308,0.9518319984591108,1.2591514095851055,1.356323668570647,1.588597942168871,1.7869783965532258,1.1274764847896712,1.0549957071650435,1.0868353778433626,0.9814202874267792,0.8904340493083154,1.0053423576387808,0.8584709763319582,1.3462401219381972,0.9669694810836322,1.239142587655629,1.965471336139681,0.7966017333339186,0.9655866153669658,0.9271643077443139,1.1104547414030375,1.4537445297782423,0.9614078044131753,0.9125709398571401,1.2319563382352277,1.145302181986007,1.0345986154080329,1.0212354714805811,1.1060913170480668,0.9012446290744442,1.0673606070868515,1.6358962978913416,1.6849805622600806,1.1215659004027927,1.1128861730155268,0.8481756853261334,1.1886651799346353,1.386851805712853,0.9444481790091045,0.9733342920959995,0.84222911896751,1.7761419618793428,0.88271059695192,1.302571601300397,1.4240390689730391,0.8370460356858906,0.9302475910665666,1.2323991213621976,1.0454027708723692,1.2281450992101324,0.8720218178885956,0.8076262156457793,1.0926716079464522,0.9380130122058563,0.8948604593220931,1.139359419943268,1.3431536610292376,1.181420204129784,0.8736149920667067,1.0752662734449643,1.9287784686655371,1.1336561780066974,0.9812171915632569,1.0673551537090806,1.1005794429566549,2.040761238283138,1.3669245867997064,0.9159269624692633,1.0231303131847718,1.1269474624752887,1.4735048277115357,1.271639794324329,1.220250221561052,1.0857804261597992,0.9730372357223452,0.5559277231552153,1.0583255681849744,1.0180414955601083,0.9926006553340312,1.1080341252808505,0.8795278310327806,1.0247217031277387,1.3904991248098404,1.2992877805112897,1.207016829845034,0.8614299774980974,1.698796936046608,1.1980564765058002,1.273408745466097,4.132418960323468,1.6467947355885633,1.0788404774596208,1.4425660045078859,1.9047377991125294,0.8893393249929162,0.8703361415212887,1.180227531238694,1.1610279745660925,1.0642374354563806,0.8936321934082871,1.0388914342909552,0.8496605177575383,1.0599531393839836,1.176752366237394,0.9242499284138097,0.9154951751180438,1.1606166009278187,0.7517438995365903,1.0573255840725364,1.1250762809479835,0.9402037120158706,0.9740282545495473,0.9377093220979105,0.9512775255607243,0.9353179698859538,1.1382271938847413,1.243661416813551,1.0105705636817894,1.3064331007097345,1.7778843133848694,1.2671553081220845,1.0638340390484662,0.8394976410805998,1.326646210227314,1.0748458521819597,0.9610733792190225,0.9768840549808231,1.1776984659895522,1.0452934932306195,1.353520490760158,1.3225130747537965,1.044313604964867,1.5134699231555144,1.2043321262019573,0.9070257018039378,1.1150756045209396,2.090326965499419,1.743228807486823,1.0467661221211046,0.8976660010076986,0.8922216313433102,0.973367389168765,0.9623748608198496,0.9545937944511607,0.8400360779543137,0.8164227509767771,1.0224041998569595,1.2349548624428524,0.9251621043384665,0.8619503281585217,0.8786567626325297,0.9611687226757876,1.1632724475767484,1.5734421485240222,1.036101438481639,1.2544556473446535,0.8432875214629061,1.0149207076819444,1.3785947204265203,0.8748799751931092,1.2019220540531919,1.1511207291903645,0.9691245903538803,1.6620818714175767,0.9521238169128494,1.3995446911133624,1.2478973990478501,1.1859960137057737,1.2734975726525004,0.7864686448163096,1.0825349106891573,0.857764156663293,1.07905387471691,1.1159395904967875,1.1879442677742234,0.8961325733130072,1.0494317808632176,1.477355966314723,0.998266147512959,0.8656858895661823,0.9925091426708461,0.8776865013811398,1.2238311584081791,1.0389962615494814,1.3033841589978148,1.3994414339700367,2.206151921169145,1.2333439209716128,0.9231899545343978,0.8229947098052268,0.9383050638108485,1.1779930121988527,1.256695983938545,0.9476163652269953,0.8359543060139467,1.0699697024645736,0.9446752131245495,1.0925043596335613,0.9142398855029117,1.0186538228165594,0.7204184872951179,1.025202084944715,1.2323873562054688,1.2391440164473082,0.9909270479181276,1.1277767161841021,1.1012663956988442,1.0423229517836161,1.0292128405417658,1.1006213421991498,0.9357644304444992,0.8802109827459685,0.9079661955580042,1.1327413880813966,1.183112753915911,0.9639335135256759,1.2751611853674198,1.1959070965470031,1.1340117886321,0.9282287966392186,0.806010221244915,1.305528764874704,1.156756175324526,1.0275649032777272,1.0646082648413873,1.0480743022654173,0.7418396415724188,1.1544295518097012,1.1866422148877787,1.0447219332507252,0.9748667016580193,0.8582798951815286,1.0513660998722947,1.053810182743117,1.045621953734933,0.866447323731094,1.1045229851912928,0.9897889667265815,1.0964037279264685,1.153939152996394,1.027499824415522,0.9762966941954384,1.098698076588072,1.1232115690738533,1.4160240942317732,1.0472577799964897,2.7705556322786347,0.6882178189004498,0.9238596341376275,2.179465024842704,1.194986657867625,2.1329879214119556,1.1266451032591207,1.000420762946071,1.2810929659571046,0.9227213286763507,1.1416460418958274,1.399216410373705,1.7431225115174835,1.2109596098802866,1.2981406253454604,1.157642006816594,1.5265970065212713,1.0098158689519274,0.8544577015394054,1.1962555459007145,0.6993000464099637,1.162219515215062,0.8679348072569475,0.9372658074291487,1.6699322468916606,1.0885952360003566,2.4638790016907324,0.925540201431947,1.345866822125751,0.8378497321253294,0.9551169448391765,0.9086947052246954,1.183111591038682,1.4264036261771702,0.9954645932714079,1.0239670514772055,1.0306855675821098,0.9261168633297245,1.1480830867463503,2.4555613058571764,1.4719438424048792,1.8262264666372447,1.8817636544787066,0.692323063758232,1.713777023337862,1.481423007469256,1.3202355199468323,1.1341723651665974,1.334610312999687,1.3333700972554094,1.356697216480535,1.1912498926323307,1.9247132396177373,1.1951203721181365,1.6391518244335745,1.3049827656931055,1.364002409070846,1.7422535417809517,2.519860012832959,1.2438801174350227,1.3813724431047976,2.231758828450212,1.5964243109740186,1.061451911585729,1.0920315943072099
1.0,1.0,1.0,1.0,1.0,1.0,1.0,1.0,1.0,1.0,1.0,1.0,1.0,1.0,1.0,1.0,1.0,1.0,1.0,1.0,1.0,1.0,1.0,1.0,1.0,1.0,1.0,1.0,1.0,1.0,1.0,1.0,1.0,1.0,1.1790212844924413,0.9693385636239221,1.037699750310166,1.1158288463579387,1.0563495582333489,1.0355359284757306,1.0696721510672542,1.3482765210044714,0.9686245329685996,0.7600734162807108,0.9790963781986872,1.0053363497677739,0.9218905626497031,0.9970327387900224,1.1213055643140744,1.0781770392293564,0.977865527378255,1.0765536012838846,0.9343155029440255,0.6170098757184888,0.49089245157980743,0.9250528294037005,2.695214295902166,1.053638390977202,0.854972170410357,0.990255374129072,1.3154693991769446,1.4636966017610922,1.0575737250283637,1.1370993105495937,1.1838687945979518,1.2265943558811712,1.515631833861522,0.9360764340333559,1.2663579171124248,1.0937731433430153,2.1561025213067246,1.1375738455844344,1.0992435662457591,1.3420164510649735,1.0515089668591986,1.3885165026778115,1.6734224619593534,0.9537198824697373,1.0199591287342484,1.1145901082641205,1.0420682620070347,0.9613218642366048,1.1708123915685245,1.0475587712156105,1.2636481047669834,1.14578277626424,1.197898081516978,1.1475244752969074,2.0733121410978868,1.5755055402714202,1.0420795622936656,1.29274647784179,1.4074925245238794,1.0685027904814945,1.1094489619825778,1.078264050859059,1.3777293005208702,1.2227806622721844,1.3017522739866372,1.139435342086595,1.2197839892449682,0.8973323685246659,1.2546910686504087,0.9388386144131612,0.9650988960109641,1.090030281330184,1.3364121850321726,1.194455522205303,1.0609134366599617,0.9016920827732557,1.2253840970504777,1.032104740996029,1.441872534655679,1.3713968003403498,1.039296633585221,1.1830140181191808,1.0179952389126812,1.640617538610374,1.3879412734949925,0.7949262868242066,1.53972962793821,1.0022820028232258,1.385381318109167,0.8894620678837127,1.0607493826697716,1.201445266065004,1.0325732914574646,1.000344541473545,1.1355880619883736,0.8932132296991286,0.8955003619400022,0.7526686656858976,1.2709074616646059,0.9946421980533181,0.8445531502621275,1.044778210598528,1.1825321131855264,1.1903810551315146,0.9775415402719405,0.9655073545140243,1.1407681783662968,0.9992032205457649,0.9877896544336252,1.3068664222242974,1.4084130247021713,1.6488351972007638,1.8556305453830395,1.1705176948395892,1.0952769519959302,1.1281562025750922,1.0194832926657473,0.9241203567885108,1.0431979831761726,0.8908413633251558,1.3980523152546447,1.0033917484900303,1.2857015636280156,2.0392356504200513,0.8269336203697627,1.002251117492198,0.9623411159207594,1.1527453830693237,1.5091086602325117,0.9976909500756991,0.9481004427479199,1.2797934451649875,1.1885513759351416,1.0741000017197653,1.0599641100997979,1.1484321110926075,0.9352306296904211,1.1079958406452315,1.6981814211677337,1.7505521006734395,1.1642710678883883,1.155479657952585,0.8800749057957513,1.2336507929387643,1.439148765116204,0.9804562517093249,1.0106294404988343,0.8740296159716365,1.8444302506340406,0.9162316720956131,1.3519727591230413,1.4787707301741393,0.8691227444013965,0.9660339019622619,1.280250018193456,1.0843886476381321,1.2749563251697011,0.9054257893715769,0.838216190544763,1.134941601756196,0.9739735946353353,0.9291970453062462,1.183171367108388,1.3937865636061526,1.2256500751913117,0.9065945397183977,1.1159710161275,2.0034061677244828,1.1767432934290047,1.0181225653700614,1.1076880058897913,1.1424821460853116,2.1180011242889796,1.4189696810068204,0.9507733775254559,1.061557101916684,1.1701631162909354,1.528824809036068,1.3206820963440729,1.2666991811779695,1.1267552199065147,1.010602251866612,0.5769852039388847,1.0992382349168575,1.0562981415763288,1.0305626952509357,1.1502121132035739,0.9125248227786874,1.0637306905520163,1.4437221633392119,1.3487574506899402,1.2527267339494141,0.8944456347853689,1.7630355316684847,1.244230570549146,1.322494825204508,4.281659003935585,1.7063166835970636,1.1193525744126482,1.4943527339174238,1.9791044572265823,0.9228339771938867,0.9031233149584421,1.2251846023317028,1.2049619343818472,1.1045794608475878,0.9277308226875823,1.0784925010548814,0.8817563786234841,1.100295626743919,1.2214838924185185,0.9588238376215045,0.9498341092133942,1.205330695777757,0.7798025553025664,1.0976022167788917,1.168372883930414,0.9754735839321709,1.0104619604474872,0.9728438794993461,0.987001193619018,0.9710096982826553,1.1816586625939198,1.2913235656242077,1.048355124173336,1.3563000035567048,1.8470455934018775,1.3154628381646833,1.1041194489577921,0.8711324705114402,1.3772641959196577,1.1157013909286628,0.9963257509630123,1.013689044641367,1.2239118504370188,1.0847179314491737,1.4047226779188384,1.3731749358010403,1.0844021036987748,1.5711941188209912,1.249065710408999,0.9412675563549069,1.1577296581764465,2.172231752056978,1.8103057349510419,1.0866194643232925,0.9319089109269583,0.9262746457064004,1.0103843418481169,0.99817954669815,0.9905803694912954,0.8716820575919196,0.8472167887219595,1.0615844815220215,1.2825447985985758,0.9602926730682356,0.8946036969164983,0.9115118156940065,0.9970736931583567,1.2075732604639262,1.6333983233822846,1.076096700955051,1.3024962814586978,0.8752176038984872,1.053132086185578,1.4311694214661277,0.9072455541232952,1.2480755299228072,1.1947292028468541,1.0055543252495152,1.7263779072106427,0.9881439386871941,1.4526403461979012,1.2953654374475578,1.2312550307474375,1.3231136028076085,0.816065180010281,1.1234799628174967,0.8898987648172043,1.11915226609415,1.15847145329758,1.2329943503734588,0.9299565201552364,1.0899623791844129,1.534432468219223,1.0355801283603192,0.8977784938334199,1.0295623059789047,0.9110173132672365,1.2704516880072407,1.0788132904505086,1.3527348388804552,1.4527526424203874,2.2892321508553324,1.2793454222273941,0.9579655206822532,0.8538776971669133,0.9735793507411528,1.2230722389535527,1.3049595981620328,0.9834604779666203,0.8675428344166268,1.1106010402192212,0.9803392788570855,1.1342822323349506,0.9488528482187417,1.057493273523607,0.7476056403227352,1.0647622046597023,1.2782147629662437,1.286066610679347,1.0279850869726035,1.1704283914667197,1.1433295083633341,1.0812382547995447,1.068279980998174,1.1419861918699628,0.9712393858379238,0.9130795977726162,0.9415283745142146,1.1759042114979734,1.2263862797444243,1.0003472142135204,1.3240644705883584,1.242081777405109,1.1770958424358577,0.9628910312944117,0.8365056473729607,1.3550031122009698,1.2004562307450892,1.0664796257777847,1.1046637293277373,1.087216490643755,0.7697348895198162,1.1981648807165197,1.2326535409353272,1.084136653407299,1.0111520442831154,0.8899820300532106,1.091146285751487,1.0935050822517223,1.0851005548627102,0.8996671603249224,1.1455807281506667,1.0269012133265263,1.137767078986942,1.1964717901502309,1.0654812850726711,1.0121809729326547,1.1398084598606057,1.1656436033423379,1.469931269745495,1.085994727175781,2.8786066495013314,0.714139006241967,0.9587922137733863,2.2639081196812283,1.24082509028305,2.2149541653332134,1.1691801314287693,1.0376628868378215,1.3299949840230192,0.9575951168762324,1.1845696804462476,1.4533305365042692,1.8103462521518703,1.2573948848050984,1.346169363562749,1.2006868077809187,1.5848297302049088,1.0482232758287093,0.8872216663676136,1.2402705670640342,0.7255604983080506,1.206375540696376,0.9004220849681444,0.9727862217614591,1.73374453115912,1.1296411901342018,2.5583724233274303,0.9604314383385097,1.396768163284329,0.8693566986506795,0.9904288428008845,0.94296591205987,1.2280883206184567,1.4807751450532338,1.0333644585145132,1.0630368625471611,1.069690495688008,0.9611351432563897,1.1920364518123796,2.5469782935084826,1.527530711598473,1.896083682939263,1.9519210188080347,0.718362488403978,1.780650810350083,1.5385162363416722,1.370521106844435,1.1775363596423616,1.38544732247109,1.3835103360569698,1.4078685376223785,1.2362584464591615,1.997970016605196,1.2396958183264997,1.7029171021917158,1.3551916934160908,1.4159397924714754,1.8075165242278712,2.612173527721427,1.2908964685260176,1.4336652699171566,2.3162276946377505,1.6574057067680579,1.1020489659739743,1.1330296578675754
1.0,1.0,1.0,1.0,1.0,1.0,1.0,1.0,1.0,1.0,1.0,1.0,1.0,1.0,1.0,1.0,1.0,1.0,1.0,1.0,1.0,1.0,1.0,1.0,1.0,1.0,1.0,1.0,1.0,1.0,1.0,1.0,1.0,1.0,1.0,0.821614479112331,0.8796849373579,0.9458387795991243,0.895419986510078,0.8776783283999628,0.906139227834207,1.1423026432283538,0.8204472327101571,0.6442348948066982,0.829813986138574,0.8520241938537864,0.7812799980559632,0.8449020283013845,0.9508644378941904,0.9138801099785074,0.8285451752258064,0.9127593986441275,0.7915320100997447,0.5229013570986254,0.4160264404058037,0.7841876232692857,2.288273362572507,0.8924708006260356,0.7247740665792426,0.8393841201077021,1.115562810852076,1.2390985210911856,0.8970226002008457,0.964285844921399,1.0037382344584862,1.039747910451938,1.2850508485871028,0.7934104459514071,1.074636901815639,0.9277935856123767,1.8297288755697148,0.9640860484037572,0.9314728719333603,1.1373437288731365,0.891704394007095,1.1771906189293841,1.4190522131667336,0.8082625179113689,0.8644445994649419,0.9450267523560314,0.8834926985356799,0.8148564417960653,0.9920314967316401,0.8874298443831257,1.0710129379186724,0.9715047311636553,1.0157790316900899,0.9716119071267735,1.7592281249245383,1.3361423208331595,0.8831211701479761,1.0958450801524013,1.192622417656484,0.9053916769183328,0.9404485332666273,0.913943086976976,1.1684121754536154,1.0367396554313026,1.1026003387082532,0.9659662291256443,1.034146632976228,0.7609424534323468,1.0639452722030893,0.795644939841424,0.818098566616339,0.9243843038706346,1.1327349969711045,1.0128557418914217,0.9001208739706789,0.7650126032665152,1.0389868213897242,0.8748679284149726,1.2223482438662525,1.1636842165298367,0.8810978614763658,1.003438386366874,0.8628667566882048,1.3914542030888146,1.1772670710581221,0.6737393206346882,1.305249898908276,0.8493298711243156,1.1742009307860453,0.7541237278444264,0.8989154631360123,1.0185480220064185,0.875429570494421,0.8477536119390405,0.962804577847814,0.7570694926001198,0.7592374995337876,0.6376180211578262,1.078069547433985,0.8432938357288526,0.7158211535041805,0.8861540560140211,1.002385928745849,1.0086235222297173,0.8289575105692069,0.8183868991529664,0.9676142388396252,0.8461969113083747,0.837202032703661,1.1076500396105455,1.1945978119288911,1.3976914678054313,1.5727907303259068,0.992793236200846,0.9283954115547643,0.9560016207630382,0.8653325512311363,0.7829946059611741,0.8841778892991998,0.7548483699379734,1.185922563190514,0.8500802836864847,1.0890495062104895,1.728914179292591,0.7011160135553338,0.8499625583404591,0.8158418815934372,0.9771600311914515,1.2794427178109378,0.845626859036414,0.8048457117387269,1.0847304131447066,1.0076172340449059,0.9105968020554588,0.8984562464134228,0.974161297337395,0.7925747943904963,0.9393635547714885,1.4396628552408646,1.4844648058015568,0.9869482867287285,0.9789672692113713,0.7458814057021258,1.0458590674316643,1.2190308363526206,0.8312921041975969,0.8573413410821232,0.7407106695443709,1.5654110623481206,0.7770727607386989,1.1462206177072392,1.2541665994198734,0.7371165162716006,0.8195549722568882,1.0870515893378256,0.9187902273109818,1.080761953380572,0.7675644698300252,0.7107042514219535,0.9627491335925303,0.8258708246580311,0.7886142587486257,1.0037201570194711,1.182141751750624,1.0383693633969298,0.7681057449751706,0.9457979514439353,1.699505664008931,0.9977869828485169,0.8621264886747217,0.9389090847330517,0.9687877581465101,1.7958343933427126,1.2001850584203426,0.8053447724219236,0.8994939750458683,0.9927651435887344,1.2960936288500908,1.1209819584102139,1.0743960411843752,0.9553414843252361,0.8571750294966042,0.48908757219154353,0.9325926652634737,0.894975048660106,0.8737281643879615,0.9749768243780401,0.772892061607046,0.9013467993827375,1.224164887691526,1.1443571696240822,1.0619624174686861,0.758377164001052,1.4940685570442573,1.0557254334708315,1.121969938737466,3.6015132404250263,1.4453459424844102,0.9481912758328197,1.262592745859384,1.6788118733453046,0.7821180565295748,0.7655997353450874,1.03895761735859,1.0218313886549544,0.9362741950703779,0.7866389147730822,0.9141770383368686,0.7475258938266423,0.9325103589668471,1.0354558363693136,0.8120576357739699,0.8046807180724478,1.021902663368755,0.6602133922965847,0.9302237548763465,0.9909659296977166,0.8264711082394258,0.8556917240074915,0.824395803576952,0.8362306743515167,0.8236975428918236,1.0020755690252001,1.09504052093051,0.8881312125918885,1.150390602437127,1.5663320413830313,1.1152242534348218,0.9363298798325838,0.7381213349536071,1.1673406739595182,0.9459335456847754,0.8433509541196382,0.8590879372348565,1.0391892689670579,0.9192495698139844,1.191080577593525,1.1641863758815032,0.9202637954744303,1.3324481702048143,1.057210150205247,0.798037727301319,0.9814206990396435,1.8411247949989318,1.5353025578474,0.9215749405868069,0.7902248116820447,0.7850241051779577,0.8566590573931123,0.8452283292171847,0.8395543056058384,0.7385845351145348,0.7181712114788812,0.9006045690255671,1.0874048611754052,0.8142578207123052,0.7580237483624185,0.7722916928153807,0.8449875846048962,1.0242721257310092,1.386161628844813,0.9129287819550841,1.1042862818702912,0.7420605391028181,0.8929000816459524,1.2112657456466829,0.7681492449487002,1.0584494997341989,1.013223398024946,0.8519079153092017,1.4661182368700072,0.8377838628969121,1.2326128762388435,1.0984399239270215,1.0440596801662791,1.1215301669168596,0.6914584591616728,0.9525674344072761,0.7542343728654084,0.9474330618677568,0.982286852822299,1.0452270444611282,0.7882863307012842,0.9252472853379844,1.301326118313125,0.877661202893502,0.7599066934425166,0.8712370856794347,0.7723885628421501,1.0772679785688977,0.914744243030893,1.1467227542724676,1.232034504756582,1.9398483166549652,1.083584111294135,0.8118585390785846,0.7230817866243844,0.8251098112518594,1.0376645906589748,1.1069307347234552,0.8335744038142063,0.7351228165343064,0.9421988620639498,0.8303294316344689,0.9618210767141103,0.8046436466720539,0.8961156742491527,0.6335557211999134,0.9044751230926826,1.0827521608632673,1.0908591409417019,0.8706667375460259,0.9921096207374245,0.9691806613618836,0.916160278054255,0.9058100612649019,0.9683247891166776,0.8233773001940575,0.7739399336977869,0.798656504491484,0.9979512396188003,1.0373850932857946,0.8477795751836141,1.1226256442739766,1.054547904891595,0.9979608798417076,0.8152947369225412,0.7087366039755587,1.148557593821031,1.0164338830149486,0.9039022992993577,0.935233066229855,0.9207651003940702,0.6521376562377941,1.0158218669972938,1.042321491311501,0.9179604805443135,0.8557422354915423,0.7536632357360732,0.9245196428632151,0.9262176586761791,0.9196446465878767,0.7628694785575276,0.9700222266534407,0.8691645670740156,0.9634084852409923,1.0114500899409395,0.9011872018538184,0.8557561719754612,0.965300775910863,0.9873862691636238,1.2468103134221171,0.9193922190813917,2.4442345386292956,0.6050361815190528,0.8116185341882499,1.9195849959763387,1.0526964456351608,1.8799929041622923,0.9909698398028999,0.8786175523410229,1.1271968190702863,0.8117022517004611,1.00390479087727,1.2314373468288595,1.530480901231756,1.0657750393360588,1.140711832096528,1.0165452071742596,1.340033030550777,0.8886659117478084,0.7518359208487122,1.0498968499673649,0.6140257257434696,1.0204194358909418,0.7617851691475459,0.8239777277460824,1.4681640542514198,0.9568906303628592,2.1667140095469017,0.8142483072165474,1.183935705277791,0.7368429369175591,0.8386500787882907,0.7993874776142349,1.0411713976767638,1.2553608549835629,0.8759896126414926,0.9011830348689123,0.9066763070846353,0.8135460317097092,1.0111539036157708,2.157404726218565,1.2948669940879494,1.6109637562057473,1.655630706427337,0.608273294794669,1.5083977308198402,1.3045794207727963,1.1618638760502997,0.9991709074198016,1.1747381111175792,1.1726228063943083,1.193631625685856,1.0485032104374252,1.692404390640272,1.0494198615358854,1.4448476494532967,1.1498013172564145,1.2002419983458577,1.5312735825685773,2.203578742965217,1.0921924939312528,1.2152861416817715,1.9648028188189073,1.4057031839229974,0.9333820129225834,0.9601033623171696
1.0,1.0,1.0,1.0,1.0,1.0,1.0,1.0,1.0,1.0,1.0,1.0,1.0,1.0,1.0,1.0,1.0,1.0,1.0,1.0,1.0,1.0,1.0,1.0,1.0,1.0,1.0,1.0,1.0,1.0,1.0,1.0,1.0,1.0,1.0,1.0,1.0699131797786159,1.1513101898984055,1.0905205451476712,1.067711694461373,1.1030414883616517,1.388469473439292,0.9989628004192745,0.7833213332490978,1.0096189727818254,1.0370976709948343,0.9513386289428143,1.0275387420976236,1.157059042660839,1.1130371987273437,1.0085553834723968,1.1104065621447539,0.9636387400197453,0.636285216843845,0.5063423180988561,0.9531404875666407,2.7826570264474864,1.086309671499365,0.8816000350923437,1.0207447003750576,1.3576834193057177,1.5096220114886159,1.0906800980309328,1.17223249412012,1.2216274223990031,1.26389065814986,1.5638477310336572,0.9651110871941773,1.3066512827467398,1.1262149224329097,2.2231472008389224,1.172663962426365,1.1342571231456158,1.3845383572546681,1.0855839088878647,1.4314750677599197,1.7256952486464177,0.9833651025468035,1.0519695084348655,1.1496067410595847,1.0746182484220088,0.9924062620426426,1.2069143260807385,1.0803907107899533,1.3042197364822052,1.1821465021158533,1.234765063251576,1.1828080498261841,2.1360971145812924,1.6217314927662287,1.0750821652158624,1.332798844932387,1.4507691007035004,1.1013799094115635,1.1431895381401564,1.112272194135465,1.4192066665554393,1.261085032192882,1.3411754186552325,1.1747411834525896,1.2578120148995828,0.9256513955106903,1.2941614772157655,0.968028901086783,0.9958519724210718,1.1241590228834135,1.3780920160874135,1.2320501503378303,1.0939648022043897,0.9298188031026577,1.2624778567878052,1.0648982995723961,1.4870339561159924,1.418531021269715,1.071343879360005,1.2192348136065798,1.0498440348747509,1.6915926051975754,1.4330735649487796,0.820195038655661,1.5863705306684062,1.0326521017731962,1.4301368886499874,0.9174429048217927,1.093969224537403,1.2387982440408507,1.0654836180006746,1.0318457023075127,1.1718245727140846,0.9217402914308923,0.92439011241959,0.7758576970577669,1.3118348457738365,1.0250910808124147,0.8713063794305199,1.0784340082241495,1.2192830307892701,1.2271334652728678,1.009165254886928,0.9964191825125273,1.1765905904842793,1.0296206139990942,1.01885006578292,1.3474724594511092,1.4522695704374842,1.7002256023448887,1.910375141766262,1.2076175828848243,1.1285897342754663,1.162308352629724,1.051344738398567,0.952239021239506,1.0763464621641377,0.9184920734214858,1.4417270370893474,1.0341309312464826,1.3244265417274124,2.104566292634796,0.8527175686930064,1.0339387461936762,0.9925832371163736,1.1881599827556415,1.556040152367291,1.0291371647694072,0.9778224607654104,1.3169759867778494,1.2265733766854185,1.1070431590864747,1.0929029254086151,1.1847949334925212,0.964536357845164,1.1423165344686916,1.7506653737816138,1.8022216611690685,1.2004766988668916,1.1892341940786169,0.9078221170919119,1.2725165268698555,1.483056901071293,1.0110634058307977,1.042837100038646,0.9012512633876657,1.9032969675592852,0.9455637853151613,1.3949907187053512,1.5246526706428987,0.8966388995330983,0.9961339420689335,1.321817526659904,1.1191426272700618,1.3143181469332306,0.9328661296152959,0.8649463162972495,1.1699174995104447,1.0038825853570357,0.9590798933752905,1.2204154180116742,1.4396100624940762,1.2633415747280194,0.934557866018388,1.1510403368381303,2.0654663931156803,1.2139096472468514,1.0485915046211898,1.1423779915526628,1.1784635510363752,2.1858469199652455,1.4565852354558861,0.9789168776013863,1.0947224145884635,1.207399860618438,1.5778640940020696,1.363283937759105,1.3068973916342022,1.1628428503185846,1.0415774396333686,0.5948503498911109,1.1335495067461463,1.0892954118218752,1.0621891059073445,1.1853069945974744,0.9403815433742957,1.0960296916228374,1.4885234866287942,1.3927051769740388,1.292301997310695,0.9219514528406847,1.8178422882182665,1.2832740534151201,1.36381718665002,4.372871560970674,1.7656384372816774,1.1543755080158304,1.539818767264061,2.037985634834645,0.9519942530218779,0.9322943900169901,1.2645362601148704,1.2436865866111595,1.1389356971835376,0.9566595173567419,1.112235219370146,0.9097285160511335,1.1340202786323779,1.2595049059385144,0.9886655441476674,0.9795400791809136,1.2415241248525617,0.8036315040884302,1.1310444315392956,1.2044527727303678,1.0063198761023704,1.0415180971500937,1.0039062753285202,1.017838216740212,1.0021486408676226,1.2190524769444993,1.3314701527938764,1.0814421371408358,1.3996602470863375,1.9030513816318648,1.3560713812171825,1.1395411317823367,0.8981586835149025,1.4194642325841056,1.150595958039327,1.0274954338361013,1.0456404337215446,1.2623535288715422,1.1185202718988596,1.449370079418989,1.4151430550559967,1.1189572425262537,1.620828702661945,1.2873160716384142,0.9713978486227595,1.1931322603151493,2.232041683723803,1.8658907636703543,1.121431846588332,0.9614526462655204,0.9544369769540908,1.0426140436220113,1.029247110919987,1.0219336795382565,0.8986531959007742,0.8741704891702748,1.0950845421002393,1.3212974787756782,0.990787143253907,0.9218954970205074,0.940267940717615,1.0292262080265182,1.2462750113542833,1.6863048008560382,1.1100375098992774,1.3426398712989127,0.9031977110002389,1.0870810098971393,1.4711339787822781,0.9362462765880661,1.2869878004848232,1.233406826546784,1.036985193934258,1.7830460434415385,1.0197640068988112,1.5010058363693521,1.336263984598419,1.269846773680146,1.3609338735620222,0.8414659367117705,1.159308120905195,0.918398417681366,1.1535404091503825,1.1946678610437518,1.271465441368422,0.9594713655572442,1.1250261003400936,1.5814901608012673,1.06899466344957,0.92549996094061,1.059851882437676,0.9397418554194087,1.310464627950297,1.1120377700929533,1.3948611125648522,1.4990151514914583,2.3606405548733953,1.3197181403089377,0.9881637509066936,0.8797230370572946,1.0043878667103576,1.2624192189847019,1.3455367353098553,1.0143048551388871,0.8944127349926454,1.146565855881003,1.0098683389456888,1.1693240684179962,0.9793448232833647,1.0891939161379387,0.7711265661819444,1.100609752523641,1.3185685416599586,1.3279862971319014,1.05991523323319,1.2075256897504332,1.1780989181669765,1.1157693170556633,1.1021893047218858,1.179258122928566,1.0019354881627474,0.9427560965480793,0.9739405857672877,1.215273056362066,1.2639847238502164,1.0313921902344485,1.3647845406964938,1.2817721625348555,1.213952234895761,0.9923745707086553,0.8618516554418354,1.3978456957810952,1.2355350558579477,1.0993933269005707,1.1375084917162028,1.1207723333602613,0.7938755976516995,1.235846834462173,1.2634568682436522,1.1162850644032742,1.0416080825870178,0.9183301588514484,1.1245723588693193,1.1267490498182624,1.1192897770667418,0.9273432680736686,1.181074180319568,1.0573431418052879,1.1714651858619294,1.2319404473175517,1.0971915677656683,1.0422927475035144,1.174898376818517,1.2007185532080276,1.517580636482439,1.1199144205145966,2.9722744300058364,0.7362153572500957,0.9868902550164815,2.3303922647372355,1.2806042899406327,2.286430686748389,1.2055925740219005,1.0696956484051712,1.370684267858598,0.9878542346503962,1.2216380695475528,1.4949485924601613,1.8538481650812033,1.2946408007081076,1.3907419537915735,1.2381062098999744,1.6266062615011478,1.0807775422600092,0.9135677087272867,1.2798629453688304,0.7470097011456563,1.239343880607117,0.9263103296259153,1.0017459004402718,1.7839114219416932,1.1641607005291519,2.6305569997984373,0.9912032059670829,1.441212454563043,0.8970698278858407,1.022000263237614,0.9730859734001382,1.2666150501137023,1.5265879163621983,1.065160088310489,1.095823355672553,1.1033276481056553,0.9888004460919749,1.2293759278929255,2.6252258152805164,1.5754890974451359,1.9608571496529659,2.018857163193016,0.7401351649035146,1.829799414762323,1.5850187848793627,1.4129057634195603,1.2160713017741127,1.428933632596126,1.4282922107233311,1.4529026754206786,1.2772475096295317,2.0576985726010877,1.2769952604735988,1.755767105810448,1.3976920042194831,1.4596473522806925,1.8642849969631337,2.678420970151586,1.3275970941131456,1.4787092232593575,2.3897282686900594,1.708895984945885,1.1339793812290544,1.1689031079213927
1.0,1.0,1.0,1.0,1.0,1.0,1.0,1.0,1.0,1.0,1.0,1.0,1.0,1.0,1.0,1.0,1.0,1.0,1.0,1.0,1.0,1.0,1.0,1.0,1.0,1.0,1.0,1.0,1.0,1.0,1.0,1.0,1.0,1.0,1.0,1.0,1.0,1.0755707582857525,1.0184177085238135,0.9978805925555573,1.0307167302584548,1.298343444271448,0.9333760772611077,0.7322049920453677,0.9434417362379819,0.9689069776591595,0.8885877157307722,0.960421112214162,1.080842338172539,1.0394092851443102,0.9423625611308906,1.0375320571990698,0.9003841866121661,0.5945816569311786,0.47308134803075774,0.8911507129029155,2.598377402559641,1.0150140963598242,0.8238146509467184,0.9541335388829195,1.2681910460361616,1.4104329538843476,1.0193844285742482,1.095772520580794,1.1411404952020874,1.181618880451999,1.460952552685552,0.9019867527601039,1.2209480938690613,1.0534222839230591,2.0781845612744068,1.095957503907281,1.059427019151456,1.2933020819537175,1.0139713475171468,1.3377900631545403,1.6126631385529244,0.9188761491160491,0.9828750046181532,1.0741543401865659,1.0042380822588581,0.9268148681698244,1.1280250256895097,1.0093166047177582,1.2179045140102789,1.1043211968066093,1.1541220355468291,1.1055503109637812,1.9971389056284146,1.5167003428244237,1.0043631581474257,1.2458125114988743,1.35578086495595,1.0294130397307732,1.0687458148101936,1.039096885158185,1.3270608532944501,1.1783412087182605,1.2537553285590834,1.097866718035487,1.1753698962843777,0.8649265215270301,1.2092077600270126,0.9046081200323699,0.9302976033543267,1.05047990689345,1.2875388503657486,1.151128185282681,1.022370445895433,0.8689175130843373,1.1805337571977108,0.9946809142384678,1.3893954616321054,1.3233118554716117,1.0012746344978756,1.139805893477146,0.9808797982155841,1.5808238954089284,1.338086735040048,0.76619265440801,1.4832477802684616,0.9652815123827929,1.3356097097953927,0.8572471843252087,1.0222062202589084,1.1575523475655825,0.9952818841422065,0.9639646006979811,1.0944721419343613,0.8609226409639261,0.8633892513495689,0.725145050309708,1.225167701151695,0.9583017054081034,0.8140886688486424,1.0072967615003119,1.139320014343558,1.1469118048617997,0.9424891141776173,0.9307904547285006,1.0994269651880884,0.9625046096385106,0.9519146640127992,1.2592535851142095,1.3572274299572142,1.5890666766669537,1.7871478793929343,1.1281897834040824,1.055124358499902,1.0867026054915927,0.9825064857978774,0.8901329787184461,1.0054808809290703,0.8583858694720861,1.347520245537237,0.9665346170073246,1.2383199124101463,1.9654594133907868,0.7969111949553074,0.9659657232915824,0.9274208255244489,1.1105707185731157,1.454049121717593,0.9615215991419254,0.9138010492401571,1.2324021223041801,1.1457434165113272,1.0348813726679058,1.0213372181830875,1.1070715724593965,0.9011905481567681,1.0675462952400743,1.6360419160809345,1.6854868193719792,1.1220348968480847,1.112478602365105,0.848140553291429,1.1886992352646948,1.386204771165037,0.9448356904203145,0.9741790919478421,0.8421659339273095,1.7779645427961088,0.8831830421808926,1.3031392622310904,1.4249459903505115,0.8377617236274495,0.9309462249401053,1.2346950756420405,1.0452036234270285,1.2285332330392893,0.8721949416995904,0.8080214578580442,1.0936290792782548,0.9384824655726235,0.8958224820648492,1.140663246536127,1.3441174115357994,1.1806044636271258,0.8735055470297329,1.0754054946621738,1.930614440000979,1.1341404732973648,0.9803934322010746,1.0673278448465688,1.1010200235719756,2.041690673453701,1.3640316504770573,0.9154718426844222,1.0229095062704645,1.1281387418124387,1.4738310519082398,1.2734275930369094,1.2209160577774931,1.0861545660953387,0.9736342807623448,0.55590480798011,1.0593819947232097,1.0178570323880365,0.9929402609604356,1.1078360096988757,0.8788581574360644,1.0245960003148635,1.3912825004269287,1.3005985583625872,1.2072799300119956,0.8617614988315717,1.6987468510073267,1.199175185273246,1.2744287000028534,4.105194904178326,1.6467746352349268,1.0785908057625857,1.438480695853068,1.9059105668098142,0.8893423824082304,0.870718356327756,1.1812980451426593,1.1616400520669785,1.0643710821860515,0.8940222928091952,1.0393773692409112,0.8498448503808101,1.0598765124625973,1.1768893667574725,0.9238282110681966,0.9152826859109586,1.1609892601126797,0.7511860716149596,1.0574741015633458,1.1259324564484827,0.9401788521545802,0.9734495973546894,0.9377570242626736,0.951063172766242,0.9360912616861539,1.138822938211166,1.2443794663043026,1.0103172136807754,1.3075344674201501,1.7792651637426802,1.2675042097558813,1.0643340794923069,0.8393764193824135,1.326833539269128,1.0750775648046371,0.9596035798271499,0.9769340880262692,1.1799471738159213,1.0451466659183426,1.3538858547408323,1.3230730277808382,1.045389454180269,1.5143031834345844,1.2030451910570163,0.9073219384898158,1.1153129980926813,2.090031183855311,1.7438784262646854,1.0475082986551918,0.8982644186716848,0.8922930113067326,0.9740451582708334,0.9617926000562582,0.9547080823635161,0.8398641902013078,0.8165741730343409,1.0230953646157248,1.2353034413391766,0.925607663150514,0.8617921794931043,0.8783374614557578,0.9611839739013577,1.164028473483199,1.574925240775261,1.0374295567496037,1.25491466990275,0.8436701024763781,1.015195273719408,1.376938335076614,0.8745813954865571,1.2029851549945771,1.1518087893036122,0.9690404686919566,1.6652468181958078,0.9526316993599999,1.4015636318475346,1.2484135864536938,1.1865095356327835,1.2736299787569063,0.7863315476730124,1.0829210307530563,0.8577663669894722,1.0779317565449316,1.1164024653522842,1.188061680603358,0.8963357452071684,1.0513345733375266,1.4782388582658774,0.998200453081997,0.8647557294103437,0.9911497736374115,0.8781073809719451,1.2244156720495092,1.0393293105773926,1.3032971874222001,1.400480975722918,2.205709281206821,1.2329785858219438,0.9232242561670336,0.8222671826485061,0.9382985201722425,1.179098385809403,1.257633741520301,0.9476845290191604,0.8358753732796341,1.0709551331401246,0.9441670658303991,1.0929792082738303,0.9146456576045902,1.0184848369393897,0.7206740869488579,1.0274632359728844,1.2319459981043237,1.2402365186864293,0.9903022909802618,1.1281377368925032,1.1011855232108325,1.0422532745555573,1.0296693698293213,1.101145977534741,0.9360212922136473,0.8803363611683354,0.9086278287511889,1.1344215047405937,1.1815335794834136,0.963798753913014,1.2756369695940402,1.1972018108168205,1.1342644795027241,0.9274369990254746,0.8056749898919351,1.3060403853572675,1.155740486868641,1.0275832122686392,1.0637178714367375,1.047511347867632,0.7418440619069695,1.1547890491412744,1.184796445956125,1.0438082392577355,0.9737203163792526,0.8579301217288302,1.0511784307496506,1.053341962850721,1.045763507373136,0.8668785101234596,1.1034422814325215,0.9885979099317805,1.095670048204491,1.151677634266571,1.0256730180202989,0.9744746473958819,1.098090099995737,1.1226940527143578,1.4172730828371194,1.0461982649153354,2.777606881402413,0.6880628658392758,0.9230456107999121,2.1795130846407265,1.1963244624156841,2.1355973880557304,1.1264621658822809,0.9995935003316467,1.2813026735219248,0.9228884721781991,1.1415492078005072,1.3992541258596907,1.7373617643739587,1.21084476192374,1.2981185475926793,1.156707293498675,1.5232891634188404,1.0099935696521354,0.854337144019653,1.1956349417592023,0.6985914022641044,1.1600793776531817,0.866516489370457,0.9367950897235836,1.6693963244089152,1.0884738438858965,2.462090605597811,0.9257418951221376,1.3465991178950443,0.8380156400293948,0.9548174747047127,0.9089530160452362,1.1834963191014995,1.4267987239909168,0.9955342471585629,1.0241267359895119,1.030674503340665,0.9249567561689676,1.148865867426073,2.4529961611780675,1.4719360181211956,1.8293661656612974,1.884758310381717,0.6918262167972768,1.713777540745908,1.4821677061129814,1.3204637531242833,1.1356726797830652,1.3352769621011114,1.3338499407799147,1.3570994088899853,1.19236625856874,1.9240599497782949,1.1940313125555462,1.642166305441283,1.3059395336589754,1.364109667202921,1.7415204062926297,2.508537983403113,1.2419011349851163,1.381576301824867,2.232714259411396,1.596998038268096,1.0607932822460573,1.0920023144774118
1.0,1.0,1.0,1.0,1.0,1.0,1.0,1.0,1.0,1.0,1.0,1.0,1.0,1.0,1.0,1.0,1.0,1.0,1.0,1.0,1.0,1.0,1.0,1.0,1.0,1.0,1.0,1.0,1.0,1.0,1.0,1.0,1.0,1.0,1.0,1.0,1.0,1.0,0.9470389780001064,0.9267187706104496,0.9569011995021899,1.2046065135311492,0.8666464190751386,0.6797080329703218,0.8760165760852193,0.8999580486814946,0.8257292782787631,0.8914762924045704,1.0045013605184705,0.9661553094443536,0.8751838452498755,0.9638654147036767,0.8360494447309103,0.5521154678087625,0.4394473887228591,0.8268936192753094,2.4202811563557027,0.9421505571751707,0.765116756193865,0.8858510917798457,1.1789733113671272,1.3107961774377825,0.9473868588982859,1.017548741213834,1.0610080533493067,1.0966827300029753,1.3584057145836856,0.8375624987889816,1.135372486909723,0.9768095963546621,1.9306813811200698,1.0177143836636788,0.9843311764874503,1.2018201112256428,0.943141429267322,1.2426929680018013,1.4978555649110314,0.853243487902296,0.9132035527932361,0.9983691487748058,0.9328835871182828,0.862006759558448,1.0470329661196853,0.9377108817639612,1.132756776805763,1.0265560030982555,1.0716850108526146,1.0256300999584698,1.8544734258347328,1.4064375471254182,0.9330738040520066,1.1565526237182726,1.2587670337571262,0.9555812005058459,0.9919733331738603,0.9656066789503042,1.2312349268102707,1.0949966282321937,1.1630691609037431,1.019662675886467,1.09186198287893,0.803720802931336,1.123610915559731,0.8401298929829177,0.8647026772793194,0.9758082929392743,1.1958439647931534,1.0699341164526512,0.950127849923115,0.8072795494169822,1.0952782966754644,0.9246464729371258,1.2910416989281366,1.2345668489684418,0.9297311998560421,1.0582530686914984,0.9114226283654598,1.4677729772253305,1.2448429112816684,0.7122320989766739,1.3763902437468412,0.8959108459356554,1.2415690218662683,0.7965781070000033,0.9492383183667017,1.0750928734485579,0.9251977405745612,0.8956020940213407,1.017711911114644,0.8000377423239156,0.8027225515008758,0.6730974510562864,1.1399685069987773,0.889672248764597,0.7567212478578405,0.9368010474552325,1.058310549851876,1.0645195190003274,0.8765088272730357,0.8648787938861151,1.0219260513203292,0.8929517466042649,0.8842322704740084,1.1692054155601177,1.2603241549666981,1.4758553853686893,1.6562412008674505,1.0487382233992102,0.9791353619577592,1.0077087709030907,0.9131851008368854,0.8257479464468813,0.9345624329104678,0.797014714460107,1.2517337279617622,0.8972157799228813,1.1484879921718183,1.8285014072160406,0.740217033446319,0.8977702751780112,0.8614624855150728,1.031239325469518,1.3505073463405255,0.8932432118956788,0.8494428040172687,1.1420105505197267,1.0651818891377336,0.9606724434342547,0.9486091001162937,1.029131724906971,0.8372478994841831,0.9916990546728596,1.5197122794087465,1.5639889020099451,1.0423903648342647,1.0310674573869802,0.7879804380555937,1.1050285226158598,1.2862893704009233,0.8777061339767431,0.9058473453333693,0.7820466191330886,1.6522659509272997,0.8213489193721499,1.211508429499915,1.3235755664513105,0.7790707282220799,0.8650983774899715,1.1493507854204512,0.9716061886949001,1.1407932868687012,0.8093501919035606,0.7509511747587918,1.015505789455274,0.8711341137155004,0.8333760293770938,1.0600801520514516,1.2510043733913956,1.09632771262587,0.810741458414318,0.9992600616496201,1.7922114424963396,1.0540786827197763,0.9087883208641943,0.9915275287882908,1.0234032303517755,1.8989545484078845,1.2609351799911042,0.8484645419173937,0.9502101280199959,1.0486155988959274,1.3707943896607238,1.1848243138066383,1.1353902479447484,1.0100140917632312,0.904274710708693,0.5162642851501154,0.9849236283398741,0.9453129667274667,0.9218582511300063,1.0285276395772813,0.8157979966336408,0.95041146350643,1.2921985979787465,1.2104485438411323,1.1220739027617344,0.8000354812984402,1.5785346860319198,1.1146438413326236,1.1845730631825444,3.7671813927722724,1.5361182440770467,1.0018405713930663,1.3340998648820583,1.7686457379994105,0.8263201989159328,0.8098232579331059,1.098472432036602,1.079759642660842,0.9886947363410921,0.8306129898002221,0.9653972826125636,0.7898554745980053,0.9834072832221625,1.093303225227841,0.8573337639504308,0.8501716316113284,1.077283561381012,0.6967378734547829,0.9816299329547704,1.0454594056398547,0.8732466060028783,0.9033057152686979,0.8713777691721757,0.883035214609383,0.8710323223306964,1.058582185464052,1.15625344292835,0.9383970968837586,1.2155733071844235,1.6516686811713905,1.1768948597913942,0.9896735835890661,0.7793813680674914,1.2314479699144179,0.998952010609834,0.8909312229380641,0.9075227787240772,1.0964501880230606,0.9711220630903384,1.2587506501956298,1.2279375045770675,0.9720615224131429,1.4072289425760025,1.1160086450318625,0.8434385274056455,1.0357156356791621,1.934279946832682,1.6195447224717747,0.9741218181267913,0.8349593025333906,0.8278647617381196,0.9054347656546335,0.8925352143655955,0.8871432016914114,0.7797033541495646,0.7587322279496809,0.951018366594427,1.1465903982331573,0.8605541903770055,0.7998857433777049,0.815884776147433,0.8938317584192705,1.0825463537108995,1.4655080247058758,0.9636553808157389,1.1662047031195157,0.7839624920849425,0.9441406249657516,1.2733742521183862,0.8125251212696131,1.1172465275243022,1.071291366759063,0.8996345735806017,1.5507400487765142,0.8854124274601924,1.3041435483480515,1.1604203526233092,1.1023734137732042,1.1793482285644874,0.7300345541890589,1.0065507582001512,0.7973733214488712,1.0002114248578269,1.036922773252433,1.103598263639407,0.8328038010590588,0.9775077061080115,1.37350374693858,0.9281313920080687,0.8023060307608139,0.9178220451129232,0.8158279099684558,1.1377809357427835,0.9652777837137929,1.2108218102371924,1.3016991023607112,2.0483441615047733,1.144811906468525,0.8576553130527834,0.7629816221564162,0.8717395296981172,1.0970259183534177,1.1681955255691425,0.8801518120336993,0.776222356565374,0.9966461671624375,0.8754676047948845,1.0144223505543621,0.8505711657186066,0.9445928820187695,0.6691447703646118,0.9581480330641036,1.1440489127028817,1.153720899019929,0.9202010753832849,1.0482006872415282,1.0214781649712827,0.9686017669760235,0.9572200788008554,1.0241031780226009,0.8699550820177993,0.8190207660879618,0.8468943089596545,1.0570340605129172,1.0956590692969284,0.8948589494091093,1.1848587485947282,1.1145107808310573,1.0539283419002294,0.8605695011202379,0.7474522564379865,1.213936620224362,1.0707500903091267,0.9537772381552074,0.9858771934464614,0.9725360069345772,0.6890864022381972,1.0727540784517127,1.0913904926172582,0.9672334295584798,0.9033431021735311,0.7968376448168673,0.9753836341637254,0.9769921025430286,0.9713569096900236,0.8050175509781675,1.0252707801401033,0.9160129303503837,1.0150891637700163,1.0669879431408815,0.9502426567291672,0.9028630844012764,1.0195374876537437,1.0409177112124781,1.3183492144445594,0.9715163626441146,2.58532630288795,0.6387854652670807,0.8555981572042124,2.02034016932189,1.1124270010875104,1.986916519957994,1.0461672086172897,0.9276731991089551,1.1895736818394353,0.8577195898268133,1.0603197747065445,1.2954179340789178,1.6021160384621356,1.122637418740648,1.2085288747129084,1.074830853201035,1.4061577561308463,0.9380552088633902,0.7920406623704909,1.1107200830294555,0.6472004608757751,1.0728805702687063,0.8020772688301809,0.8682212316068467,1.5457749063153663,1.0099246194338525,2.278877144928858,0.8607554369031516,1.2517111916582375,0.7787918089122606,0.8865840848763407,0.8451314311322856,1.0996591492756238,1.3250088303848435,0.9237849931084049,0.9510157548403513,0.9575172064523272,0.8563983008821573,1.0671148832796686,2.279392918096196,1.3678728134717253,1.706394570116434,1.758085399245335,0.6418131682558137,1.5844852720703526,1.3757016582507515,1.2261568124766289,1.0570846462903898,1.2409462563090643,1.2409232618461208,1.2614769398614356,1.110265583291873,1.7841035719654474,1.106844621372896,1.5232087848442293,1.2143854290210832,1.2668588655735764,1.6178449866859794,2.314836125046628,1.1488804942129676,1.283763084201555,2.0728480395281945,1.4827819906283715,0.9822573733985803,1.0145949141932364
1.0,1.0,1.0,1.0,1.0,1.0,1.0,1.0,1.0,1.0,1.0,1.0,1.0,1.0,1.0,1.0,1.0,1.0,1.0,1.0,1.0,1.0,1.0,1.0,1.0,1.0,1.0,1.0,1.0,1.0,1.0,1.0,1.0,1.0,1.0,1.0,1.0,1.0,1.0,0.977549007675989,1.009393476525788,1.2699374516713258,0.9142631478618493,0.7169389467384435,0.9241036504043837,0.9496565544329866,0.8714513831178781,0.940185664387939,1.0599378285862318,1.0201014082492117,0.9233517054211134,1.0170107830526798,0.8819813929929505,0.5823822879879019,0.4636607310864884,0.8718710497205127,2.557977525686005,0.9941475578173853,0.8073135797989425,0.9342196192228736,1.2446042252682845,1.3825123924226626,0.9994213244092633,1.0731589509001163,1.1199683906238724,1.1564758524689935,1.4335965538101076,0.8833270187008998,1.197946046342557,1.0295338354380343,2.036863868617657,1.0733999849951164,1.0387866319184123,1.2682830224041197,0.9956391481558238,1.3109219869395194,1.580071434502945,0.9000959609612984,0.9634210218997972,1.0532116918280563,0.9841913460453253,0.9099376775922947,1.1041524147757777,0.989489662164756,1.1957554006686526,1.0836133353583768,1.1304325882008848,1.081262197235766,1.9553881285739094,1.4825611833732917,0.9845433479122399,1.2199026378070887,1.327733296223379,1.0077458546777986,1.0458300591006653,1.0190819808792857,1.298333983395025,1.1552177958341248,1.2261988368372883,1.0757476795854186,1.1519880329945282,0.8479241439598082,1.1857829844502223,0.8862468556042404,0.9124506655100755,1.0296332291182837,1.2618503031339263,1.1289314982927037,1.0026224794870158,0.8519110865929967,1.1547897926817918,0.9759021426067679,1.3623207604989418,1.3049688584985173,0.9807883967693184,1.1161855395698312,0.9616399708310528,1.5489467251943716,1.3145018260947872,0.7515913951724423,1.451080796889265,0.9448916796328061,1.3103881069990542,0.8405104814619435,1.0012985863335873,1.1344648841594531,0.9763525843570267,0.9450869161205053,1.0742214045931249,0.8443687373282036,0.847142401205421,0.7098115915522334,1.203525181365028,0.9381352430700977,0.7983646529399286,0.9885923897866474,1.1167188361794111,1.123067853186004,0.9252570456305874,0.9126786608860291,1.078244427969092,0.9416281354888875,0.9330165317156036,1.2329702845769046,1.329702727906283,1.556627091355867,1.7453884646441251,1.1069369860414193,1.0323867616360147,1.0624320530766127,0.9637466033767681,0.8707161351653212,0.9862250622279053,0.8406457575504611,1.3205579447706928,0.9463032898834491,1.2110227206719228,1.9305125504335185,0.7809144810490463,0.9476512807572453,0.9088058924851145,1.0876771964614178,1.4248803867659148,0.9423958487363561,0.8965595072562197,1.2029387307521549,1.124265883416494,1.0131352328366554,1.0005920459022917,1.0858023215264947,0.8833780423557114,1.0461763013481016,1.6032932713218673,1.6487013001239759,1.099163593523761,1.0864138860077253,0.8314472148334676,1.166243761896292,1.3561810667841985,0.925959019482241,0.956107778969173,0.8250259627165002,1.744464911170275,0.8671619337998264,1.2780735369232208,1.3959576183257312,0.8218662415964068,0.9128931721112288,1.2133957722732491,1.0254630254918835,1.2030968141819485,0.8533116610242426,0.792486232450798,1.0710757627322132,0.9187855399635552,0.8800704187885238,1.1180328737953151,1.3213458061220995,1.1566453794307439,0.8548481072045525,1.0542354225545725,1.8907941389583534,1.1123922383591833,0.9580172897786414,1.046283958289727,1.0799687927070467,2.004052795619497,1.3262630251635619,0.8938281654589082,1.0024694911530851,1.1064982930188851,1.4465953263715914,1.251171366037923,1.1985192812905976,1.066183849065419,0.9537799807817096,0.5447869789077758,1.0389718352220783,0.9971680765024018,0.9721727623503851,1.084890356431199,0.860406541803476,1.001991724476147,1.3630276129104746,1.278092894469106,1.1841317428664249,0.8439235716364574,1.6651537838896129,1.1763512271764325,1.2498350644639658,3.9440661240075956,1.6240218849645711,1.0566774839801822,1.406634720580087,1.864487651174033,0.8719019462639622,0.8549520766091628,1.1590917785676806,1.1396134944866487,1.0430387433886188,0.8762846367751478,1.0183970579812427,0.8335485717822024,1.037218344660381,1.1531824143474008,0.9044823120179761,0.8968532539958107,1.1355759552808902,0.7346220369036157,1.034806209073304,1.102736276413885,0.921202468702743,0.9525633421694276,0.919476353369772,0.9317246849929848,0.9192306582402461,1.1169938584889179,1.2197388612179376,0.9901629739530392,1.2827082640503766,1.7411009376590365,1.241431426751229,1.0446203445592888,0.8220271031401953,1.2986450487748007,1.0540745301695749,0.9406549587761184,0.9573864043468878,1.1566428257717996,1.0247377644984574,1.328766163832989,1.2948749677247848,1.0264894712857704,1.4848127774726367,1.1768182633606334,0.8901538539126412,1.092201642852084,2.0352997746613366,1.7083098765734785,1.0281588506627404,0.8808927183932698,0.8727456196581271,0.955246687895211,0.9414895696202713,0.9360204619870062,0.8223322461165588,0.8007984393847745,1.003689728676421,1.2090147067123898,0.9080592826055907,0.8432366389798376,0.8611911925641844,0.9436012816844286,1.142773590236636,1.547137672339788,1.0162961299405417,1.2298614515482675,0.8273620221713932,0.9969389383071888,1.3401169519727258,0.8571852893771217,1.178472604615337,1.1309066189106316,0.9489466642661539,1.6372057118318715,0.9342372393237923,1.3772080342839241,1.2246452249117277,1.1629460737863213,1.2423043212002411,0.7701290190671815,1.0621971226339342,0.8416306031360661,1.0548226090122144,1.094060112611196,1.164446125498774,0.878822326762441,1.0316187908730683,1.448092122283112,0.9798567846535773,0.8461274069003655,0.9670518397456509,0.860548407742965,1.200468893147578,1.0181971332475106,1.2777034406907806,1.3736927582971994,2.160266606837431,1.2074579962595264,0.9048656494847505,0.8045790492394836,0.9198881767186955,1.1581138086067146,1.2323558417943778,0.9286636636612218,0.8186596078120925,1.0520639170704729,0.9229011303253272,1.070053111628339,0.8979830922838345,0.9958240410120356,0.7056423614290763,1.0122369320933027,1.2067927764517972,1.217913835263209,0.9707473802834947,1.1058876079464972,1.0773047925880304,1.0222586518479226,1.0101934358873366,1.0813115976198902,0.9179142715345272,0.8647327452838434,0.8957455934196472,1.1163029711321528,1.1550177193792326,0.9440476226552197,1.2493920952079525,1.1768461803280443,1.1120550474749769,0.9076043088146729,0.7882657335598641,1.28025970401477,1.1282510024773258,1.0062504721171166,1.0388014599634672,1.0255549799584074,0.7268769480746327,1.1316987015902735,1.1456182899147676,1.0193130329000102,0.9521198578950573,0.8408718726480733,1.02847979548504,1.0300209681525372,1.0247676751915595,0.8489354156956328,1.0814232521045268,0.9656302316184118,1.06965569643317,1.1238403669150494,1.0014370174176754,0.9512955971625403,1.0752189835318329,1.0971746340714932,1.391815068345435,1.024983625441719,2.725752087605631,0.6736810314300508,0.9011150745677488,2.1302430125897405,1.1739868083123506,2.097965002043737,1.1039615128189877,0.9787564926472179,1.2541223511122364,0.9049338749407662,1.1190248695482314,1.3641965730523682,1.684644362704022,1.1833788389244397,1.2763949965750707,1.1336800229243136,1.4785076090426275,0.9896661511308912,0.8347364550710672,1.1718940123032533,0.681805218171058,1.1289345549502632,0.8447635065957578,0.915165075734392,1.6279875941110944,1.0645031757052905,2.39898045153,0.9086462096078833,1.3205136459557067,0.8217803335807264,0.9352186332348118,0.8918657951356501,1.1603997208633157,1.3977348838494388,0.9747236482773649,1.0031516918577332,1.0107720056929588,0.9022553215456774,1.125905559371807,2.404762452627907,1.4434654189343448,1.8062466185124948,1.8560253627279217,0.6766765530088359,1.6673057507525442,1.450202437695483,1.293492992964528,1.1159198919258804,1.3092635336540193,1.3096200667147628,1.3312822275813547,1.172578427714042,1.880153401689483,1.1664813362250483,1.6052111840510643,1.2815796440282192,1.3363311385185286,1.7073070324234632,2.432131398462468,1.2100436022754741,1.3545782513471123,2.190301228880735,1.5647869417660645,1.0348227981146465,1.0705635315209094
1.0,1.0,1.0,1.0,1.0,1.0,1.0,1.0,1.0,1.0,1.0,1.0,1.0,1.0,1.0,1.0,1.0,1.0,1.0,1.0,1.0,1.0,1.0,1.0,1.0,1.0,1.0,1.0,1.0,1.0,1.0,1.0,1.0,1.0,1.0,1.0,1.0,1.0,1.0,1.0,1.032966000012823,1.3012540785358557,0.93547275069335,0.733707115640072,0.9453182890570284,0.9708791708010601,0.8904147536672382,0.9624462801472322,1.0828561285214842,1.0415062980863103,0.9443848674480032,1.0395845541117161,0.902339181136039,0.5958051800546402,0.47407258944998504,0.8928615447051252,2.603646601524721,1.0172638380534238,0.8254744145446903,0.9560828941815305,1.2706825688145882,1.4143967908173527,1.0214390193707676,1.0978108296496054,1.1435562978320246,1.1839878740620007,1.4640818453574176,0.9038154900964395,1.2231519580192303,1.0550521823937786,2.0818602863838933,1.0982649045001476,1.0616267246434348,1.2960627127032507,1.0160690230518674,1.340546784424166,1.6157805868305135,0.9207343298799,0.9849604939030248,1.076367324665333,1.0062770007868347,0.9288571662669898,1.1303927839605263,1.0116788306995206,1.2205862854490541,1.106588880822796,1.1563467065831006,1.1080779480513097,2.0005983822402102,1.5193396038259617,1.006465250816372,1.248336638840737,1.3586705975109439,1.0316087327773267,1.0708961501742222,1.0412958163037431,1.329458841102574,1.1807596832910003,1.2564752851250658,1.1001227375169182,1.1776984451987942,0.8666011183489097,1.2115697904419966,0.9065251569038328,0.9322766900679381,1.0524362155971105,1.2901050184060354,1.1534456786410037,1.024270774104186,0.8704300443597582,1.1826881974654406,0.9967887300585776,1.3922577369325244,1.3262483348253598,1.003250669003581,1.1419276573739476,0.9829678609449526,1.583631757677581,1.3405564198160644,0.7678756098896701,1.4861050251566992,0.9673678493616503,1.3383698553821688,0.8590091051016997,1.024331074473908,1.1598487538441054,0.9973131209077855,0.9660358286894422,1.0966853509245684,0.8626755003886997,0.8650815169397501,0.7267408981592787,1.2276728381450452,0.9601798283308037,0.8159189866359117,1.0092368773530995,1.1416946035232614,1.1493943349928113,0.9443668295974432,0.9326874019383645,1.1015813537865566,0.9647575454451218,0.9538642449612533,1.2617655191063704,1.3595538420000033,1.592465360485481,1.7903798019395936,1.1303596443079962,1.0572200181742177,1.0887636616319225,0.9841254018061448,0.8919401881779803,1.0076273527901214,0.8602305233523908,1.3499239969001953,0.9686955104064656,1.2410669145790034,1.9700787415613787,0.7985233733712088,0.9678579918815026,0.9291965245180054,1.1128936717884585,1.4568906930969283,0.9634946138693292,0.9153526377680061,1.2347566108320793,1.1481726523458102,1.036912014166832,1.023439299636585,1.1091851473592116,0.9031460341795822,1.0697422974857482,1.6394063727083772,1.6887386722106796,1.1244168057186807,1.1147656900200094,0.8499406068746873,1.191199012324438,1.3891981237997348,0.9467095854637047,0.9760027630829575,0.8439057109755691,1.780572525024561,0.8849361963109402,1.3058187653623614,1.427540868290417,0.8395049988368904,0.9327249608037846,1.2368174369068712,1.0475633001647044,1.231077843180361,0.87387124524401,0.809599596781908,1.0955266872452787,0.9402343184304754,0.8974598016439803,1.1428060062181966,1.3468530256501303,1.1832602674243902,0.8753025722880247,1.0777383840981614,1.9336707739197627,1.1364422398781442,0.9825207167950012,1.0695180639883883,1.103226488215011,2.046037783919325,1.3675248246604919,0.9172583812715795,1.0251988808040084,1.1301920388815743,1.4771773552659127,1.2757223437641252,1.2234087856797227,1.088449332779494,0.9754984010868207,0.5570811214510832,1.0613878447067944,1.020074152932768,0.9949168330285677,1.1100944796072014,0.880891296131584,1.0265568972772163,1.3940559954869625,1.3031619499642466,1.20977925690568,0.8634225300883872,1.7026568090146155,1.2013923020473696,1.2767942730641753,4.121024492400265,1.6515755886089805,1.0810709803749186,1.4429698285979617,1.909435813488562,0.8911969895554896,0.8726162938499578,1.1837311676030464,1.1638058770534587,1.066699843376027,0.8958330022604661,1.0415179840880981,0.8515945405088534,1.061844860109409,1.179331538377621,0.9258226609376903,0.9173771002232438,1.1632689569392383,0.752899382310843,1.0597602364576708,1.1279558128313507,0.9422176745267918,0.9756953961229953,0.939766969585593,0.9530947612286327,0.9379978282001058,1.1410298701685717,1.2469595217234188,1.0125754485990563,1.309968601377947,1.782611200298395,1.2700245004306516,1.0664283786310491,0.8411754501303592,1.3294398613986154,1.077255516875246,0.9619699185311965,0.978974244047274,1.181684754636647,1.0475671018581898,1.3567150662720708,1.325585574006669,1.047308282584031,1.51710401903212,1.2058843777054364,0.9091364355047972,1.117644775744467,2.093839889588062,1.7470439453313562,1.0496019411073019,0.9000323244431095,0.894021453385667,0.9760188883680568,0.9639592997578784,0.9567383332305857,0.8416689032637905,0.8182211783291533,1.024948388825456,1.2377069164582917,0.9275139127520173,0.8636187052813216,0.8803004426132847,0.9633728223089345,1.1662730497096883,1.5778602112708453,1.03917463896421,1.2576323547273607,0.845276517738502,1.0173213860625174,1.3797182343201198,0.8766893315111577,1.2052292342248498,1.1540702169764703,0.9710943764874613,1.6680314631651656,0.9545233995572087,1.4039937531009168,1.250930502959859,1.18876307149811,1.275770847527435,0.7879957334545227,1.085066816198853,0.8596261758399293,1.0804735902953446,1.1185559059802088,1.190473087805993,0.8981709245601507,1.0530936609400905,1.4812357934434672,1.000379252561281,0.8667844221072483,0.9933255812397085,0.8798461413991887,1.2268325664246071,1.041354972704093,1.3060047994967285,1.403107319506156,2.2103249546660884,1.2356968773206236,0.9251732862149692,0.8241757643699581,0.9402776967545847,1.1813564714290572,1.2599875864282966,0.949574625227116,0.8376927130188072,1.0731782380521575,0.946168491901294,1.0949084731150178,0.9164747043137295,1.0205736488220376,0.7221169867119224,1.029350717808284,1.2346568598726684,1.2426175838100528,0.9927619618914,1.1304220077842646,1.103102208472584,1.0445769683522743,1.0317752060372647,1.1033128894000066,0.9379654734047767,0.8823846244503515,0.9105877738458292,1.136614048559732,1.1846956109329154,0.9657700609036158,1.2781643247822532,1.199387821672937,1.136555118453741,0.9296045390911916,0.8073704416196598,1.3088576601132837,1.1583614577153893,1.0296612983706281,1.066089150686042,1.050045013798257,0.7435092214887167,1.1570372107641993,1.1872444041772876,1.0460452197984094,0.9762619090406642,0.8600341357351721,1.053317875843332,1.0555963785742566,1.0479030112717194,0.868580709631285,1.1063138709717975,0.9908592141956284,1.0980272591440983,1.1547557051039,1.02819363398668,0.9770686966168022,1.1007201463823892,1.1250079438993021,1.420058614243164,1.0487379862678554,2.782549405011379,0.6895712547486172,0.9252749207729651,2.1832098761023033,1.1985776017604224,2.139345109687058,1.128765084961501,1.0019883337659738,1.2839816689023078,0.9248648312265348,1.1439825476541998,1.4018904822012688,1.7416498415208208,1.2131259239672811,1.3013200458940524,1.1597631016171865,1.5266803004101588,1.012007000211172,0.8559566254353763,1.1987364593871614,0.7002017541424388,1.162882748699285,0.868558515180045,0.9386957199394623,1.6729585017371813,1.0908848711753474,2.467228060916386,0.9276474374315161,1.3495884993552865,0.8397724700323431,0.957127294224172,0.9109014622053624,1.1859385974507863,1.429671983350361,0.9973763525451562,1.0261245875222704,1.03281962546352,0.9270571926328177,1.1508309185161063,2.4592586064115816,1.475031216949327,1.8327436765299678,1.8896798937975035,0.6934339396062692,1.7168563154202043,1.4850738918927058,1.323021109924399,1.137851882685251,1.3380262463165662,1.3367915445032335,1.3598044434471008,1.1948456743918303,1.9281625025970621,1.1967658034060902,1.6446891039863623,1.30850450394927,1.3669183523031958,1.7455447777930482,2.516692574471948,1.244684235917867,1.3844683515665306,2.2361985344739503,1.5998291888551224,1.062890175010664,1.0943802473649922
1.0,1.0,1.0,1.0,1.0,1.0,1.0,1.0,1.0,1.0,1.0,1.0,1.0,1.0,1.0,1.0,1.0,1.0,1.0,1.0,1.0,1.0,1.0,1.0,1.0,1.0,1.0,1.0,1.0,1.0,1.0,1.0,1.0,1.0,1.0,1.0,1.0,1.0,1.0,1.0,1.0,1.2585256321259706,0.9057102731778082,0.7094052127242648,0.9144281882963441,0.9391200369958441,0.8612677357054004,0.9310032948599749,1.0465407816333412,1.0071124262656153,0.9137728979993163,1.004853024602762,0.8734893635933477,0.5764165305223367,0.4585421743547159,0.863446850893065,2.507445256483792,0.9846064360681798,0.7980790718448425,0.9246175307215752,1.227750290177476,1.3696032354500094,0.9866447010439352,1.060934509016059,1.1049718152786554,1.1447785328497053,1.4145457265822878,0.8741620305425832,1.180391142589642,1.0194931269053882,2.009632007299458,1.0621749051818046,1.027097145901042,1.2532526102386932,0.9817369563976589,1.2954958843819022,1.5614156660865979,0.890623053533855,0.9524047620177478,1.0401130435371035,0.972623084496276,0.8977962821120336,1.0939946623765093,0.9786939366175723,1.1796241013345274,1.0690819386906198,1.1174058651458671,1.0736848371417906,1.931283954321645,1.4682190264651709,0.9735930666590733,1.20733901841651,1.3142367573808467,0.9981749615047961,1.035639752321214,1.0066521141800817,1.2847779757189797,1.141010378066741,1.2166054843487433,1.0634429049184402,1.1382965671241698,0.8375474469299824,1.170622528844246,0.8768123647077488,0.9012690005898681,1.0169683351058307,1.2474010737500476,1.1143604766851203,0.9885955426901876,0.8403966651619041,1.1432801606471308,0.963483249290887,1.3455672736206299,1.278616880470079,0.9698313263116193,1.1032701129035978,0.9501600700737524,1.5303013722754095,1.2944169668886083,0.7423721494615061,1.437091226986515,0.9355807433215213,1.2944960972187707,0.8301704837665238,0.9910589806003628,1.1211913918058443,0.9638584572823976,0.9342152494293731,1.0594901925199214,0.8342155852512454,0.8362574734348033,0.7034306949098017,1.1851325651905467,0.9282510159608528,0.7889995204160976,0.9747805400412524,1.1035913932516257,1.112334438903015,0.9124757321021812,0.9020996077319725,1.0637922031941465,0.9343077774694436,0.9223987786825041,1.2206948062004375,1.3135591742483634,1.5401390849648746,1.7327644446714614,1.0915605924530123,1.022599375636997,1.0540378139477335,0.9493645051186825,0.863394551860623,0.9741641333744462,0.8323811730649413,1.304050827730257,0.9373507628230066,1.2015231138223255,1.902995925002233,0.7718511039649123,0.9349523321756714,0.8984620936643245,1.0759951150490956,1.4081874070494198,0.9318226118877444,0.8826540042255748,1.194536930308833,1.1097559698279884,1.0026610083399543,0.9896296392539998,1.0712681559163033,0.873326516652733,1.033793117209874,1.5844485862589321,1.6312382908677456,1.0871820797177465,1.0789767787606117,0.8220357492993635,1.150966486774447,1.3449988532012556,0.9150304225215762,0.9422970304337456,0.816349055468528,1.7186595010803702,0.8545293062019066,1.262082214406349,1.3793070338928457,0.8106689981965269,0.9005258714294861,1.1924058840384524,1.01323090332103,1.1904224111865103,0.8450802143813102,0.7825769448446207,1.0583152933657138,0.9088500260980192,0.8656373437352367,1.1040159449056004,1.3004323069802064,1.1446591216269182,0.8473524700547324,1.0421169516543187,1.8686900777750755,1.0980187611298247,0.9518664632396932,1.0340138663597176,1.0657476509020138,1.9766592748874028,1.326927805512519,0.8884154749680818,0.9917162889417797,1.0914499108936717,1.4277907743568017,1.2301514101210231,1.1811774298107167,1.0515888921368408,0.9421739764728883,0.53847519894174,1.0244185201499167,0.9870819377401229,0.9618686100565219,1.0731187715582644,0.852606910370575,0.9934085801487087,1.3472939891412206,1.2576119750672459,1.1691978883804168,0.8346770133785657,1.6459512904843627,1.1593837839630934,1.2325882848093352,4.037544453302203,1.5957083059333657,1.0463346543751955,1.4016383419751173,1.844301554683136,0.8618439496110948,0.8432145344689059,1.1437294166580028,1.1248324275944184,1.0314085250944094,0.8656550613125222,1.007073868973357,0.8231483724362911,1.0273501736956236,1.1401308391574363,0.8965113940951898,0.8876209313703708,1.1247771582138926,0.7295646316723142,1.0252172275943392,1.0898111039351912,0.9119441737519378,0.9449571222467517,0.9091504209914728,0.922309035188622,0.9054676842606734,1.1022875129493177,1.204640065334906,0.9799551120660411,1.2656060160962417,1.7223619734274132,1.22772327250133,1.0303379856296297,0.8138859391763158,1.2858624263903806,1.0410349746080914,0.9315873115231257,0.9469822264847616,1.1399752702557653,1.0128218241941542,1.310622350582892,1.2816225514849693,1.010435210058088,1.4660591383696693,1.1687213809997627,0.8787757214757344,1.080332392544365,2.0266894287668773,1.687759300576635,1.013654428228267,0.8697328857402049,0.8650172421758928,0.9434538524094935,0.9338073032249036,0.9252701890732027,0.8144266060383486,0.7910744567833651,0.9895096084890183,1.1961766805410643,0.8962273167992325,0.8357440718127218,0.8515971521031764,0.9315414751110092,1.1261229457679742,1.522737561885024,1.0041869728153554,1.214940291004381,0.8172732527623809,0.9826925910095543,1.3387082226562623,0.8491392007429103,1.164690937697209,1.1148713837547815,0.9400021944342933,1.6077046880660348,0.9228362719319365,1.3560220571410868,1.2084705079595046,1.1487919219595466,1.2343286117331425,0.7625421933373882,1.0487628825602402,0.8312286773803447,1.0467969164549482,1.0811081668198819,1.1508106086046435,0.8685051404473638,1.016731440089198,1.4307148780977896,0.9671927035292336,0.8401370916059219,0.9637007439862364,0.8507616293744112,1.18557435732208,1.0063137400082018,1.2622365404160563,1.3558190327154411,2.1384387266634826,1.196842420867633,0.8949349544485212,0.7979318484727711,0.9093824152546113,1.1401992551896774,1.2171917385480664,0.918317428568049,0.8103401582092135,1.035906874023988,0.9162967215185807,1.058637946779421,0.8852059437288404,0.987589321574189,0.69898389291897,0.9914019147251415,1.1956355519185138,1.2001960647026295,0.9604523178632443,1.0931613829787792,1.066776482630397,1.0104375893135837,0.996885877078068,1.066329756165231,0.9065903126306019,0.8527762405351826,0.8787722190544459,1.0963187753887667,1.149762910185648,0.9342511474832875,1.2352710868485393,1.155775717149773,1.0983294302873028,0.9002688894907308,0.7813846903101769,1.2655409869556506,1.1224891457278985,0.9957981154140754,1.0333599016450323,1.0166556098646067,0.7194452995817368,1.1187896782232012,1.1552278922763213,1.0136133908776888,0.9461608483416988,0.833076344867561,1.0194365719741332,1.0222715606318076,1.0136556687353118,0.8394522390964396,1.070719006609028,0.9605262783921467,1.0642755679898588,1.1216692901677368,0.9979532956118516,0.9488531065827892,1.0653769160862119,1.0895715756772026,1.371084962344389,1.0158155356269771,2.6862373798977526,0.6673394005967425,0.8966861512079167,2.110189177958365,1.1574497232974463,2.06360162956442,1.0914261813790025,0.9703323209910186,1.2419432838720565,0.8941115123651912,1.1064438023221959,1.357353371388847,1.6903599046288433,1.173510285616497,1.2578956063174238,1.1226866058123137,1.4833430289750678,0.9782218754561938,0.8283471436632526,1.1613588288804546,0.6791723858003312,1.128546539044438,0.8428560738453503,0.9092059991221091,1.6208923544916163,1.0564808836573512,2.3906030966281584,0.8964679228166331,1.3050330768729728,0.8121542160537911,0.927501880882835,0.8804112291598976,1.1462203809344023,1.3821497948887447,0.9644609207124628,0.9919928537964711,0.9981910432103686,0.8986465059947296,1.1118796523070085,2.3788139726016606,1.4258107197197023,1.7628646271566961,1.8252221563410236,0.6715646206587934,1.6635938627865885,1.4355178531360269,1.2790060808807318,1.0981340633109191,1.292832803066268,1.2919121230831343,1.3144651386267818,1.1535662735226457,1.867082597895379,1.1601311823630462,1.5914503293830142,1.26248028435348,1.3214691718620815,1.6885331699509576,2.4525038429531154,1.2076377961895546,1.3384152382656562,2.160710499869044,1.5459416652128999,1.029648081119679,1.0587012348739067
1.0,1.0,1.0,1.0,1.0,1.0,1.0,1.0,1.0,1.0,1.0,1.0,1.0,1.0,1.0,1.0,1.0,1.0,1.0,1.0,1.0,1.0,1.0,1.0,1.0,1.0,1.0,1.0,1.0,1.0,1.0,1.0,1.0,1.0,1.0,1.0,1.0,1.0,1.0,1.0,1.0,1.0,0.7165831222852549,0.5625645774125723,0.7238752740152249,0.7431357470826306,0.681075200404373,0.7376343621811008,0.8283392358538446,0.7961864637176232,0.7230586177026472,0.7959689074328771,0.6909651962719937,0.4562774526853539,0.3629342686767426,0.6845919726057608,1.9900138698448253,0.7796341870893226,0.6320028288632735,0.732486839805784,0.9716647750460179,1.083742490885023,0.7818343375319874,0.8408295208763173,0.8744517880934466,0.9075382297002493,1.1199775170946715,0.6923107961389103,0.9362533927028975,0.8093553406635478,1.5931677839628815,0.8413189327866875,0.8121832627073717,0.9919370794922153,0.7762571894703727,1.0268523289592806,1.2382379096826768,0.7051232949586976,0.7539636602809167,0.8240302301657109,0.770659313143518,0.7103566136451627,0.8661548087759448,0.7750109254422701,0.9334727833583358,0.846596191696469,0.8860124146290755,0.8501764995593366,1.5330688336037253,1.166588184350299,0.77041659969554,0.9562134686507966,1.0409449877162444,0.79052667916209,0.820932537566635,0.7968307279117062,1.0197711252270776,0.9040463085836776,0.963574366582445,0.8425088570000572,0.9015344024786219,0.6630954793728703,0.9271061167800805,0.6943121507576893,0.713674851393523,0.8056593967738468,0.9877187104137656,0.8828809156273436,0.784386033626894,0.6660993007263262,0.9070239853240385,0.7625107804045244,1.0654426637278522,1.0112792393154284,0.7685244287685329,0.8749162031161248,0.7527749590608651,1.2126104089661782,1.02439255307897,0.5876379811794397,1.1394399951082834,0.7420441666175381,1.0234491755372248,0.6576538424389462,0.7846187053583804,0.8878984781851533,0.7627986107043286,0.7396401514980132,0.8388088978632744,0.6600086373580549,0.6611922893706523,0.5571122370446414,0.9383246935006536,0.7357536723585181,0.6240624567169277,0.7717975357399527,0.8743165854130228,0.8800831703937788,0.7217712717094941,0.7135724320462561,0.8428932266190565,0.7400685891925507,0.7303428844638755,0.9662388132158668,1.0411601205787795,1.2193786049284618,1.3734867198978848,0.8649534660965186,0.8103558486876584,0.8344726713962198,0.7529894354670996,0.6837373660296281,0.7711286953910721,0.6588641745376501,1.0331113994562617,0.7426276437171067,0.9522930661245683,1.5069178638764025,0.611536496930611,0.740610004860283,0.7110567388161647,0.8525532962121686,1.115492874729668,0.7374313072956851,0.7009528306966426,0.9489786955090853,0.8783593263190907,0.7945241905038782,0.7837074436902465,0.8485260767201189,0.6915031189092595,0.8193781747698775,1.2553148440289355,1.2969271686816677,0.8610875504073412,0.8562121387144493,0.6504714542116433,0.9115523992571457,1.0648788469118045,0.7248184752700002,0.7465067944167733,0.6462113719247994,1.361556101773978,0.6766717680320977,0.9989724185839431,1.0927932843250883,0.6426527521531521,0.7140995081197372,0.94454625441473,0.8016796779677593,0.9431818520975248,0.6699541324114883,0.6193082674846545,0.8389548658679244,0.7204271221096309,0.6862525035111091,0.8742094279301353,1.029153824866393,0.9065925260251411,0.6704012268255184,0.825183057770889,1.4800870401305048,0.8697316517594054,0.7543791784163718,0.8186462962078449,0.8441931243285787,1.5649131096913527,1.0559432390686223,0.7042913636796002,0.7851303526904055,0.8644167930640619,1.1295366217904463,0.9756963768397886,0.9357428407367112,0.8324850114007949,0.7475816517549687,0.4269711698344286,0.8126672750713994,0.7811030569687192,0.7624808910452276,0.8510229777818432,0.6754674301224515,0.7875363888529421,1.067801694986537,0.9959093966283328,0.9257032205170682,0.6615351496464315,1.3045108016510294,0.9200648103204861,0.9771661436575823,3.212559574254079,1.2608350779544697,0.8281407133531693,1.1091376260144152,1.4650778031407445,0.6820159374806462,0.6672949660283254,0.9055653361934162,0.8895446683001471,0.8170939868291633,0.685942800140927,0.7982927721335689,0.651539196222922,0.8137875195987901,0.9034056724760979,0.7095483715183789,0.7028695350039282,0.8919455085223276,0.5775276996721332,0.8123764025808448,0.8638375386662367,0.7214011723312497,0.7483000202176159,0.7191419817419658,0.7301994243268656,0.7171930636851074,0.8730085322170781,0.9551976098528409,0.7755151866770451,1.0018523223614793,1.3675281288289536,0.9731391913960431,0.8151255880489785,0.6443656875129034,1.019261358581904,0.824527945638247,0.7371126829633162,0.7493273874089491,0.905082087761172,0.8026920888660627,1.0377457434801896,1.0159593550606725,0.801089033430752,1.1604693185038406,0.9251918509732482,0.6951085663853356,0.8567748786267776,1.6113131611150582,1.3381482478025208,0.8028695719842793,0.6886574343828424,0.6855853747066352,0.7467210096721159,0.7389066948215628,0.7321201906262087,0.6451336004173313,0.6261679381172502,0.784188945398051,0.94924409993247,0.7095150368739079,0.661961562722724,0.6741135332003868,0.7365513968032107,0.8917247502710899,1.2054035187683425,0.7955334515545707,0.9638009048197921,0.6464187140152365,0.7782208084789701,1.0617939697450751,0.6712054298462606,0.9228471959634599,0.8817913547532348,0.7439080614618963,1.273594218358619,0.7299956895192672,1.0714857882124935,0.9572082456280826,0.9098595182085942,0.9804909708011684,0.6035651526826764,0.8297749102633745,0.6573667006765329,0.8287485423137788,0.8563487878152826,0.911412571484068,0.6874336132398053,0.8038483403570582,1.1349639979792143,0.7651119995225222,0.6643455999319574,0.7632450502211064,0.6733242938705939,0.9387599592130289,0.7976145527213897,1.000036351724734,1.073206481007895,1.6930580498294683,0.9463418329522564,0.7081764607980181,0.6323464890073021,0.7198239887692488,0.9027530417655113,0.964663577784561,0.7271902060917951,0.6419339363222503,0.8198959538248315,0.7262021991065929,0.8386302890074856,0.7009479150940296,0.7831852116515176,0.5528221208491106,0.7844905897920056,0.944881926451508,0.949810801506872,0.7609081055428952,0.8648190043197708,0.8463046658506065,0.799353361635701,0.7891965289370827,0.8424637556331257,0.7178316245968834,0.6744690406623748,0.694086543292471,0.8671964718411114,0.9095994571804307,0.7395489515440058,0.9792953587374864,0.9168017697435585,0.8699495261158746,0.7133045048038841,0.6190547042492593,1.001746066059205,0.8903110934155285,0.788987887370728,0.8184145658443672,0.8049919937874699,0.5693975487732625,0.8853993592819964,0.9189925031082335,0.8034118129113408,0.7496218104173917,0.6585984721759024,0.8076576710522483,0.8097494445791877,0.8021689582424842,0.6656793971184987,0.8479795016764242,0.7613594644738657,0.8434950124412111,0.8877615483023134,0.7897216358462574,0.7508671227457114,0.8441853111396929,0.8630745258492013,1.0865099405022862,0.8036044192917815,2.122367707552094,0.5283388818468973,0.7114699496830534,1.675373289031637,0.9163916138553749,1.634722462937579,0.86419952697621,0.7682742722418356,0.984075226855447,0.7078351822384765,0.875328971194218,1.077996614261042,1.3516173904518156,0.9306596759127698,0.9938363529843395,0.8890020018502756,1.1786233414983043,0.7748760921294956,0.6570324594495177,0.9188543017685349,0.5379767728532729,0.8966364305066231,0.668150404573189,0.720591888423694,1.2864593958570283,0.8363374368063878,1.8995641808552168,0.7092901880145612,1.0325610180638964,0.6424299661455921,0.7332227436334753,0.6966405961033533,0.907709877942207,1.09489086768683,0.7642771872302836,0.7859198486667848,0.7913345873098669,0.7132264470454066,0.880506594460511,1.883935725902468,1.128540122887334,1.3972776560208975,1.4393293049624591,0.5322063919737214,1.3217469977178973,1.1390600591977402,1.0133804349988202,0.8690647618328371,1.0241498667373632,1.021929056663376,1.0397420132953485,0.9125886108670105,1.4803331125573154,0.9186451179600984,1.2589319473566918,1.0016396548174593,1.0471373804699677,1.3371419992377624,1.9469559440407194,0.9587237833609524,1.0595437970846948,1.7105259859612645,1.2250170887662597,0.8173579225607541,0.8374910448566603
1.0,1.0,1.0,1.0,1.0,1.0,1.0,1.0,1.0,1.0,1.0,1.0,1.0,1.0,1.0,1.0,1.0,1.0,1.0,1.0,1.0,1.0,1.0,1.0,1.0,1.0,1.0,1.0,1.0,1.0,1.0,1.0,1.0,1.0,1.0,1.0,1.0,1.0,1.0,1.0,1.0,1.0,1.0,0.7830376418902596,1.0093896695934443,1.0367433943981843,0.9508387105546762,1.0276669050874245,1.1551900194424394,1.1118396805881852,1.0087575313781638,1.1091642800525794,0.9643660074416813,0.6363053758206265,0.5062005507157877,0.9530027509347911,2.7674818731165143,1.0869033412711566,0.8809357773833857,1.0205846883867467,1.3552399901073504,1.5123117333608318,1.0890028023975933,1.1709135570281872,1.2197935078314424,1.2635037123437243,1.5615120587339515,0.9649572498610917,1.3027458663176954,1.1249129999566858,2.217573454132919,1.1724917518992657,1.1339351442069374,1.3835246970666413,1.0837855893636472,1.4299423739807295,1.7234147860249596,0.9831336299822586,1.051351510905472,1.1481216632915043,1.0735503756879683,0.9911998289121164,1.2076619628096785,1.0805574452471614,1.3023081753180803,1.1801131649152308,1.233292651073751,1.1854081242432986,2.1310686305057436,1.6201468138800426,1.074869385747128,1.3326485010190998,1.4507267117903706,1.10188533557564,1.1431117129498398,1.1112606531131297,1.4178247958028085,1.25952982165156,1.343024316997246,1.1738526843075194,1.256458516123696,0.9245150558714499,1.2921135644235702,0.9679227678768065,0.9950091279326965,1.1224693950663913,1.3769331867933272,1.2300723256428192,1.0910460772655146,0.9274808035766525,1.2616974969544934,1.0636279792854997,1.4852798193480767,1.4117317404788086,1.0704979386377897,1.2176170899270575,1.048871650625546,1.6889369821796607,1.4288807596980815,0.8195635183439534,1.5862475669941263,1.032729729382515,1.4292604254054302,0.9163631431143,1.0940669248196646,1.237547186531788,1.0639792371659094,1.0313189210233715,1.1696180524777011,0.9209136185322122,0.9231744433295216,0.7765522544996729,1.3082298386953313,1.0245683136207373,0.8710453926282107,1.07597764556674,1.2181957620174333,1.2279618255159093,1.0072587424804116,0.9958562760923146,1.1741463583849767,1.0314664574940786,1.0182372653777085,1.3474734033643165,1.4497554601766567,1.6999734177131518,1.9122861465212948,1.2048454108854592,1.128745353681424,1.1634200984241057,1.047689292395685,0.9530521169212866,1.075441533746897,0.9189054643855048,1.4392190136438345,1.0347834966140952,1.3261893354974157,2.1007690769930094,0.8519883530652872,1.032021434570364,0.9917557856680896,1.1876629814454382,1.5543244526269655,1.0286429372770771,0.9739563482928725,1.3182330958057142,1.2251295574035077,1.1066989925608908,1.0923992441542592,1.1824039884032023,0.9640933737903568,1.1410870662175139,1.7488735295634377,1.8000679764242649,1.2000790645970674,1.1908395688017992,0.9074856158816611,1.2705441278682605,1.4847698807174825,1.0100136109089524,1.040061554499641,0.9011748219517444,1.896797567433122,0.943262410009257,1.3931911277624145,1.522294847803184,0.8947722290066881,0.9938913622304559,1.3160139056742448,1.118725359074681,1.3140262966193363,0.9326805216762627,0.8638710843421098,1.167973266422643,1.003069226425234,0.9553856640601024,1.2185878310340779,1.4356950257443797,1.2636525470134436,0.9354404765490391,1.1504090973575944,2.062476715214756,1.2120297068067407,1.0507661691273014,1.141412426329659,1.1764162406931598,2.1821202901078154,1.46456409709964,0.9806377483583157,1.0948165204764684,1.2046243248699746,1.5762747862387438,1.3575872958558275,1.3038154482389896,1.1608454457799113,1.0398325553165741,0.5943899746977261,1.1306980113493788,1.089716361707646,1.0616700960027368,1.1844686935474078,0.9412693964997989,1.0965665621968959,1.4870668433826182,1.3881901986971066,1.290670324914669,0.9212867366867366,1.8169953737725244,1.279567325298034,1.3603816742223267,4.457496515331337,1.7626539968802661,1.1552266947666152,1.5483309183805056,2.0351324340888084,0.9513970544503392,0.9308842439873075,1.2625283794507305,1.2416318694425224,1.1385149125276066,0.9555137436745034,1.1116583754978815,0.9086725928006638,1.1340128861483112,1.2585317567192713,0.9897289879334199,0.9799730175618526,1.2413705944858946,0.8054540619828225,1.1316288419615073,1.2027671221319949,1.0068019946803395,1.0432400252265364,1.0037405497838805,1.018191001192061,0.9994877245357213,1.2167091704605508,1.3296706771002347,1.0819020864113917,1.3970701969493824,1.9007130302259996,1.3551045475729864,1.1373727808404164,0.8984713274463392,1.4193264502296148,1.149119211812652,1.0285696032251166,1.0454058956364276,1.2578893972389096,1.1181074147167354,1.446742070683011,1.4145031558160612,1.115178209837442,1.618369271037209,1.2904007203396832,0.9700988038595155,1.192472021546008,2.2362000408263594,1.8627403611055224,1.118866863059574,0.9600266796771253,0.9547710858059919,1.0414685502875662,1.0309951969617646,1.0214417735557675,0.8990541298648977,0.8732498418311087,1.092100317011029,1.320184454350183,0.9893222288058838,0.922549946486219,0.9401288530244402,1.028540437355869,1.2430250153394282,1.680764564234715,1.1082663050654133,1.3410379558218244,0.9021607402783408,1.0848336584008769,1.4774744047334432,0.9376652551483375,1.2854936862064643,1.2306746742760823,1.0377453566567447,1.7743562299049955,1.0187560441226968,1.496957528948946,1.3339348141883676,1.2680052633656846,1.3619925642659312,0.8417876059192548,1.1576902442496841,0.9176822794295929,1.1557535033795348,1.1932811776541015,1.2702968937795884,0.9587448379315637,1.122241520604169,1.5790342236864852,1.0678146542029938,0.927568790472426,1.0638839429109999,0.9391327989065656,1.3086522583941727,1.1107043587212968,1.3933036345652239,1.49671478603321,2.360594688344414,1.3214050260366204,0.9879976345511874,0.8809163130362151,1.0039151789556273,1.2585405959912412,1.3433628230881767,1.0137142406909032,0.8945352481859355,1.143484916392921,1.0114843835554053,1.1685157813815084,0.9771321577428254,1.0900467497084796,0.7716318742307466,1.0943556405242187,1.3200488465072504,1.3249540113594809,1.0604171677916248,1.2067223724028404,1.1774389434850963,1.1155761207841537,1.1004075934087754,1.1771843382882443,1.000770221889326,0.9415008288234799,0.9702407886196048,1.2102900505895424,1.2696097575710041,1.0313374218454487,1.3634501400732195,1.275583549455599,1.2123594392375883,0.9939172912695504,0.8625373759832,1.3970351396387506,1.239081926472841,1.099086385749814,1.1407504273614861,1.122439648445607,0.7942970635145813,1.235045850607717,1.2747969699312887,1.118846088289291,1.0447218312733275,0.9198924571662292,1.1252772537286648,1.1284492234942791,1.1190119606600017,0.9265297817580316,1.1821980049752994,1.0604059167259734,1.17483741490331,1.238709882826246,1.1019284647259995,1.0477890810533832,1.1762224493847269,1.202636335091555,1.513365640349445,1.121645976571024,2.965163341701735,0.7366925734796961,0.9898945680854218,2.3284370823794007,1.2776006173957333,2.277548080169332,1.2047680531389018,1.0712460744699102,1.3708770584646408,0.9870204205098423,1.221395228706381,1.4978370706376296,1.865505299933807,1.2951071881884815,1.3889374526757132,1.239615643185507,1.637095999343148,1.0797484476896355,0.914217270760544,1.2824777073948614,0.7498002064496986,1.245654043010171,0.9304998723191783,1.0035809663767485,1.7888713450209344,1.1662854073504803,2.6384328450069736,0.9896509567716512,1.4407128645597527,0.8966127488733184,1.0241874762778744,0.971927367201076,1.2652548292956656,1.525618223954381,1.0645320459629497,1.0949554456140254,1.1018165409955003,0.9919272315011054,1.2272271074900822,2.6263020550373968,1.5739622830571351,1.9457002745042695,2.0155585734954573,0.7414204771314625,1.8355766942893483,1.5843294515244177,1.411774888223785,1.2121295878451823,1.4270158972129852,1.426388290195157,1.451069595884817,1.2735545012058611,2.060964022932662,1.2807093734358461,1.7565316163523501,1.3934192737144067,1.4586813655279904,1.8641140532351388,2.7083064435776687,1.332912087192534,1.477446844193808,2.384904714053116,1.706194307274668,1.1363905101742287,1.1687985790435662
1.0,1.0,1.0,1.0,1.0,1.0,1.0,1.0,1.0,1.0,1.0,1.0,1.0,1.0,1.0,1.0,1.0,1.0,1.0,1.0,1.0,1.0,1.0,1.0,1.0,1.0,1.0,1.0,1.0,1.0,1.0,1.0,1.0,1.0,1.0,1.0,1.0,1.0,1.0,1.0,1.0,1.0,1.0,1.0,1.2875592107465863,1.322231886396141,1.2124010380015482,1.3112273330433457,1.4747546398625548,1.4180340776823892,1.2860178386143046,1.416035628339678,1.2286852516077622,0.8114371188286272,0.6456320441550853,1.2167135274477374,3.550036242453655,1.3857966031063982,1.1245191006669064,1.302304970488676,1.7303980891552133,1.9256322672571533,1.3913082726069614,1.4955971786607556,1.5572972632240891,1.6133221392045818,1.9938184463656645,1.2309737854860148,1.666282913718928,1.4384568369053095,2.8360327494504993,1.4961931357999698,1.4454647977663104,1.7650283269564353,1.3831409684216167,1.826525123117406,2.201519749135924,1.2542811314826041,1.3415019771352854,1.4662465933790296,1.3708236338105688,1.264581004368895,1.5396278670269943,1.3780215909449898,1.6622198526367158,1.5073523471734012,1.5757527024214166,1.5091542665304682,2.727121566528516,2.072016101338316,1.3705819489237707,1.700224186487202,1.8510846359221946,1.4052466286270895,1.4590393494842568,1.41830600041544,1.8123712914108068,1.6083778259538226,1.7118560456681786,1.498788882456875,1.604353202201115,1.1802344161091716,1.6504655483798256,1.2347754058231133,1.2696276236717752,1.4337970623122083,1.7575790036620489,1.5713321233588187,1.395932175379584,1.1861142385313928,1.6117593259300795,1.3575232825422017,1.8965672640443856,1.8052150473667004,1.3669419087263082,1.5560532378469165,1.3391225841016396,2.1579067578532865,1.8257837273566464,1.045672857640241,2.0249544535463935,1.3185036683859654,1.8220585012677126,1.1701088610391954,1.395063902521092,1.5800957904861532,1.358044480966023,1.315771850401692,1.4937675529918137,1.1747819493593359,1.1776897492922247,0.9899197022806391,1.6719905715143926,1.308212879722229,1.1107433381928897,1.374220383073486,1.555605295111973,1.5653229641383999,1.2857899312545649,1.2698709666920907,1.5006195873803696,1.3141878516002539,1.2992247047280239,1.7185195879486754,1.8526523418454661,2.1683008046662717,2.440065087285711,1.5399685683410125,1.440341633827107,1.4832568473972167,1.3413358237729525,1.2151488486409936,1.3722238669298297,1.1715462780906543,1.8389166515464277,1.3197682941402715,1.6911543466387582,2.6830753393229108,1.0878001001535573,1.3185847698132056,1.2655254111725525,1.5161443613634171,1.9849140115071822,1.312132808899344,1.247774124297771,1.683421891268246,1.5635294492912755,1.4127010713058294,1.3941220218032093,1.5106802617951227,1.2301110857099702,1.4575782152449182,2.2335960383166995,2.303252215377623,1.5313238208202726,1.519661949086299,1.157488122132737,1.622860369933229,1.8923036368928394,1.2895860013225695,1.3296070912545397,1.1494455168878337,2.426396858368052,1.2053891372114682,1.7780779262100366,1.9447167004959742,1.1433976353825548,1.2709986238754154,1.6844685631136658,1.4264354898068023,1.6768352945982614,1.1908225040589095,1.102487058124697,1.4926958360216993,1.2811091986927825,1.222869012687374,1.556322540615386,1.8339409809742475,1.6122233697011015,1.1920035245131042,1.4678892572251234,2.6345193200516657,1.5480581632289587,1.3389846566927623,1.4568956726967508,1.5029386099021604,2.7861126195706882,1.866462818850376,1.2501143728017445,1.396324534158086,1.5391546434081929,2.011052946542493,1.7380690463030644,1.6666391196830868,1.4823105814992052,1.3294820590950818,0.7592207631946652,1.4463517134708688,1.3891485236062293,1.3555724797121815,1.5130274828263461,1.2002960891420162,1.3990411708982247,1.8991092020513292,1.7745772351031084,1.6478403685222682,1.176466362117544,2.319533071578194,1.637285130601268,1.7397101421933119,5.624378805786459,2.246825104293931,1.4722091876142422,1.96520497361491,2.6033740968167933,1.2136623209989013,1.1880797723190497,1.61165834167246,1.5845769930420421,1.4529060959014393,1.2203812916485672,1.4189395967994343,1.1598191804999387,1.4469507339422698,1.6066431063400153,1.2609436509574337,1.2494800517324403,1.5850954372238464,1.0255085450519044,1.4435612543400276,1.5367830829990186,1.2828377826493305,1.329048689643917,1.279524012476943,1.2982486984385464,1.2775957962622129,1.5542974379958854,1.6988387709850628,1.3789074912732504,1.7839494759076202,2.4297325525409166,1.730434367726323,1.4521507605937132,1.1456686020676323,1.8114790380543346,1.4675902729335897,1.310402541557416,1.3330868756854675,1.6106165290710455,1.4271419137765289,1.8480811146525324,1.806159491398302,1.4270772120250594,2.066373224736413,1.642534437162364,1.2379209605847534,1.5230362366425467,2.85598129618473,2.381178025209221,1.429516821366272,1.2257366231927884,1.2181865919633414,1.3289167405028295,1.3128174458275355,1.3027767521364404,1.1466148127045215,1.1143594991275103,1.3964735419599612,1.6870612534330962,1.2631870283090463,1.1764329110040956,1.1989916597783334,1.3115311970610248,1.5884769423121474,2.148920680317412,1.4153220733514948,1.7138132772828722,1.150895310674874,1.3856426053380972,1.8811381517052699,1.193240975210049,1.6416044266667909,1.5712509332723057,1.3224622384962332,2.2718788070612206,1.299573972888566,1.9107958682734163,1.704061484934285,1.619303526585867,1.7399659365971576,1.0732467915523076,1.4775411406460965,1.1703815287468293,1.4717535793473195,1.5238041037354533,1.62179844561002,1.2231555364777866,1.4335411573325036,2.018322664776176,1.3621158375064795,1.180187248472977,1.3535316804571527,1.1981537698796383,1.6708165175379248,1.4189193753509644,1.7795268061490812,1.9109567342510236,3.010858726381637,1.6823203005144758,1.259867438376192,1.123127052576172,1.2806225252101724,1.6089392018581188,1.7165301102095796,1.2935367842057934,1.1411002847549887,1.4611015315778917,1.2893639286451521,1.4919110847749386,1.2482759273378157,1.3909017909881962,0.9830861752322467,1.401232224050394,1.6807506265033765,1.6919797283368285,1.3525008621243975,1.5390864699962918,1.50388471586795,1.4222161936300228,1.4052196381031261,1.5017228941527103,1.2774437558103853,1.2011380432384096,1.2391348870496706,1.5471130867504712,1.6129848334280408,1.3155469191414522,1.7415526904644862,1.6346095546928523,1.5483203002857011,1.2665378065436703,1.1001505442343054,1.782099309461402,1.5788845081630627,1.4027572934774164,1.4524418824361334,1.4301217016143197,1.0124074746996454,1.5758758580696661,1.6197446694700495,1.425434942890115,1.3300882251030193,1.1706769155019554,1.4350466530722248,1.438056227161131,1.4269609520062185,1.1835170469726257,1.5069125250281354,1.35047282623829,1.496264765317078,1.5728914654906738,1.4007707145503172,1.3307495648421859,1.4994465050940016,1.532794811496878,1.9341742570479963,1.4282730733479287,3.7855318372194935,0.9392388325684382,1.2610919778375909,2.9772492650318645,1.6320625387031917,2.914406943406947,1.537787186402882,1.3648662161563143,1.7490566533797656,1.2595024222844997,1.5578581918823389,1.9113436098399177,2.381618521257238,1.6536661338085406,1.770754101330385,1.5793973223786566,2.0826153000870358,1.3787315510152407,1.1667199977095943,1.6319193450543006,0.9539013195711612,1.5862479181349327,1.1838316147041272,1.2791766460678948,2.279854308152724,1.4856756848163912,3.3644926332825174,1.2632806753201562,1.8372952878522444,1.1433611833699087,1.3026556341239686,1.240320014289849,1.6153065455171345,1.9476467511960427,1.3591581521327478,1.3979733742537188,1.4074744429788624,1.2639190076337141,1.567885057615656,3.350202140200358,2.009251603683009,2.4971355118041183,2.5678307002389547,0.9447976485178466,2.3409672511893347,2.023913377671417,1.8026503993565999,1.5491915650437753,1.8225115439922202,1.819979074622538,1.8515876634523039,1.6266767154171782,2.6272901483358813,1.6302743597452771,2.239277116780623,1.7833677304787496,1.8623083169236525,2.377469301356488,3.4329632813306663,1.6972700642420522,1.8856388486195212,3.0479771862925538,2.1799886139656595,1.4491258803248628,1.4900707009982121
1.0,1.0,1.0,1.0,1.0,1.0,1.0,1.0,1.0,1.0,1.0,1.0,1.0,1.0,1.0,1.0,1.0,1.0,1.0,1.0,1.0,1.0,1.0,1.0,1.0,1.0,1.0,1.0,1.0,1.0,1.0,1.0,1.0,1.0,1.0,1.0,1.0,1.0,1.0,1.0,1.0,1.0,1.0,1.0,1.0,1.026979531981646,0.9419151850275921,1.0179072829690607,1.1453055360251394,1.1017912265001453,0.9989286810530081,1.099368937335336,0.9545140930775196,0.6301885674629761,0.5014088090354532,0.9442579029475506,2.750700342391351,1.076091063994288,0.8730177529224715,1.0110521281016078,1.343787429473978,1.4953626206010973,1.0797593544143702,1.1608710498085384,1.2091836464573569,1.2520334114435476,1.5479026829528466,0.955875106009944,1.2928922714141544,1.11589304161242,2.2008346715365463,1.1614893733228673,1.1231325004376385,1.370843210316244,1.0744194063375176,1.4174138795653957,1.7085056580757771,0.9739717525612729,1.0416904478357447,1.1380520657660254,1.0640443707755378,0.9821407463375018,1.1957211317678942,1.069812843063838,1.2907542881270782,1.1700907339182058,1.222729404628235,1.172112870388321,2.1151522556378,1.6067331170623815,1.064526986609326,1.320147050236474,1.4370680330065864,1.0910650377230493,1.1324595493621787,1.101242389717947,1.405825038752345,1.2484819065103925,1.3291157380495386,1.163311538558031,1.2454751188121989,0.9164404569286706,1.2811994148670027,0.9587123703968963,0.9857779423723854,1.1129814353589056,1.3646634400845765,1.2195839773003951,1.0827400444948725,0.9204552512099603,1.2506582978134813,1.054150966574758,1.4723249295096652,1.4015254852358565,1.0610020015378094,1.2074320983824223,1.0394354589017558,1.6749451234624262,1.4178052856813406,0.811957148372707,1.5716337634048083,1.0229430073400563,1.4156336916619394,0.908259721466913,1.0834279362312456,1.2267225311708239,1.0546802001787077,1.0217264153708925,1.1597488849953417,0.9125437471887344,0.9150014505517929,0.768628703289747,1.2978423198894222,1.0153176290746622,0.8627410562597455,1.0671706046250689,1.2073479381921066,1.2157290550162803,0.9986809499565027,0.9865187900948214,1.1646321462183034,1.02036310220666,1.0088854271185026,1.3346754166078119,1.4379190547793976,1.6838542740256266,1.8938833064515905,1.1951828089452219,1.118107168197807,1.1519495643134978,1.0404473763008248,0.9435694476442539,1.0655498280320217,0.9098183163052387,1.4274543363995102,1.0244340563668817,1.3125396272931114,2.0825131692919916,0.8443483559991258,1.0234279558108879,0.9828987470773443,1.1768045068149493,1.5408113518915252,1.0190719876472405,0.967476400069638,1.3055601481589572,1.2140665529669374,1.0965064035528655,1.0823462065555947,1.1727242009422527,0.9550865045320791,1.131105885027381,1.7336184412618874,1.78523507802676,1.1888581125265378,1.1789685136573156,0.898926568049242,1.2596184226406546,1.4695902089207558,1.001123704976492,1.0319387752805027,0.8926101760378663,1.8833961351879136,0.935702938804915,1.380877180917091,1.5096674025727768,0.8873993424554267,0.9860408578479154,1.3072513330703526,1.1078644935714004,1.3017173179140824,0.9241935690186145,0.8562275029684414,1.158555971626864,0.9942881361950198,0.9486935095173908,1.2082849106245945,1.4240127600577768,1.2513984847600135,0.9259820840560092,1.1397009445051711,2.0454239265175485,1.2016371957941696,1.0394468665822876,1.1311690988904104,1.1664987914832627,2.163165578026981,1.4462543998948028,0.9705327055493871,1.0841583236853096,1.1950503251359426,1.5617314872974424,1.3483638541078575,1.2933161877173243,1.150844623247322,1.0312806610594465,0.589026962372859,1.1218613371355102,1.0789184064591066,1.0520082243235809,1.1739066170599428,0.931675162761912,1.0859723672771135,1.4739379940937978,1.3775805175896578,1.2793460947976931,0.9131001747111265,1.8000256893556392,1.2698834185735979,1.349881334267812,4.364576679846593,1.7451035413740583,1.143305630032173,1.5266704846836825,2.0186130192828267,0.9426134221571723,0.922678880866945,1.2515347456221928,1.2310803360112423,1.1278435857692837,0.9471647942015631,1.1012493381625554,0.9005995519970273,1.1234378875311815,1.247108164174349,0.9795035927260893,0.970099671346948,1.2300742766052033,0.7965011770234044,1.1206075313336308,1.1927542025304545,0.9966152469494122,1.0320168605024862,0.9939946572295042,1.0081096466170845,0.9915099454330188,1.206641981887984,1.318135069322124,1.07097677418923,1.3852951674333984,1.8847725435546345,1.3429646543480565,1.127805401249945,0.8896677795359395,1.4060456461767534,1.139179083964068,1.0177274674832013,1.0354632010789757,1.2492149000066344,1.1074587957978803,1.4345454351371756,1.4018298386817318,1.1071065264546696,1.6044973635715638,1.275761406017208,0.9615541740721094,1.1816428824974323,2.2142297302996203,1.847547894912139,1.1097359577369303,0.9517324965667451,0.945642306808062,1.0320943585762214,1.0197747134336663,1.0118646059248955,0.8901566862344372,0.8654418250854392,1.0837607568619418,1.308742414228235,0.9807111383768001,0.9133768315108496,0.9310697249956761,1.018749913688855,1.2331915538262828,1.6681139481325862,1.0989854062867208,1.329334478125591,0.8941147389130282,1.0756880570173142,1.460288813328114,0.9272749035514788,1.2743877997695283,1.2205268787961505,1.0272068592343322,1.762910530445392,1.009489721466212,1.484860441043534,1.3227011505235833,1.2572456462531003,1.3494891403380642,0.8334984174729738,1.1476109816741502,0.9091663323670152,1.1429906323618393,1.1829488126422807,1.2590106298720287,0.9499314871155773,1.1135261756732415,1.5658783673517238,1.0580139669505795,0.9172753176120472,1.0512978522965386,0.9304901854399245,1.2973720254029717,1.101202682801643,1.3810566185953304,1.483724620692134,2.3379644925825067,1.3072725383450647,0.9785206168485452,0.8717335972347257,0.9944605653282781,1.2490626172188848,1.3322901532669404,1.0043903021390626,0.8858769108430581,1.134416723516352,1.0009069423472712,1.1581291779123926,0.9690959901387752,1.079327567460321,0.7638726862273678,1.0876143826508509,1.306148379325571,1.313933632897791,1.0497079434889098,1.195661566463871,1.1670120675972266,1.1047198508017997,1.0910154668346448,1.167040323910299,0.9918880415799236,0.93296289072871,0.9626840752663737,1.2014299942603777,1.253236566609664,1.0215646557364395,1.3515092738616257,1.2675129237994616,1.2018807956649495,0.9832479058155938,0.8540426705526796,1.3840008031852795,1.2251903232733774,1.0889458696111887,1.1279236867342952,1.1103452701654841,0.7862699192263672,1.2236958570757768,1.2566999469257043,1.106771224298644,1.0324644356527712,0.9095566408185162,1.1141594168895965,1.1166111876243154,1.1084223739774361,0.9183490301819257,1.1697665479734551,1.048430418324913,1.1616217542306706,1.222133688633967,1.0882386844733003,1.0339411393234066,1.1639123567332297,1.1901879116797844,1.5012228297441335,1.1093474657487292,2.941231471765832,0.7293129591331007,0.9785399990171639,2.309385047757738,1.2672716924967542,2.261711725181529,1.193906402413532,1.059873400567368,1.3578161803050612,0.9780103327003183,1.2099758423848697,1.4827195717062316,1.8420745285004843,1.2831156571088391,1.3758999059288501,1.2262461639781779,1.6161782346713656,1.0702468909897278,0.9054342370830379,1.2676570438930963,0.7409037118689455,1.230329689460123,0.9190565109649813,0.9931035252934484,1.7693691131892137,1.1537688121340985,2.6093054286162563,0.9810182282372211,1.4269541060129898,0.8881620081631391,1.0123699551271215,0.9632292090634433,1.2540734935590478,1.5118785097150327,1.055075603811788,1.0852316303254104,1.0921821912358198,0.9807600739168736,1.2171679667005657,2.600034334145824,1.5599016990296612,1.9362309631606922,1.9964909662213346,0.7334528362106365,1.816123437893875,1.570060886539073,1.3992150412340596,1.2028755169199197,1.4146723916595865,1.4135520831950559,1.438206528357112,1.2631781291305608,2.039613518736695,1.2661710302473674,1.7399803503801325,1.3830054462669406,1.445541054385126,1.8460740298946003,2.6635888391201,1.3172763947800072,1.4641016539554177,2.3657604873111664,1.692077373141282,1.1245279050747703,1.1574807127118738
1.0,1.0,1.0,1.0,1.0,1.0,1.0,1.0,1.0,1.0,1.0,1.0,1.0,1.0,1.0,1.0,1.0,1.0,1.0,1.0,1.0,1.0,1.0,1.0,1.0,1.0,1.0,1.0,1.0,1.0,1.0,1.0,1.0,1.0,1.0,1.0,1.0,1.0,1.0,1.0,1.0,1.0,1.0,1.0,1.0,1.0,0.9172147369199397,0.9906570750217275,1.1152281633897205,1.0730604867550602,0.9724774485913747,1.070304347346208,0.9291744051186352,0.6134425043588101,0.48816884082523243,0.9188976595665124,2.681104960355162,1.0474567281543883,0.849900343459959,0.9840454326083988,1.3086624140835763,1.455805460190539,1.051218895895215,1.129900761457566,1.1776040053532884,1.218454983751466,1.5074246343090096,0.9304155908754604,1.2589431525059975,1.085523286863479,2.1424088866524484,1.1305429735451664,1.0936310411931562,1.334807682530839,1.0465322966534942,1.3797382923652481,1.6632678236977099,0.948086402321815,1.014165672472464,1.1080699409812822,1.035920418221727,0.9566674975599109,1.1636732353745274,1.041601774814723,1.2571698925069803,1.139487662310837,1.190202590401226,1.1406737257805757,2.0585551111131606,1.5628507497340367,1.0364716826900555,1.2849549875970823,1.3987450145793316,1.0619248813534994,1.1020022153424316,1.0722897500378517,1.3679875659942384,1.2155286995000094,1.2933201657956075,1.1324596176616328,1.212514490783009,0.8922471856465105,1.247462402616974,0.9332608387987349,0.9599318592616568,1.0835861768125667,1.3285615214791102,1.187517853684609,1.0541625513044883,0.8961499369088074,1.216966516984553,1.0265384629590848,1.4334947151347597,1.366774307139033,1.0327523713271192,1.1751190327690235,1.0120169803674164,1.6305390269667852,1.3812679275825204,0.7906870067491639,1.5293172768075922,0.9955402334363349,1.3787312482043141,0.8843307381557449,1.0546597265300746,1.1942596637554428,1.0270452086381547,0.9947994921204711,1.1294880559238236,0.8886207081735289,0.8911417335276857,0.7480889610496853,1.2642913738047028,0.9881322920642144,0.8400442800575039,1.039290511708201,1.1754235898548533,1.1833410265257527,0.9727045180381028,0.9605846097702961,1.1339770897782842,0.9929210256683807,0.9822650301228948,1.29902806453636,1.399862409272554,1.6389340987904535,1.8421056169856116,1.1639182843508709,1.0880824425514692,1.1207732141982896,1.0130945196923586,0.9181467603355552,1.0376122110392285,0.8855979384016146,1.3896134545934453,0.9970622090125935,1.277090850126423,2.0285038946793477,0.8219930064073888,0.9966796403956815,0.9568936032604731,1.1453912762852991,1.4999451308688636,0.9921588690004975,0.9421043786691523,1.2696302809431361,1.1823752935298586,1.0671674857412237,1.0536050640925778,1.1418875755608098,0.92986651762541,1.1011291982360916,1.6875354455128555,1.7368539929117286,1.1572494468780983,1.1466463966754499,0.8752179710788438,1.226579704339459,1.4300982851954638,0.9746019254822047,1.004984837845357,0.8689078739630383,1.8342311257586161,0.9113494405936571,1.3445989965207397,1.4695127848905811,0.8640137810162936,0.9600317426169782,1.2734378418320997,1.0789846282004005,1.2670229227604783,0.8992673961228983,0.8337919399832041,1.1276290869124042,0.9677079054711613,0.9241856466873374,1.1763633162199334,1.3875524436774145,1.2181859857978532,0.9012073380311502,1.1096402063265947,1.990885026545162,1.1700953703298422,1.0112834771709427,1.1013073000752924,1.1358850733899692,2.106771118239368,1.4050183882109455,0.944041094622744,1.0554952569011973,1.163702478232718,1.5210075071111722,1.3135433284871456,1.2595530108294406,1.1208822470423527,1.0037863322257694,0.5734694438779884,1.0923283976996991,1.0502913568904146,1.023904514361713,1.1425520709488564,0.9067834299872986,1.0567655747456381,1.4348052444524855,1.3420624942335695,1.2457526046122793,0.8887324196149662,1.752391891117275,1.2365836673343515,1.3142750229407607,4.226681412051218,1.7021304484047293,1.1130291367010758,1.4857206788872634,1.9638332677077717,0.9177784981493307,0.8987136045189994,1.2187088876597671,1.1988209016592806,1.0978842203275176,0.9221048155880516,1.0720510094824134,0.8769789716678049,1.0933653022355059,1.2139688216087188,0.9534414102274604,0.9444349513191068,1.1967813796323128,0.7750892115613193,1.0904432539149096,1.1609746071502185,0.9702455681934946,1.0043783965434547,0.967916180508817,0.9813695103754189,0.9657590372698576,1.1749496785141926,1.2832387839027044,1.042739075486303,1.3490347254492052,1.8340590942525754,1.3072163673242465,1.0983883346974843,0.8659995484876023,1.3684295329280045,1.1091070311185227,0.9909930490107692,1.0080622055475756,1.2162252810678016,1.0781913698860526,1.3970317669214884,1.3642671443920915,1.0782816109255147,1.5624367680394617,1.2416533287147913,0.9363950015986404,1.1500859610283234,2.1516291709682362,1.7983343182757796,1.0808026320278454,0.9266819039582358,0.920158122502865,1.004966187537051,0.9926732948021866,0.9851835713218626,0.8664639785768786,0.8427202351777702,1.0553503447947346,1.2735765344271301,0.9549786899722634,0.888824597907685,0.9065573062177699,0.9923020509851215,1.2010879475819287,1.6249099077471343,1.0698055303488292,1.2940325656958498,0.8705939300461589,1.047856764228627,1.419053227125118,0.9029261225003908,1.2405438959905641,1.1887713620753977,0.9998928838112373,1.71758803692412,0.9829930149111025,1.4467871253323443,1.2879581337606867,1.2239897026732764,1.3120812711061038,0.8113556509410926,1.1175077918890777,0.8853836824467592,1.1124671289544326,1.1516365984581685,1.2257088596289734,0.9249257949099385,1.084470016718923,1.5239425080098887,1.0304609337520523,0.8926640183389928,1.0224126796846729,0.9058812345202975,1.263150302370462,1.0718640419434453,1.3445763202661447,1.4449746455390253,2.2758795836677495,1.2725569948702609,0.9526748108807681,0.8483540185179157,0.9683216299396489,1.2165467668011523,1.2968881128463974,0.9778445574874196,0.8623179827979517,1.1050350601112706,0.9738409145381033,1.1273289019049155,0.9439294854076803,1.0501038413471977,0.7435500072406438,1.06015515128387,1.2715270410318322,1.2799689135674228,1.0219201207288857,1.1641187675372278,1.13571161169779,1.0758168388963751,1.0623851997466942,1.1368127328251976,0.9657636683306609,0.9087877455008407,0.938800953705622,1.1708909235525216,1.2194866640913427,0.9944222657584035,1.3154573615488694,1.234795132457938,1.170174876836032,0.9570170658297652,0.8310787677881637,1.3474009380798646,1.1916022976576006,1.0598972052731352,1.0971221061248366,1.0807603035548679,0.7654570236731107,1.191425873142257,1.219195989361372,1.0765210124418658,1.0045988877574197,0.8856016709725214,1.084291353580485,1.0865011350894362,1.0790945559594234,0.8938187416975025,1.1387546220696538,1.0197989759568622,1.1298898398177875,1.18859034275211,1.0586002915862465,1.0057006871361043,1.1329129987326536,1.1579426999943117,1.4622644975746306,1.0800478261958664,2.8643250881959252,0.7098572753242498,0.9516744755529479,2.2463496721154423,1.234167336321501,2.203241125461739,1.1623147820420097,1.031585458540441,1.321304119247543,0.9522538218498442,1.1781487459604696,1.4414644057890813,1.7877793610583765,1.248215109646487,1.340661603239905,1.1937492996222612,1.5694715796892234,1.0418606111912743,0.8807842184680261,1.2344053774747104,0.7205531458506296,1.195425634573751,0.8935897169166147,0.9660457629823496,1.7203597373527475,1.1227401199944316,2.5364135770183136,0.9554596403362101,1.3894257498315543,0.8648636041323691,0.9856625808987864,0.9380358948004641,1.2209923523655557,1.47165491840334,1.026919518195907,1.0563018136017592,1.0634823060801077,0.9536538287912086,1.1850371571140212,2.5309650661628345,1.5188022253418851,1.8887136376809446,1.9457448632358467,0.7137540903146579,1.7645682023005254,1.5277831544216465,1.3620530760087373,1.1718188826086209,1.3773953058258548,1.3769105831295627,1.4006100755911652,1.230863638521003,1.984250792906334,1.2317749031541398,1.6928882553302773,1.3467971847590599,1.4070983304717444,1.7974257566173986,2.5855983346153937,1.2803067363837308,1.425483808810739,2.3041542325478392,1.6472143591129065,1.0935524123928388,1.126955501417797
1.0,1.0,1.0,1.0,1.0,1.0,1.0,1.0,1.0,1.0,1.0,1.0,1.0,1.0,1.0,1.0,1.0,1.0,1.0,1.0,1.0,1.0,1.0,1.0,1.0,1.0,1.0,1.0,1.0,1.0,1.0,1.0,1.0,1.0,1.0,1.0,1.0,1.0,1.0,1.0,1.0,1.0,1.0,1.0,1.0,1.0,1.0,1.0793940673311264,1.2157638491904406,1.170096564811911,1.0598641783789526,1.1665228158041698,1.0126574293972161,0.6685151246099523,0.5320644120421114,1.0009985910335781,2.9249280451155997,1.1413488798886773,0.9263061963253809,1.072249997214695,1.4268383826771167,1.5868406099900412,1.1458305371285376,1.2312584893142948,1.2839992487135297,1.3274984362357651,1.6435004286388948,1.0138547464189585,1.3723792752832495,1.1822447864600085,2.33491802079121,1.2320599076489478,1.192210482687147,1.4550149486866428,1.1412814707788588,1.5037683996309652,1.8122725215178233,1.033278151556981,1.105476600662865,1.2078546922700415,1.1289190034212437,1.0430997962640274,1.2679664709659626,1.1352829856606625,1.3709882319456395,1.242291431838958,1.2968924206026977,1.242449929952151,2.2428746465060563,1.7019764754698832,1.1297668729154149,1.400079946870466,1.5242864566964727,1.1570760444708983,1.2006156050540504,1.1689519824159227,1.4900421540349595,1.3248783794150374,1.408938325660857,1.234190073564624,1.321603211082288,0.9726079102835113,1.359862229179167,1.017097067515142,1.046386254179924,1.181005568210487,1.4480567649989375,1.2945194437365781,1.1489921001862218,0.9768272938567949,1.3255627324952877,1.1192210157942855,1.5626949966050536,1.491932309607125,1.125449669003133,1.2804022204221666,1.103064985054109,1.7768860516048854,1.5063847037980296,0.8619833963636645,1.6660094427270478,1.0845867029192264,1.5032581572905608,0.9639018034064408,1.1493085574669384,1.3016219938636673,1.1197233022223338,1.0843067115763065,1.2316042001944458,0.9687412019755324,0.9717014508112696,0.8150688921559522,1.3787719799469196,1.0766796890361565,0.9158444738572035,1.1331275402929297,1.2811449616126258,1.2895212930452882,1.0607201596314275,1.0471194561834751,1.2361535899982121,1.0815887454085875,1.0705554749461625,1.4157023534249398,1.5254293474021279,1.786082430661962,2.0061321984018035,1.2688085639185394,1.1853961283263532,1.2209365435562554,1.1043806362669955,1.0002635486256688,1.1311681637979236,0.9650923723865219,1.5145441201545131,1.0864118142698904,1.3910682991001502,2.2119018108724013,0.8958190062250726,1.0864720974889739,1.043009434715477,1.2481730308742822,1.6347994610764305,1.0814505140843373,1.0267327909300366,1.3821129009990125,1.2890414004099924,1.1628330999305527,1.1483058382803129,1.2448305795615942,1.0135174690792252,1.2000726216000213,1.8393325901348834,1.891616720849044,1.2612097811177936,1.248587252864775,0.9540525003710847,1.337333136294279,1.5580911041256775,1.0622291512890214,1.095759615648875,0.9469963803124977,1.9996930943362556,0.9937679421510696,1.465906899771999,1.6016055300068832,0.9418678159509155,1.0463686736408317,1.3890226644828838,1.1762938689112947,1.380598725232897,0.9797105380710339,0.9089586506847219,1.2287681894223041,1.0543812512698278,1.007702209075799,1.28226805258064,1.5133350271526553,1.3276491188238064,0.9820133693201427,1.2094689548802635,2.169696941684047,1.275500554970186,1.1012627641605928,1.2004603843697097,1.238323464265896,2.2972257964746916,1.5280507535005161,1.027956205674363,1.1503875474370027,1.2684751865292674,1.658502713617731,1.4321591165763987,1.373411559634154,1.2221259612728268,1.09378747341232,0.6248877546071826,1.1907037650738976,1.1447059713246297,1.1156286348644926,1.2449601514573967,0.9880211423720879,1.1510816210505141,1.5635465659451293,1.4636148492122085,1.358102748437125,0.9683651663455024,1.9099623268284538,1.3477567984263974,1.432710902779414,4.583741120000463,1.8577624277150444,1.2130266420425841,1.6180679891894096,2.13914537078438,1.0004508876350133,0.9799289980694628,1.3286433428273554,1.3071285572690563,1.196480618241091,1.0050219554675421,1.1682231803909244,0.9560357297308743,1.1912577085088465,1.3230510366071533,1.0388045971837316,1.02924756363057,1.3037170415581991,0.8442730060741589,1.1880315819464862,1.2651067316292282,1.0574589989069572,1.0941850171380154,1.0550810874220016,1.0694490184943168,1.053185710139706,1.2809067809510737,1.3985165497010352,1.1363983889768896,1.4707702010292456,1.997752980314655,1.4244241184501285,1.1977150910061867,0.9436933767877111,1.4908211924010404,1.209026827408575,1.079968334171399,1.098774912179268,1.3253309046289776,1.1751253957067602,1.523311097560395,1.4863221771520445,1.1756282254271182,1.7031944127900696,1.3524855018115058,1.020985542810358,1.2531909188572237,2.341470219572881,1.9599131611562615,1.1783563123293117,1.010216863598413,1.0023654798546293,1.0955349080788461,1.081492445203243,1.073960398489636,0.9440702791450286,0.9185884490030936,1.1505008550767164,1.387472057730141,1.041207227341174,0.9684535828746554,0.9880693901881542,1.0820472760765687,1.309629596632427,1.7722315097936614,1.1658008885659643,1.410380922329829,0.9491203379155237,1.1425025941680989,1.5441229019216423,0.9841951800873204,1.3518670838651274,1.2964067287809655,1.0895652950478805,1.8737051201770334,1.0716609226717966,1.5780334366746098,1.4041117858199639,1.3341319896957957,1.4282575242750233,0.8841447730394728,1.21836402786852,0.9653546841668217,1.2119442709544563,1.255106206560702,1.3359659447377363,1.0081699584892307,1.1825115406874804,1.660873118513894,1.1235802103337038,0.9725513973782535,1.1130899515235813,0.9874119163183406,1.376873603870615,1.1681595122828188,1.4656175802374716,1.5752543449828122,2.4803416122115824,1.3868407303898538,1.0384094113352895,0.9241711611610613,1.0554331569376711,1.3268018395535697,1.4133762772692569,1.065715624311742,0.9396397838287691,1.2051141607537859,1.060620968469131,1.2283272904327074,1.0291751450481494,1.143754874078756,0.8102831970289291,1.157162073116067,1.3859924682468128,1.3957371059374808,1.1138807317878854,1.268946336698333,1.2370642824400702,1.1727430725281107,1.1583049230513824,1.2398623554466321,1.0528022170217062,0.991067470008826,1.0245987447495102,1.2776198931679783,1.328105497367408,1.0837360027808147,1.4335673127829969,1.3467853844509556,1.275548323325984,1.042443208301691,0.9053558779744871,1.4688230230167165,1.2972554473802522,1.1548418496126498,1.1947518837715019,1.1775991680039628,0.8342364348070541,1.2986572063650215,1.3239074231363428,1.1721117752864765,1.0942687133954707,0.9652112030998535,1.1812069308442208,1.1834545216672514,1.1761248403663453,0.973912522905354,1.2411385417975822,1.110429544086503,1.2301356472000236,1.294150152967799,1.1527288361699415,1.0950272219806974,1.2343849481469078,1.2611359875743768,1.5942793287160033,1.1770573637600243,3.1240174000754575,0.7735316615321643,1.0361508605640841,2.4464455769501,1.3455249050693514,2.402751784286525,1.26685450380843,1.1239695809305625,1.4397314165579693,1.0380360353097338,1.2840720572955178,1.5687684377713014,1.942221153345225,1.3595247768724341,1.4625434112575446,1.3010859524260743,1.7061357039441247,1.135501215222027,0.9591880181452327,1.3451381033707217,0.7844888330314312,1.3004886926992119,0.9725680296538807,1.0519699541404015,1.8722580791327823,1.223068920280131,2.7599225192943235,1.0418544253898512,1.5146124486025687,0.9428184585840683,1.0739781825702597,1.0227527837667987,1.330873876626886,1.6038093024876925,1.1188621020357536,1.1511522907700487,1.159067030706673,1.037913187654687,1.2916814337302207,2.7591716695806836,1.6558878889570412,2.0614401121509367,2.1241944542721534,0.7774093683577346,1.919477950737684,1.6642437308318518,1.484351925950803,1.278144182505533,1.5013650334936424,1.5015940545229187,1.5270789692328028,1.3427352392874945,2.1605996908613307,1.341433277560897,1.844284319719127,1.468224103283053,1.5333945643598494,1.9588304544083015,2.8107916191658227,1.3930976657075846,1.5538920167942776,2.511659156517136,1.795054076608036,1.1901014473699458,1.228475931095045
1.0,1.0,1.0,1.0,1.0,1.0,1.0,1.0,1.0,1.0,1.0,1.0,1.0,1.0,1.0,1.0,1.0,1.0,1.0,1.0,1.0,1.0,1.0,1.0,1.0,1.0,1.0,1.0,1.0,1.0,1.0,1.0,1.0,1.0,1.0,1.0,1.0,1.0,1.0,1.0,1.0,1.0,1.0,1.0,1.0,1.0,1.0,1.0,1.1239822510951982,1.0810392467478596,0.9808401242996132,1.07925518055902,0.9372653670206298,0.6188070803940061,0.49229038158664407,0.9275837139837543,2.698783311591211,1.05698271308118,0.857259936737093,0.9930177660382532,1.3186378759217032,1.4693601855179013,1.0601259031352561,1.139825601695387,1.186847912160946,1.2299799498155335,1.5194640589473458,0.9386542391545278,1.268708069106979,1.0962671388265064,2.1605190713325606,1.140785972432479,1.1024157179880807,1.3457348777346625,1.054148039771523,1.3920546473545123,1.6774579159877114,0.9564107162512782,1.0227784461177953,1.1173333456031769,1.0447978460066207,0.9637826744634662,1.1744185336059458,1.0506607476046264,1.2668820401796015,1.1485417076388373,1.2008228045859277,1.1516028231534137,2.077526746069001,1.5789845289072426,1.0449783704578235,1.2964675134354247,1.411600360923555,1.0717539630736652,1.1125274266557472,1.0811463445733778,1.3810640470734175,1.2257754555787344,1.3060617075103962,1.1424760667721334,1.222864168782567,0.8995654450124272,1.257693894818542,0.9414912098643509,0.9675782802991859,1.0925849713454652,1.3399250280444597,1.1972453783443533,1.0629279833314398,0.9035286117824484,1.2285382642215494,1.0347635429022497,1.4455605403897152,1.3736182047522043,1.0420010773361392,1.1857934007179067,1.020638681045536,1.6443868190737434,1.3906824443066768,0.7970664743586466,1.5437760149217103,1.0050979953986183,1.389092952233323,0.8916782955654938,1.0638375129608728,1.2045205665659917,1.0351993557787913,1.0031404745411212,1.1381703967080408,0.8956345009548501,0.8977797824663278,0.7550349013425269,1.273498499459706,0.9972285951023501,0.8470073975975474,1.0470695188808825,1.1856398491465163,1.1941880495092803,0.9798845305460893,0.9682398324014729,1.1433419392030715,1.0026716689101116,0.9904923795060678,1.3106718667010648,1.4115061578461212,1.653595506451097,1.8612986908846536,1.1730175646873329,1.0984136304837944,1.1317108340677857,1.0211183553714447,0.9269885583324856,1.0459482173519115,0.8935541696294944,1.4011551143413987,1.0064498494750382,1.2899119354062059,2.044395563671027,0.8290576343655024,1.0045518536926492,0.9648982142484304,1.1559490103935957,1.5128856262107155,1.0004783438034754,0.9495373623610964,1.2835311394260018,1.1916467060773823,1.0769724858982928,1.062881009224491,1.1509657641766278,0.9378414814960732,1.1107935424494149,1.7025172399239328,1.7544322194567166,1.1675038600618874,1.159129152859189,0.8825755684879564,1.2366197086525734,1.4438715980497825,0.9829314491580945,1.0126700765217587,0.8765217756330583,1.8474307300497026,0.9181956529759698,1.3554084891879825,1.4821782767615574,0.8710164805654278,0.9680643143159235,1.2821357252812624,1.0874843855552148,1.2784450653503532,0.9078640310082648,0.8403044829413578,1.1374790247227184,0.9764500801390934,0.9307737626789874,1.186031380812153,1.3966360930626478,1.2293019693180756,0.9094235236357251,1.1190840392097363,2.007791595095889,1.1796046029097473,1.0216814537670285,1.1106389269377428,1.1451058274453545,2.1230547080555233,1.4252062741776441,0.9539033216580817,1.0646932410801433,1.1727667417944023,1.5329115493537382,1.3228032596741937,1.2693948989070027,1.1295022221159168,1.0128598103017037,0.5785170594540949,1.1012492548614514,1.059506082112907,1.0332815294617554,1.1531442017257496,0.9154544956087745,1.0667431876319935,1.4474091202849726,1.3513919105393641,1.2558788073890954,0.8967397019594493,1.767966370569861,1.2464566333245475,1.3250950447382206,4.320708977407692,1.711186938905256,1.1228596922547314,1.5015871742331564,1.9834488668100136,0.9253721043385795,0.9054243319112685,1.2281509351759503,1.207903422033228,1.1076519258174486,0.9300304294815765,1.0812760162273016,0.8840278582185205,1.1033561726854595,1.224651270378708,0.9619409737499942,0.9527335054917178,1.2086194433416306,0.7826276873955527,1.1009505950266805,1.1711318852317916,0.9785013587168928,1.013939606400752,0.9756819705639607,0.9898987011406426,0.9729567261467205,1.1843869644824383,1.294427677862505,1.0516018481616247,1.359327375101745,1.8515800279950407,1.3188554639269063,1.1067039991960779,0.8737335763141926,1.3809904172267014,1.1184664917121578,0.9997397303834256,1.0166045488895195,1.2257170792579681,1.087605754496381,1.4081648091252275,1.3768211391966623,1.0863692853639446,1.57479762823691,1.253617904847664,0.9436705876648531,1.1607047212715638,2.1786192245664004,1.8142586229152513,1.0890830265298879,0.9341444106839301,0.9289196862714344,1.0129794214760106,1.0016308673422427,0.993360735907419,0.8743174986892424,0.849457861897407,1.0636702188116165,1.2857288698522837,0.9626403972968791,0.8973053140937699,0.9142022429166936,0.9999161410904818,1.2100533926292034,1.6364006821829387,1.0785336059577517,1.3056556443288092,0.8774391513983711,1.055569805751685,1.4368942416007606,0.9104450128434403,1.2511227289331976,1.1974973384664909,1.0086878016677119,1.728593123470153,0.9907181136379375,1.455716403803497,1.298411392677749,1.234223312809715,1.326840708691525,0.8185353786897678,1.1263375548336618,0.8923805077853004,1.123099466202321,1.16143474063643,1.2362172986086275,0.9324829233111085,1.0923945416010565,1.53800475645857,1.0383297174579575,0.9011723503969862,1.033674901137073,0.913440450020913,1.2735916388217245,1.0813972259275277,1.356149609980985,1.4560736985723133,2.2960643070752083,1.283655015510473,0.9607018876915279,0.856710057090758,0.9762782364374938,1.2254742943948864,1.3080124668523292,0.9860993014293904,0.8700748417398637,1.113071514585923,0.9836151602380045,1.1371684984834403,0.9509740066490244,1.0606913188880678,0.7498845511290493,1.0659555464561727,1.2824741903429613,1.2888189849791958,1.0311829185805577,1.1736549842695476,1.1461329060002763,1.0844008065435429,1.0708993227711519,1.1448581158196058,0.9737354297235006,0.915555332508905,0.943420415967169,1.1777699034273938,1.2317967297070576,1.0032255342203804,1.3273132453182725,1.2435780853306762,1.1799865787461838,0.9661258591915347,0.8391065442601566,1.3587657452387734,1.2048247666644514,1.0694843571629944,1.1087985750099705,1.0909373379000917,0.7720796684046238,1.2012508569179727,1.2389305819933554,1.08796660367354,1.0150854044339375,0.8931548589958663,1.0944355410253117,1.0971193867777602,1.088168337872799,0.9018398065289739,1.1493139404509136,1.030775374713919,1.1419693677296832,1.2020837244272473,1.0700930929581047,1.0167918359670418,1.1435327045422932,1.169636326120774,1.472786459694916,1.08966587860552,2.885098670604646,0.7163806568193127,0.9623371507234411,2.2695667344010184,1.243533829362975,2.218620745415483,1.1723801002158198,1.041331564748329,1.3337489951658459,0.9601874086554166,1.1880181790759932,1.4580986409590686,1.817449681425503,1.2610081712664747,1.349953089668805,1.2047502854822771,1.5921870744987507,1.0509352161777907,0.8898030620446793,1.2448761773300792,0.7284658704879682,1.211437739500416,0.904178931477131,0.9759982144861917,1.740085442252197,1.1335635695563577,2.567170768379767,0.9627511510167326,1.4008189810265486,0.8717724591106077,0.9941312137883841,0.9454383957444461,1.2312210286296958,1.4847179137238293,1.0360907910951882,1.0656288594575778,1.0723149392389202,0.9647719641699308,1.1946740245017067,2.5546110371350146,1.5315870547263315,1.897222945498615,1.9576066670915124,0.7208341457803644,1.7869461374917315,1.5424519480554135,1.3739776549597988,1.179862953894873,1.3888788973198474,1.3871438981590598,1.4115236998399587,1.238841627379907,2.0046708293021123,1.2445487495218335,1.708229840572568,1.35766424569464,1.4196832598627183,1.81290865906191,2.628076054117953,1.2960539332319188,1.4374556715845213,2.3209663195710895,1.661205485202018,1.1057605960371695,1.1363644708715537
1.0,1.0,1.0,1.0,1.0,1.0,1.0,1.0,1.0,1.0,1.0,1.0,1.0,1.0,1.0,1.0,1.0,1.0,1.0,1.0,1.0,1.0,1.0,1.0,1.0,1.0,1.0,1.0,1.0,1.0,1.0,1.0,1.0,1.0,1.0,1.0,1.0,1.0,1.0,1.0,1.0,1.0,1.0,1.0,1.0,1.0,1.0,1.0,1.0,0.9613590656600741,0.8704243979773543,0.9591524597556637,0.831463053610753,0.5492490147379814,0.43716290690384174,0.8227933647264813,2.4104981591039127,0.9370749514162554,0.7612897533777366,0.8812226698528571,1.173266270898745,1.3018367910691895,0.9426178909850101,1.0126985648181264,1.0556073823659191,1.0911064548749219,1.3513793706664057,0.8332316681385812,1.1302037770824662,0.9727004567058536,1.921976251422873,1.0123721094432114,0.9792529200920963,1.1955972837934326,0.9383069924160312,1.236458156212197,1.4908635867632736,0.8489264387754372,0.9084351128346363,0.9933730541753493,0.9282326837310004,0.8574755582154467,1.0413363452911584,0.9324810063031408,1.1269483050187805,1.0215388626813624,1.0665777715650773,1.0196429851396402,1.846512166911678,1.400206697532147,0.9282398305765038,1.150507586136321,1.2521921184200602,0.9504184588754165,0.9868551443700019,0.9606692946019995,1.225592091245106,1.0895376265701007,1.1566220307940795,1.014483677774125,1.0864897199041834,0.7997814032579513,1.118233575357316,0.8356852740025433,0.8602767929894942,0.9712929343593806,1.190040123597227,1.0647673355559286,0.9458947434609679,0.803834820691223,1.0901077165556665,0.9199326292736958,1.2845777329814099,1.2289282506829313,0.9251357235438478,1.0532521307696567,0.9067860329896357,1.461387360906964,1.2395920716649913,0.7084362438146882,1.3694356981693083,0.8912419222543149,1.2353699463462724,0.7926200988065571,0.9442802571743042,1.0699100640700507,0.9205998846009223,0.8909396675094687,1.012837234237647,0.796094628755682,0.7987965848603198,0.6693782018901304,1.134663559193049,0.885232074037028,0.7524371962474643,0.9324380049898631,1.0529875153160846,1.058637725283511,0.8722914810783811,0.8604900722287665,1.017066951972333,0.8876445102588354,0.8797514944533686,1.1632390137874258,1.2549704548055884,1.4678313782662147,1.6479294666208868,1.0439797404459,0.9740418146827425,1.0025448476661865,0.9095707308189949,0.8214272694078606,0.9296910537079537,0.7926457269324565,1.2459982761155581,0.8922431528777843,1.1420487916808653,1.8188926892973862,0.7365057625957933,0.8935719823417669,0.8573049133591987,1.0258348880844887,1.3440380866171955,0.888693610218571,0.846130546641777,1.1360889628935693,1.0597458764355485,0.9558129935141495,0.943735952103665,1.024263087894381,0.8328087076459446,0.9867573654967207,1.5120725550125682,1.5566523352802755,1.0367874816186236,1.0255060832109562,0.7838630021724571,1.0996151159732035,1.2791502773093963,0.8733378213783136,0.9018165779661103,0.777982833915184,1.6465096879303345,0.8175226176681049,1.2054406018457537,1.3175348025021658,0.7751695995715855,0.8610978774286593,1.1445928766413611,0.9664034416608289,1.1348089894948212,0.8053256180168442,0.7472945261950047,1.0109426908470878,0.8669532142568461,0.8299524784521182,1.054943759042937,1.2451281089365835,1.0903441163130023,0.8063695179536905,0.9939813074217412,1.7845647222424992,1.0489261884176466,0.903772471818,0.9865721539125086,1.0184962368376804,1.8893048947953166,1.2525093417363693,0.8440213711205276,0.9449714677387466,1.0438568664632695,1.3634609869054861,1.1798201678736235,1.1299380260455942,1.0049694448102893,0.900039439163683,0.5136654157266105,0.9804325265498692,0.940126867619252,0.9172585417249502,1.0235290069393819,0.8112249079804941,0.9458209653873806,1.2857563579789648,1.2048677885665846,1.116466853877855,0.7961086296004425,1.5697231244803271,1.1098289875662597,1.1793045635950388,3.723799972338315,1.526438103695329,0.9961904551254597,1.3243272945291955,1.7603910411027517,0.8221127124839211,0.8055541844094761,1.0929269824757282,1.0747944106071428,0.9833512782502976,0.8264582416929029,0.960575070022277,0.7859206904575022,0.9787907977212483,1.0878955478249819,0.8526600606213633,0.8453862034444923,1.0717368950929038,0.6926544471928358,0.976088172395501,1.0405911835761317,0.8684984106349516,0.8980685030342448,0.8667775603158832,0.8783777978994008,0.866942222262009,1.0536661445119182,1.1503852691259198,0.9332646358339567,1.2099733892754274,1.6438588349086176,1.1710717435212556,0.9850015793391133,0.775173145034301,1.2253660108058182,0.9940381793306049,0.8859188595522995,0.9028015740367418,1.0923932986521032,0.9658147702440064,1.2525112802939855,1.221873892284579,0.9678428611750792,1.4008187941722485,1.1094813907620347,0.8393287841123431,1.0303672661958236,1.9243689849388073,1.61241671320677,0.9694906780505985,0.8308968222690649,0.8237584738435151,0.9008599349101678,0.8874835005163961,0.8824886683500789,0.7755501021073629,0.7550356372091462,0.94694180748151,1.1409972942319624,0.8562503247848804,0.7955248010693132,0.811541421352715,0.8889603136172121,1.0776638269450167,1.4592270417018791,0.9594202041522482,1.1601113773591503,0.7802134691674185,0.9395698173795254,1.266112133901251,0.8075792343130241,1.1118748290791354,1.0663056125975452,0.8947698926126204,1.544804678590717,0.8810558898888668,1.2984447179539624,1.154808184113446,1.097241413478784,1.1738281512478765,0.7261654300654252,1.0016831637211698,0.7932084724980113,0.9944484675336325,1.0319265174235737,1.0981162765060462,0.8286364244858975,0.9730800455262156,1.3666366635510756,0.9234343462791035,0.7975501321144233,0.9124374091682987,0.8117590726169772,1.1322134041383534,0.9606475442169414,1.2048435313296184,1.2956294296040498,2.03793506950597,1.1384587651488718,0.8531676040675343,0.7586355285271553,0.8673199733564001,1.09202752974839,1.1626902313996663,0.875834249358034,0.7720495763165119,0.9917381259652337,0.8707179913219455,1.0098135674795614,0.8466021980611655,0.9395808658542089,0.6655732147450207,0.9542082693038694,1.1376144257536613,1.1484716816585916,0.9147515622933611,1.042847874933155,1.017105571546994,0.9633335031472505,0.952455402898069,1.019152010170293,0.8655711693700874,0.8145615257500196,0.8428914779680285,1.0524515336182283,1.0880894990450074,0.8902627481469703,1.179016273404732,1.1100480349125466,1.0487835595881503,0.855737470502931,0.7434673951743246,1.20743938246271,1.0644222035584359,0.948976211791146,0.9801122734999094,0.9666800732793072,0.6851854800528017,1.0675845595284918,1.0841285438876986,0.9619181793322078,0.8974783034113082,0.7919786334850312,0.9703719359514333,0.9716562456179355,0.9663464023875583,0.80109613858677,1.0191049160732337,0.9106124057564537,1.009255584848126,1.0596350782822035,0.9442184317439484,0.8966461717632968,1.0134492341460204,1.0353120023371674,1.3125800370101914,0.9659183281859869,2.572824921942429,0.6352729367123341,0.8503378821933473,2.0115388204926754,1.107262595818367,1.9788466557378213,1.0409238668898058,0.9221606053759253,1.183209451035452,0.8532446864889595,1.0545594664202282,1.2886268824031588,1.5922430304015935,1.1171425420020085,1.20172975291321,1.0680612318309695,1.3972727156999676,0.9334321339272944,0.7880987038446013,1.1035737652341286,0.643206520510837,1.0659953933409096,0.7971041977738746,0.8635324211757152,1.5367733218790762,1.004008152524639,2.2661654104908484,0.856548851437702,1.2447361030757853,0.7747323125506596,0.881196283937064,0.8407472057507003,1.0940825107154852,1.3182800325492054,0.9194442816529494,0.9464340566308358,0.9529919492215708,0.8514015087497823,1.0624836822796515,2.265660898909102,1.3608833588612859,1.7006453087827573,1.746416481889304,0.6380989072404469,1.5759036689572345,1.368765759986542,1.2202634082415007,1.0522651323854282,1.2346707301204911,1.234270878768744,1.2553236343796883,1.104966978365582,1.7742455520308644,1.100104370935728,1.5155831664639918,1.20903054725301,1.2604258982434566,1.6089956164242216,2.2948542766860935,1.1422392599274749,1.2771749710997766,2.064761314957602,1.4763438806840878,0.9771660426700326,1.0091182449097686
1.0,1.0,1.0,1.0,1.0,1.0,1.0,1.0,1.0,1.0,1.0,1.0,1.0,1.0,1.0,1.0,1.0,1.0,1.0,1.0,1.0,1.0,1.0,1.0,1.0,1.0,1.0,1.0,1.0,1.0,1.0,1.0,1.0,1.0,1.0,1.0,1.0,1.0,1.0,1.0,1.0,1.0,1.0,1.0,1.0,1.0,1.0,1.0,1.0,1.0,0.9049496916330557,0.9964356125540362,0.8644459948758514,0.5707213701591612,0.4543342388974194,0.8543862004650236,2.5033347992064985,0.9744490909369622,0.7911097488096498,0.9152872711330978,1.2193898008560486,1.3538173633713835,0.9786441749829798,1.0514011739854399,1.0970546770482257,1.1331940521208894,1.4040450142579894,0.8655361776864918,1.1728084369368381,1.0091356802861804,1.9952444407015317,1.051769057109889,1.018252169699261,1.2428467545916455,0.9753550584123811,1.2841463352373776,1.547819699723946,0.8822385795777004,0.9440218193250454,1.03151666320315,0.9640743656434856,0.8912700026576529,1.0822051661544916,0.9693745843711921,1.171354326582085,1.0615019395966332,1.107519246768516,1.059671742752254,1.9155499015204709,1.4528134735199156,0.964822304609628,1.1953032496686034,1.3012022784106372,0.9875225638982974,1.0246564790941168,0.9984992525733779,1.2721620404897633,1.131543834292084,1.2019550773999288,1.0539336020866101,1.1287273494302243,0.8307208952804527,1.1617825902511159,0.8683609004521314,0.8937681066037801,1.0089068696104433,1.2367359513487406,1.1057785552692283,0.981907291369778,0.8347765613520155,1.1315052840531732,0.9561588560965997,1.3348093644188261,1.2768467844491256,0.9610520457270932,1.0934758181454127,0.9420443643328826,1.518093373000457,1.2878849361670754,0.7362352641405965,1.422066201806886,0.9257366148972015,1.2840498701338325,0.8233022038022962,0.9811729889078635,1.1117793413969377,0.9565675782078582,0.9260365620697921,1.0524019733770165,0.827537508948574,0.8301468101177951,0.6955226824713536,1.178545024763923,0.9190924691413782,0.7820806954040807,0.9682529072348637,1.0941833214166679,1.1008534255934208,0.9064565507551858,0.8943451901514934,1.0560763994292488,0.9227764611823324,0.9143096462805049,1.208367579351268,1.303117100090005,1.5248888859476817,1.711059912388338,1.0843000093304251,1.0116834855304695,1.041763583593762,0.9440557141031107,0.8535187787873395,0.9662262082951509,0.8237754940253246,1.293849389674134,0.9272385918890349,1.186859070908907,1.8900622837045225,0.7650641349749123,0.9284289286208146,0.8907010329835685,1.065627969848204,1.3962499814327534,0.9234884023869308,0.8778343259675387,1.1786008006796398,1.1011507313268183,0.9926858756932031,0.9803964213414016,1.0635393806894609,0.8654976417294711,1.0248411375734787,1.5707854714195184,1.6146419263749787,1.0765044284846703,1.064795807363307,0.8147204263226336,1.1424544397817151,1.3293172615228344,0.9072447878900058,0.9364641053071225,0.8085478162948783,1.7098716171006136,0.8494480013031565,1.2519339814038384,1.3678011512581942,0.8046366153883605,0.894090225512785,1.1878927218996143,1.0046352546034454,1.178514455333931,0.8362036835662627,0.7765416790085339,1.0494939514763912,0.9003145346325979,0.8617964341704125,1.095017797212594,1.2941352807060111,1.1333235592601074,0.8379613991113584,1.0327614145035524,1.8534826359312135,1.0896524962260885,0.9391758073249524,1.0252895022601114,1.0579168388759286,1.9626353471256197,1.2998336250058182,0.8764498567247037,0.9822060981766874,1.0838728020532602,1.416622549883546,1.224852202551256,1.1737902894931236,1.0443036731646704,0.9341223424012668,0.5337057010769077,1.0172336394533916,0.977198308900344,0.952336631336321,1.0629383399249857,0.8430986706441452,0.982266798590828,1.3351247250074847,1.25135196554111,1.1601600872428977,0.826912553264993,1.6307622463968707,1.1518845604448542,1.224131952290104,3.8740827460593166,1.5889227328832551,1.0352889306595001,1.3784544060278647,1.8264403781996832,0.8544219304911672,0.8374821858107803,1.1350655831527168,1.1168689572920045,1.0216646420262134,0.8583521948326466,0.9975408208814129,0.8167019063793999,1.0168858015850035,1.1296129381744646,0.8868169319515506,0.8786321069992548,1.1125783835561442,0.720131576000687,1.01372979310147,1.0805037378533857,0.902702065495242,0.9335410472723207,0.9010468047983158,0.9131481821718829,0.8999748779365959,1.0942810608971811,1.1943975366510644,0.9702281850388792,1.2565469204578796,1.7051531243082008,1.2163524960443683,1.0234457272773674,0.8055051407643289,1.2725894401646185,1.0326883407589567,0.9221340915748193,0.9381773443527239,1.132736567089551,1.0035664039593633,1.3016759775616746,1.2688896196051558,1.0054195899875245,1.4548505774052523,1.1535005135107093,0.8722321899847244,1.069864294012498,1.994902233631884,1.6738313079272598,1.0069338262193255,0.8628722220796183,0.8553031739601267,0.9356552925833099,0.922891314272983,0.9171583706421864,0.8057797704920957,0.7847781145884258,0.9832284336423478,1.1845015641262766,0.889412765281308,0.8263370685867373,0.8439665796404342,0.9243333817277144,1.119374586996122,1.5150409182914175,0.9956657826363813,1.2042173945502577,0.810882298415688,0.9766054823393172,1.3147361755308316,0.8399473733174927,1.1545162914670095,1.1079455385360593,0.9300125094741049,1.6024886350736027,0.9153024089666137,1.3493004652925502,1.1995893472573358,1.139446629406638,1.2180305518613543,0.7547696120474028,1.0408236626704006,0.8246218228512369,1.0338245009085245,1.0720336394303644,1.1410118604661892,0.8610902460905212,1.0104943960012642,1.418079242239945,0.9599641756620393,0.8296829958572759,0.9485610974354113,0.843094972690817,1.1761140313861267,0.9975872796754215,1.251812591360926,1.3457447478711009,2.1170383530470946,1.1834554463999671,0.8866416998680802,0.788502995527224,0.9013466187314525,1.1342511228355603,1.2073304057788696,0.9101430700562514,0.8020640828715071,1.0299612498269222,0.9047026041577739,1.0489002485359946,0.879633271073618,0.9758397018433336,0.691626352402829,0.990244615861988,1.182941454990727,1.1929480026900325,0.9507790083900323,1.0837050298831117,1.0561935826680275,1.001622076978079,0.9895824420797883,1.059735080146933,0.8992209531430124,0.8468483787196943,0.8770704850176267,1.0927106769938528,1.1320412489025764,0.925283720961672,1.2238408777988976,1.1519114730485625,1.0895507752862468,0.8893367619470516,0.7726489528352407,1.254036257852071,1.1058152369253693,0.9861315435759566,1.018446703746569,1.0046932550807,0.7121268987564535,1.1089405551749931,1.1240684363622264,0.9993999702234209,0.9328652774167299,0.823857447799174,1.0079427959356293,1.0095243938313347,1.0043004966006235,0.8315203883963542,1.0590334119837288,0.9469020450503991,1.0486947402226445,1.1019847662480995,0.9823742353555301,0.9328068002901154,1.0533621199954264,1.0755964000509253,1.3626816660033296,1.004361396097398,2.667344113082936,0.6601505996596346,0.8829221390621698,2.088409625341089,1.149748405141139,2.0546894725265625,1.081980603706195,0.9593505513800944,1.2286813937403125,0.8864924293903371,1.0968271091073865,1.3371924530815493,1.6514336237981826,1.159985352999849,1.2498186223845862,1.1101985252674331,1.4510429418506001,0.969750425191903,0.818248877807444,1.1478605059298213,0.6685175165900306,1.1068121469803396,0.8283770580491729,0.8972821036071466,1.595699286077348,1.0432010384320995,2.3512201302812588,0.8902580247116887,1.2933303487902088,0.8052259822410668,0.9163545565883836,0.8736773471500229,1.136831822642631,1.3694710601489746,0.9556361361806188,0.9829991885724421,0.9903313759969881,0.8846131615106296,1.1035218235478812,2.355425735115025,1.4142453587302277,1.767517095605911,1.815159778482371,0.6631078796126297,1.6348623078953537,1.4203455239180516,1.2675513869718018,1.092650704176057,1.2823621118074726,1.282763198129133,1.3044964525598786,1.1479790812072022,1.8424021316361636,1.143663005199806,1.5738712783424078,1.2547301324888056,1.309269951300492,1.6727615096526107,2.385296042267773,1.1869080556378495,1.327129888463766,2.1485111811461763,1.5336212436186454,1.0145413816822524,1.0490021344286589
1.0,1.0,1.0,1.0,1.0,1.0,1.0,1.0,1.0,1.0,1.0,1.0,1.0,1.0,1.0,1.0,1.0,1.0,1.0,1.0,1.0,1.0,1.0,1.0,1.0,1.0,1.0,1.0,1.0,1.0,1.0,1.0,1.0,1.0,1.0,1.0,1.0,1.0,1.0,1.0,1.0,1.0,1.0,1.0,1.0,1.0,1.0,1.0,1.0,1.0,1.0,1.0999873464061658,0.9555323326695503,0.6307057617709653,0.5018410606825905,0.9447288298591242,2.7507195248415615,1.0772143208234821,0.8735973626987328,1.0117496516530502,1.3446448067222287,1.4981354568739231,1.0802913458628165,1.1613177329132542,1.210130180692706,1.252751676374828,1.5490227255274294,0.9565320504164228,1.2930576842323145,1.1157331395728989,2.2012192213472233,1.1623475945446788,1.1241720245527347,1.3719881038696058,1.0753649809481405,1.4181424859510294,1.7091606122232363,0.9746676869595058,1.0425312879491413,1.1387346589972895,1.0647439802535374,0.983039275790597,1.1967965676421572,1.07091032068478,1.2918008281453708,1.1708459433242928,1.223190898254575,1.1735497077825485,2.1149413687752956,1.6064128760583944,1.0654091698286843,1.3211940279297159,1.4381740658476567,1.0920058114151154,1.1330635928095858,1.1021215228999641,1.406065915361748,1.2491219991358296,1.3303573729693867,1.164064234848918,1.2461913578260915,0.91694761376269,1.2818907816563772,0.959483896041569,0.9864874826138902,1.1134324708387071,1.3655059605883764,1.2201453414160175,1.0828171871933208,0.9205561516954432,1.2510609522234888,1.0549473150286333,1.473316205705338,1.4023781716473693,1.0615252505763997,1.2077260739332383,1.0401090350685203,1.6753874391214025,1.4182710656171562,0.8126710659270144,1.5723045370278803,1.0235527109533988,1.4168573729337095,0.9088264909214392,1.0843210414186686,1.2274303380420886,1.055410686142093,1.0225539072331165,1.160350966574064,0.9132651428712211,0.9156835997369595,0.7693808493572729,1.2984041717650194,1.0157746432942683,0.8636606964957837,1.0676300332023956,1.2081286226768726,1.21696065224043,0.9993866735623101,0.9874004353321004,1.165086536942839,1.0215898599988964,1.0096634909445519,1.3356079222371804,1.438167929632919,1.6853229786212593,1.8949032092898888,1.1956066668017424,1.1187814434488388,1.1527930688665635,1.0402788295733116,0.9443130619491671,1.0664385265830718,0.9106915191056075,1.427962046535919,1.0253524127300218,1.3138831819831074,2.08432346886449,0.8448521958764279,1.0239057673524554,0.9835051190731581,1.1775989968892122,1.5415958960446505,1.0198822596788413,0.9672679366464083,1.3060487663707552,1.2150361494388475,1.097104010836796,1.0831040356469768,1.173205082395965,0.9559025630091107,1.1317114009675766,1.7345925816998058,1.7851816862740537,1.1897464882161872,1.1797009976500745,0.8997148664613398,1.2603142986129872,1.471027470888158,1.0016836153756314,1.0322458472766145,0.8933321366798632,1.8830493368971308,0.9361217095171968,1.381754907488236,1.5100465865984056,0.8877757756209673,0.9862927000693582,1.3072002066645867,1.1089880733531798,1.3025977258654422,0.9246182623622743,0.8568013350814503,1.1587700340839275,0.9947171196448383,0.9488021408528108,1.2088307772353666,1.4248542805591997,1.2525332194913772,0.9268542607307793,1.1407111973476143,2.045672814203267,1.2023508229592839,1.0404760082052364,1.1319625437328917,1.16707399384117,2.1645672980326394,1.4477774277926239,0.9711490772244958,1.0852191870922716,1.1954862733806761,1.5631372748872727,1.3485223306027616,1.2938652837248963,1.1516757798639907,1.031450822664787,0.5894132086245204,1.1219425551382614,1.0799808400634114,1.0525296977097482,1.1743759089243608,0.9325833937500492,1.0864640040942248,1.474763518177709,1.3780981415280724,1.2802278585513838,0.913535486286292,1.8015416643044027,1.2699186167705752,1.350039742093203,4.380956910080344,1.748377134744194,1.144542051919168,1.530091088134977,2.0184990572413666,0.9433793877949206,0.9235116878239498,1.252357727043404,1.231794180671353,1.1287355078818242,0.9476723094046926,1.1019399482477255,0.9012313828610203,1.123988314660786,1.247753510111995,0.9806308122933654,0.9711136135571402,1.2306219619224827,0.7975382293067075,1.1215489542371864,1.193143089829214,0.9976741053185638,1.0332448745045308,0.9949688233663245,1.0090427390162489,0.9918631875478566,1.2071790873310417,1.3187362716413553,1.0721376368713063,1.3858348864205905,1.8851458859441825,1.3436876421719692,1.1284649545934444,0.8904869267093252,1.4067989486221457,1.1398201511548671,1.0191936441071283,1.036340216539465,1.2487331267781556,1.1083339973149244,1.4354911167172042,1.402558078699875,1.1073064283264742,1.605119590023285,1.2774779520829338,0.9622286627027149,1.1822608574613114,2.214217150927275,1.847773793449845,1.1103284104377802,0.9522675719619464,0.9461471269730821,1.0328273299954502,1.0211094514874246,1.0127493889815042,0.8909396035967367,0.8660686242224467,1.0839122460311843,1.3090941216982397,0.981322335423431,0.9140970958052579,0.9319886697431348,1.0198746096885989,1.2336642776622952,1.6684534669151234,1.0992958990692885,1.32996754059278,0.8946880688421714,1.076390871252471,1.4615762198614832,0.9287711251655659,1.2749967730391993,1.2212427390812595,1.0282598665224467,1.7627252224321759,1.0101949591682216,1.4856940829197391,1.3234008374975887,1.2577513694041127,1.349699985395829,0.8342867550089663,1.1483710315305364,0.9100156343397782,1.1443911256788857,1.1836257316212122,1.2598228672396439,0.950659699439568,1.1140623103304266,1.5662759016850094,1.058949571506647,0.9185770635292512,1.0526054097632738,0.9311160439784565,1.298034406373179,1.101601190467766,1.3818442662950055,1.4844673511107582,2.3397412997993587,1.3088507837692176,0.9793627611671141,0.8726291518099577,0.9952924759621864,1.2494537682386921,1.3327239961665176,1.0050599518047634,0.8866371354628604,1.1350836865771512,1.0018147651117364,1.1585768149705296,0.9696188341468442,1.080081119276324,0.7646211324856462,1.0875866603942093,1.307753743766864,1.3145682162354508,1.0508629258216549,1.1966169411647867,1.167123671834176,1.105938093338082,1.0917203287846409,1.1680101197487227,0.9925196891824641,0.933947761426774,0.9636905353126931,1.2018229497931827,1.2558143166172038,1.022346965886594,1.3519888102654738,1.2672483609204601,1.2025542793715553,0.9843543862139441,0.8547633077260484,1.3851019571969911,1.2264832711562645,1.0897313078671234,1.129211293497847,1.1117612825926004,0.7871338406023108,1.2244342866790094,1.2579142744576393,1.107785223387653,1.033955871106084,0.9110067652821582,1.1150099936950235,1.1177006769486475,1.1092997767629047,0.9186997213633693,1.1712019211475335,1.0496637187942852,1.162886032343021,1.2243769871984471,1.0900424966730382,1.0359443812449338,1.165248230543153,1.1912905702581376,1.5017703430987632,1.110797823118629,2.942515702517512,0.7300317505339367,0.9795818198466271,2.3093849197680214,1.267797234264366,2.2619822856761838,1.1947700540007409,1.0613384817701679,1.3586878931030149,0.9787886921989236,1.2112851440970225,1.4834469073179701,1.8424027805080558,1.2836824071735058,1.3778254661561635,1.2279332413538735,1.6179429469166786,1.070872100940694,0.9058540446731235,1.2699099233620301,0.7419005532471068,1.2317166413670173,0.9202532302335578,0.9939437918835381,1.77106012667595,1.1551422318444091,2.61069635553105,0.9816843810713657,1.4284584120223223,0.8889598604351494,1.0139904092486824,0.9640163503138359,1.2549091048569427,1.5128252670251627,1.0555944076927473,1.0856766110719205,1.092831752891816,0.9817128883448684,1.2174811350532342,2.6028179872689274,1.5610495535571864,1.9360729097299056,1.9996726751755947,0.7342518871816983,1.8170013159771017,1.5706252260838747,1.3998686469258113,1.2034109141565201,1.4155466822148255,1.4149311854234017,1.4392417698885622,1.2640578092919328,2.0414068241709025,1.2679449825950022,1.7410151040865032,1.3831105238965833,1.4463725283581157,1.8480257650710992,2.6697375910672365,1.3185840255413932,1.4651798756681762,2.366645866450413,1.6925141864106452,1.125227199956044,1.158643206584394
1.0,1.0,1.0,1.0,1.0,1.0,1.0,1.0,1.0,1.0,1.0,1.0,1.0,1.0,1.0,1.0,1.0,1.0,1.0,1.0,1.0,1.0,1.0,1.0,1.0,1.0,1.0,1.0,1.0,1.0,1.0,1.0,1.0,1.0,1.0,1.0,1.0,1.0,1.0,1.0,1.0,1.0,1.0,1.0,1.0,1.0,1.0,1.0,1.0,1.0,1.0,1.0,0.8670077023257601,0.5726483421636474,0.4557329750071718,0.858124727086625,2.5089626939749796,0.9773165441455617,0.7936344300998595,0.9188977089116446,1.2226067841390027,1.3574910283392552,0.9824803413425856,1.0557541785300222,1.0999216585867908,1.1378232294318362,1.4082238390589517,0.868886809654899,1.177807909113479,1.0143699957615375,2.0035097742717656,1.0554382824416395,1.0206343139903797,1.2462000492401661,0.9775115828010066,1.2889488577315227,1.5542041354739862,0.8849622809640244,0.9467882149276903,1.0352556172930236,0.9676340719662311,0.8935718227083633,1.0860545498616907,0.972352101068559,1.1739919894413307,1.0645117693294233,1.1119796644476936,1.0639124054862035,1.9246436401135374,1.4609277641844773,0.9676923835818575,1.199838243540519,1.305412142650915,0.9911271895424444,1.0292240722692647,1.0012059298413605,1.2782256104360918,1.1356879053163795,1.2064510076104988,1.057650506416035,1.1324341671512164,0.8335586810978843,1.1653575656395851,0.8713096044360973,0.8967216054907063,1.0124527092039566,1.240331106141566,1.1095436836696695,0.9859441266957558,0.8376377517368068,1.1368868276856525,0.9586463252543286,1.3386988167385068,1.278614907248032,0.9646060627481223,1.0983107270460983,0.9451535640300948,1.5234627086175865,1.2907391380164577,0.7383881346828853,1.4285737525938151,0.9295300383774935,1.2872643500011578,0.826152087870205,0.9846460388500677,1.115250778440295,0.9592773951514528,0.928746353486948,1.0551683546230384,0.8295721579955517,0.8321476507276717,0.6981380025025471,1.1817495742468203,0.923042783839224,0.7842686498146686,0.971411292009146,1.0975966935451402,1.104109517900147,0.9086347221054472,0.8968551385640162,1.0598440282131045,0.926294501696656,0.917113977274209,1.2125691081046204,1.3080616768731717,1.5306855536115458,1.7190614235101431,1.087829004726387,1.015968326960085,1.0457456683322781,0.9475692359777232,0.8567352564845714,0.9689671856477807,0.8265447702214506,1.2986955777830427,0.9306289455699097,1.1915925925064779,1.8949436728664866,0.7678915057995905,0.9312309751430579,0.8934116364800361,1.0696498672506731,1.4009418945490455,0.9262664483361687,0.8817182437494576,1.1858219513968327,1.10441410520403,0.9967240437630166,0.9837226486785962,1.0672212343466985,0.8681734666810691,1.0285429459600581,1.5761149854744876,1.6236981447473047,1.080774836463962,1.070128133131802,0.8170133852606862,1.1456811293211966,1.3341135038763912,0.910455554240667,0.9394794280965653,0.8111073757069992,1.714884684312604,0.8516652139421363,1.2558944113010817,1.373101195277659,0.8078264837316265,0.8975637743268948,1.1918330914471345,1.0072095526620524,1.1833942388494156,0.8398251803229335,0.7788121957604788,1.0538801791909915,0.9040040041034515,0.8644685920513289,1.0992452420961536,1.2970314478264808,1.136680804761988,0.8408065282975945,1.0361136775347513,1.8606932404386405,1.0931461129351827,0.943089002948389,1.0282348390139875,1.061262371169106,1.9684534541190186,1.3091777274758256,0.8805784517797117,0.9852480127415406,1.087705507960259,1.4204953365073172,1.229187999065934,1.1772663455008026,1.0471087881541847,0.9383993846230736,0.5356248385036562,1.0215775288780533,0.9802213162788312,0.9564209506010154,1.067121146882603,0.8460267993644566,0.9864339262714019,1.3405315167987997,1.254956130697881,1.1634701089280024,0.8302888066390821,1.6365899167710127,1.15670812524997,1.2287621986971033,3.910298169374709,1.589797192021034,1.0387660615117653,1.3827852691149092,1.8364857259913712,0.8567933674509851,0.8395640058956282,1.1389484941290902,1.1196079982247134,1.0255006669224604,0.8615397472151952,1.0016686641091708,0.8190275662331227,1.0206040228916018,1.133927114141385,0.8894613451632122,0.8815709297399416,1.1178921690966594,0.7227223999811591,1.0180566495323617,1.0848229750000025,0.9055249137813737,0.9369135529261337,0.9035109681889606,0.9160388547305416,0.9028753111761072,1.0977420629766295,1.1994603160242097,0.9731475826333305,1.260697524759254,1.714265489200316,1.2210673172242719,1.0260506045104298,0.8082379677078684,1.277968084368677,1.0359317921919755,0.9238789885002712,0.9410127741675016,1.1384291235059543,1.00715241410107,1.3049791637657913,1.2741683100359886,1.0085796824652777,1.4596169064454974,1.1575512539014636,0.8744440146279713,1.074426981760168,2.0093030816832487,1.6803772794246952,1.0100710523873573,0.865817154776574,0.8590367163548805,0.9388192101450531,0.9257764456480853,0.9198065537515516,0.8087166299012433,0.78693545773645,0.9865234675297369,1.189999182700119,0.8921777865166172,0.8295960858907672,0.8462421198410792,0.9263765359564411,1.1226316350975674,1.5192475878661875,0.9999616110176404,1.209296760354141,0.8131932611833825,0.9790138005519154,1.3221377819383537,0.8420391833423475,1.1591293270941894,1.1105854043267382,0.933116692703083,1.6075204867794124,0.9180594926926346,1.3522126479915006,1.2033529256055218,1.1433692519155265,1.2250351846462788,0.7571961355945763,1.0436258680181825,0.826559110557806,1.0373443564069298,1.0756641787462902,1.1446001820545466,0.863727982189173,1.013584581269138,1.4245317461524243,0.962152683109121,0.8319780908890726,0.9525531115403865,0.8460299288764728,1.180098208872812,1.001424929261617,1.2557299060017093,1.3501056492993204,2.1238339494812193,1.187016838891044,0.8893525045956693,0.7913928200839742,0.9040201708502632,1.1373267715054363,1.2120084011843835,0.9130531354690867,0.8050067860832004,1.032741461172672,0.9084576985994028,1.0528623476956849,0.8820088119012981,0.9802989404213466,0.6939784514151465,0.9927395184290413,1.1859472995338836,1.1961954211593504,0.9537300275444447,1.0869514618406095,1.0606569310368004,1.0041561677794049,0.9924491203568634,1.0615792977160265,0.902089384906674,0.8486486797041897,0.8773014370163013,1.0952414185970683,1.1360188068123578,0.9281873394452245,1.228967536427725,1.1556980279625044,1.0929929457193885,0.8926955069730935,0.7755141595092697,1.2583435068235784,1.1113784820632397,0.989610376326943,1.0227971788004893,1.0082864922191166,0.7144761755813241,1.1125540635932003,1.1351525034137468,1.003890800519088,0.9366226542258045,0.8261087425677329,1.011954112897774,1.013611137674929,1.0074359964100297,0.8351929671953466,1.0623782182950818,0.9507665615423122,1.0536307256994006,1.1064847035754668,0.9857141733344037,0.9363199038753074,1.057222837926827,1.0799513882189338,1.3673396637716722,1.0071522743620847,2.6782505142948914,0.6624166998771885,0.8876299455919753,2.0980555023736915,1.153729262978092,2.0605051574372926,1.085062478398534,0.9621616201980363,1.2338210194924115,0.8892732742901706,1.0994603140898205,1.3453676125581453,1.6669024625650994,1.1651105467537948,1.2515315998362466,1.1138704456540474,1.4610789861657005,0.9729991959333925,0.8222131213087196,1.1512920355245413,0.6715690382075425,1.113845732879446,0.8324928287737661,0.9012257373876682,1.6048632791230983,1.047334901523527,2.3667861217854047,0.8924484122352183,1.2975043079481072,0.8074536828606217,0.9192910252957742,0.876027733749652,1.1405583549965737,1.3744731040069773,0.9589176225549123,0.9867301662287924,0.993480656926955,0.8892301146721182,1.1071602506125966,2.3621591340393517,1.4180237410339447,1.7698659833020103,1.8182314813120555,0.6658395201111207,1.6463523738749748,1.4276216433284652,1.2721094226131555,1.095664385623654,1.2868338074053531,1.2856347411773483,1.3078286690781415,1.1505297954873215,1.8514051128115847,1.1479935735273665,1.5809628585418933,1.2594834518561153,1.3141333970759819,1.6777328633584787,2.4013843421564895,1.1933865716858238,1.3311909394356563,2.152415653148692,1.5390552939191346,1.0202346996053642,1.0519315991488383
1.0,1.0,1.0,1.0,1.0,1.0,1.0,1.0,1.0,1.0,1.0,1.0,1.0,1.0,1.0,1.0,1.0,1.0,1.0,1.0,1.0,1.0,1.0,1.0,1.0,1.0,1.0,1.0,1.0,1.0,1.0,1.0,1.0,1.0,1.0,1.0,1.0,1.0,1.0,1.0,1.0,1.0,1.0,1.0,1.0,1.0,1.0,1.0,1.0,1.0,1.0,1.0,1.0,0.6598656864520532,0.5249460697366418,0.9882748302547595,2.8708155035448244,1.1268672608966996,0.9136012183367201,1.0583986024323349,1.4057811536213998,1.5675836027586647,1.1295912982743497,1.2145131427206777,1.2651651029551316,1.3102817686247767,1.6195739138362213,1.000729568654244,1.3515346815686007,1.1667656592276083,2.300734908134065,1.2158390071264709,1.1759419754689766,1.434796407604421,1.1242577958416247,1.4829378379521523,1.7873080923310563,1.0195227739647865,1.0902720314647105,1.1907648217269247,1.1133817101360994,1.0279973395332378,1.2522660095738976,1.1203447394283814,1.3505925012763655,1.2239743407420907,1.279049615277767,1.2287978280387706,2.2105495294395974,1.6801949050723537,1.1147020134808578,1.382071999645495,1.5042503854808804,1.1425361056176948,1.1854572520602953,1.152438824671139,1.4703781785653398,1.3063185718566217,1.3923758525613348,1.217364634317211,1.3031199378912688,0.958985545345943,1.3401688191425383,1.003727648812474,1.031905129243214,1.1642545846802088,1.427943853699913,1.2758012221489174,1.131739872209347,0.9621487430174038,1.30844675500256,1.1031123364861957,1.5404025287810406,1.4646384389883147,1.1102183029740893,1.2629708120619636,1.0876667786825984,1.7517751660268832,1.4822417057475443,0.8499571939484503,1.6451454284382447,1.0707412260573625,1.4823121485517539,0.9503685210438938,1.1345493992448143,1.2834572020510997,1.1035615934755245,1.0694914911801745,1.2131188646536004,0.9550652929285376,0.9576061327316713,0.8051507671095548,1.3570575527046433,1.062588202109555,0.9033922246723898,1.1161852287078617,1.2632692198206557,1.2733464428585415,1.0448045140327393,1.0328452663480465,1.217931152127897,1.0693140996768231,1.0559630224839573,1.3974034077262332,1.5037497256093815,1.7631120148687005,1.9829666261250856,1.249737097500843,1.1705477704610274,1.206435879658934,1.0869528151800316,0.9882056274209687,1.1152870709839668,0.952871475672949,1.4929592450649534,1.0728588003064772,1.3747792151689489,2.1785838599594527,0.8836276083681451,1.0704190578672215,1.0286189944803366,1.2316581817863033,1.61201814037433,1.066785226175371,1.0104459729740067,1.3667604965980782,1.2706228187124071,1.1477123357967163,1.1328573320619792,1.226547034283828,0.9997590268907269,1.1833721667798656,1.813722060928715,1.8665885108735325,1.2446097083479142,1.2345656487966812,0.9410912493413364,1.3176810770089555,1.5394058289281756,1.0475612476780745,1.0789140664941161,0.9345257010238814,1.9679201298417506,0.9784236399567898,1.4450031883132344,1.579085470409675,0.9281278457224404,1.030976325679491,1.365780899570141,1.1600517483303636,1.3627480305354125,0.9672129539412417,0.8960283093937942,1.2116180033790287,1.0403310605551683,0.9911698457640887,1.2641849810269323,1.4893281162866525,1.3101010426949236,0.9700224964657784,1.1929759142355025,2.1397009515455867,1.257068204823459,1.0892020500610178,1.183698366486064,1.220146131825769,2.26329897849679,1.5170514739424221,1.0167001718074977,1.1352290593262409,1.2497241417282923,1.634825126845071,1.4085207663486248,1.352411199901286,1.2039959075455395,1.078510418724917,0.6163305968410393,1.1728897537344845,1.12999800435235,1.1010173513482362,1.2282013470959352,0.9758174836788791,1.1369861798948337,1.5423085693491316,1.4401847089611663,1.3385717436172468,0.9555173503654775,1.8840872003635634,1.327312111843848,1.411206213996043,4.607998124749802,1.8275797864163317,1.1978197627040883,1.6036751580547803,2.1108471384693788,0.9866398828670626,0.9655135728050739,1.3095980923210524,1.2879903842243476,1.1806997583690872,0.9910176400314491,1.1527706040431291,0.9424189534368154,1.1759747233073479,1.3051664226320034,1.026132503700607,1.016079925432727,1.2874250413615766,0.8349717003582393,1.1734520666928263,1.2475715801292824,1.0440471370211102,1.0815173294268359,1.0409315809087278,1.0557450984705254,1.036787368033269,1.262030770700402,1.3790609644033465,1.1218076463341191,1.4493100867131603,1.9712144699252578,1.4053082471528247,1.1798025829804928,0.931658288277662,1.4718317795588653,1.1917916998875695,1.066100884379444,1.0841240501710097,1.3051344794240143,1.159355208682277,1.5005182789332188,1.466942710394282,1.156912150362297,1.6787001721139378,1.3375434188360786,1.0062100404997483,1.2366087847788998,2.3184505662974235,1.9319743836094805,1.160563067043333,0.9957828839239384,0.9900745835529539,1.0802308345710947,1.0688173939353014,1.0593055763744232,0.9321793800520538,0.9056458229395603,1.1328797430658344,1.3691487691465636,1.026144394390239,0.9566087917430142,0.9748535398385938,1.0666818428553761,1.2894703282033615,1.7437742093056352,1.1497827898457258,1.3907365260243982,0.9358185812638645,1.1251326103362478,1.5312392566705828,0.9720800477771323,1.3333539151725358,1.276666501828098,1.0760588827183986,1.8412420306841457,1.0567053961706097,1.5533111146649292,1.3835553689073339,1.3152081673027325,1.4121577683027933,0.8728813024086768,1.2007863348243601,0.9517352190817696,1.198000864391815,1.237622411330479,1.3173844171417235,0.9943368353612958,1.1646581979181132,1.6378151907216982,1.1073543767959568,0.9615790943982506,1.1026081419107627,0.9740777228128414,1.3574515468339117,1.1519746397785837,1.444870769891573,1.5524979347473495,2.4476420506634087,1.3701284888951593,1.024590879064289,0.9131615245634548,1.0410574524050091,1.3056997633730272,1.3934824155084669,1.051259078974259,0.9275465124741507,1.1863014445447844,1.0485858704054345,1.211957584597228,1.0134759934038993,1.1301504426593387,0.8002763803387718,1.1359667390060064,1.368771439382908,1.3744269632217079,1.0993265719936582,1.2516026209879436,1.2209622547218497,1.1568178498232262,1.1413646087225628,1.2211809901728028,1.0379522747867347,0.9764725316121383,1.0065586405097502,1.2558076237081333,1.3156899041059988,1.0694848387837044,1.4140422109431623,1.3234507381629599,1.2573715018095517,1.0302593450912352,0.894326980266104,1.4489170220720526,1.284299975760415,1.1396818230827077,1.1825025034487473,1.1635908203764624,0.8236436502480766,1.2809269030669628,1.3205583720737915,1.15980092819826,1.0827244218310819,0.9537424322133132,1.166777474645081,1.1699193034936854,1.1605143368948674,0.9609369964998199,1.2254270341325635,1.0990192115946908,1.217789645071952,1.2833914576406795,1.1418369606960361,1.0856131451698596,1.2193464583174554,1.2468446508492197,1.5697484890401636,1.162716516336667,3.077877323177899,0.7638723792602058,1.0259356723063948,2.4145985916855772,1.3254834382585226,2.362960707117014,1.2493543664833606,1.1104652261037586,1.4215768028468259,1.0236316182516998,1.26658820708019,1.5527849707647767,1.9314622618719655,1.342880133216111,1.4404089629605612,1.2849686417479202,1.6959485207249807,1.1198035680305534,0.9479040672829437,1.3293736253908786,0.777137619306833,1.2905235736422291,0.9641796096906938,1.040448037816093,1.8542198261405711,1.209247201760363,2.7345902161516804,1.0264554222670692,1.4942020596673167,0.9298946127458094,1.061840546111244,1.0080432336020744,1.3122845845942805,1.5822491794704099,1.1039758340570445,1.1356428028625523,1.1425034076642264,1.0279821424631161,1.2730511842853915,2.7227356134671146,1.632314160261785,2.0192775264137706,2.091262553566236,0.7685667915379184,1.9028152086618424,1.6430667792998912,1.4641155218674382,1.257613070060278,1.4800718358804643,1.479360623685976,1.5050394585376954,1.3211282442399126,2.136711429281461,1.3274736869928447,1.8226475137363194,1.4453888865873883,1.5127476391423773,1.932786617321935,2.802795746769211,1.3811121415799195,1.5322781024662049,2.4736649936863007,1.7696775946704224,1.1780230283222601,1.2120868548991162
1.0,1.0,1.0,1.0,1.0,1.0,1.0,1.0,1.0,1.0,1.0,1.0,1.0,1.0,1.0,1.0,1.0,1.0,1.0,1.0,1.0,1.0,1.0,1.0,1.0,1.0,1.0,1.0,1.0,1.0,1.0,1.0,1.0,1.0,1.0,1.0,1.0,1.0,1.0,1.0,1.0,1.0,1.0,1.0,1.0,1.0,1.0,1.0,1.0,1.0,1.0,1.0,1.0,1.0,0.7955754798830521,1.4982307878443382,4.360271021201399,1.7072301724229748,1.384967883636966,1.6043184137518733,2.131625363254434,2.373668685648054,1.7132026989497469,1.8418039143403686,1.9182260206687731,1.9864176871243704,2.4557403244729494,1.516817221156364,2.051097651323105,1.770012692071276,3.4910892072671063,1.8428410029559221,1.7818809311873238,2.1747459947962913,1.7044940502120074,2.2486274861004096,2.7106718561877328,1.5451697270492741,1.6526134837471536,1.8056741517358663,1.688178388603608,1.558334717722989,1.8973618018114646,1.6975717217743076,2.0475353365179116,1.8560571637894117,1.9397315890001225,1.860712371731028,3.3548300073966004,2.5487452379423567,1.6892005136086137,2.0948151533924295,2.2798019143512187,1.7313354710904472,1.7970499410605916,1.7469541311729966,2.230156607451707,1.980819758745309,2.10921541677736,1.8456201273730746,1.975787392318876,1.454047841859954,2.0322956750839767,1.5212117966878134,1.5642672324854279,1.7655874224143808,2.164656841141949,1.9347861265701984,1.7173610075717198,1.4597522780699466,1.9841774482723769,1.6722933804054905,2.3355086916022456,2.2228774440492316,1.683216343152478,1.9155352214057189,1.6490091390039505,2.656674971614541,2.2484760010472895,1.288360806768734,2.4939268279231612,1.6229771824942025,2.246362125060016,1.4410098849907476,1.7192890553548552,1.9458376768554548,1.6732086863557014,1.620935089847407,1.8396221151032415,1.447617683403559,1.451701111180118,1.219841952726739,2.0586488220906842,1.6110481002252464,1.3690659573869353,1.693027227175638,1.9151983313612313,1.9290656192894766,1.5842925390782427,1.565356372633736,1.847500966428247,1.6194562947032187,1.6005896156051054,2.117828741835236,2.2808351920879253,2.6723077497709973,3.005097565891048,1.8957489992297825,1.7742159440141188,1.8278843442007249,1.6499194193741464,1.497238417553096,1.6905954714497335,1.4437807181774276,2.2644615269738084,1.6255962726167956,2.0827787721171034,3.3035531439482284,1.3396929608724544,1.6233629892772554,1.5593242806896648,1.8671249212074839,2.444201663518726,1.61689356747142,1.5342726379231997,2.071954944334334,1.92629001066802,1.7398752921330072,1.7172496280943634,1.860462463630697,1.5153421709928567,1.7944044284704923,2.750021801143073,2.8318949352086475,1.8867172505448653,1.8708204232727597,1.4262643682293406,1.998033635700927,2.332054620686603,1.5883130302591768,1.6368352818519116,1.4162435920008107,2.9863927730792623,1.4840567352766045,2.1909352401425473,2.3949510916404453,1.4079437625766118,1.5641213435780856,2.073476885526942,1.7579272829963504,2.0657359717280954,1.4663233577835508,1.3584622345951922,1.8378392163208126,1.5774517383462008,1.5044777926187023,1.9172961187464919,2.2588994672309286,1.9852434745969603,1.4695259243585248,1.8083029654560354,3.2449196271866714,1.9062670051380644,1.649610984421475,1.7943913135365037,1.8504444613768427,3.4320534793635242,2.296327573274826,1.5402513898545869,1.720287336997432,1.8958163794700251,2.4781619837704874,2.1383644653618155,2.051430841204936,1.825665330282314,1.6360657255649653,0.9344392979141029,1.7797732545782972,1.7120871366956023,1.6692762224269155,1.862221044039632,1.4783547558666306,1.723128975419336,2.338648200779746,2.1852265909474604,2.029482330798654,1.4487228612783247,2.8560842951276078,2.0143061767977835,2.141167253676289,6.9400524473761065,2.769446290556208,1.8146355483967234,2.4243881760262154,3.20242795819557,1.4954580797942685,1.463786230343707,1.9858270515574032,1.9528418455935068,1.7896959746867416,1.5027556847345376,1.7475760026343758,1.4287571402744121,1.782291876357165,1.9787761501043253,1.5542315109610674,1.5395282427260297,1.951847380613831,1.2642522181027007,1.7783896290732852,1.8921262516800423,1.5817195308014007,1.637971461250701,1.5773078555824294,1.5996090177352442,1.572967629487684,1.914093665971785,2.091480644470752,1.699554743782214,2.197925665480711,2.9903091536568893,2.130661446035312,1.7890508242618495,1.4117566749479993,2.231055263689742,1.8070918418564852,1.614488756594033,1.642977470019998,1.98153320238897,1.757292294476942,2.2753757637431606,2.224082080666962,1.7556940769727034,2.545603712802342,2.024992366777809,1.5254514637142766,1.8749382024579124,3.5143272635576954,2.930522575436116,1.7603869774525145,1.5100184641844487,1.5006038997433326,1.6377395292122914,1.618521690413371,1.6054904627017121,1.4125737215848821,1.3729034713053891,1.718881963705337,2.0763254994498985,1.5559757272924055,1.4495401348212265,1.4771777947894675,1.6164692923331072,1.956071039662168,2.645969908036019,1.743910537198976,2.1091943580105665,1.4186197011730033,1.7062151206399867,2.317942174824376,1.4718962184537108,2.0219271997295625,1.9360801686730686,1.6301806141054362,2.795985457316956,1.6018604837072024,2.355742186781602,2.098212523982898,1.99445602253493,2.140898913811424,1.3225869245468045,1.820583933959884,1.4424317950032837,1.814091064051806,1.876582696040296,1.997230999568092,1.5072068045638427,1.766692757762922,2.484421687437848,1.67844795650397,1.4556730837727292,1.6687313272637292,1.4766009362563381,2.0583186128767617,1.7469052780816747,2.190696971842847,2.354144369245613,3.7095912833645297,2.0750031801991944,1.5526928332291337,1.3832768001587252,1.5778653378350125,1.981003201349711,2.1135259837290943,1.5934787744372867,1.405731132602905,1.7995979759018863,1.5884009196259017,1.8374384430337254,1.5371546281686777,1.7127160852347343,1.2124239776706134,1.7251077092233467,2.072951640746896,2.0845572380428763,1.665618575130963,1.8970861901060478,1.8512152284743786,1.7529101537741798,1.73072993952073,1.8513139084516292,1.5736602025799122,1.4801667233478897,1.5266653634630711,1.9058585408039583,1.9901506162738558,1.620771999766403,2.1442924542479864,2.009851840728959,1.9065773704565332,1.5604675932121643,1.3550613250693497,2.1963364475724543,1.9447798296984335,1.7275189547890721,1.7903896042354188,1.7624210805594895,1.247884603480442,1.9417129074941912,1.9969172721571011,1.756482045968625,1.6390629645368335,1.4439748382366437,1.7680407308505148,1.7721689559306157,1.7587561362594561,1.4571821005102552,1.8563885713562258,1.6638217296654463,1.8439639965287395,1.9407185718885969,1.7274239232222053,1.641787403713527,1.847184186010801,1.8887234227031282,2.381513775634385,1.7606456323769772,4.669531754615493,1.1573588536869495,1.5535744464915413,3.6621145697751345,2.0106344938214296,3.5866143347537722,1.8938141701151743,1.6817236953459678,2.1546776770358287,1.5517607404619342,1.9194284618964326,2.353029297251037,2.923824769195256,2.0356022754646044,2.183015049250961,1.946296354614112,2.56581772866887,1.697805249093548,1.4366923672821523,2.012601537661699,1.1762374256789927,1.9531886495639164,1.459084894401725,1.5760036407738345,2.808549011590794,1.831486917759527,4.142508892163786,1.5562466139551563,2.2646120006839596,1.409306563848262,1.6074536621190565,1.52820162549087,1.9895708912729737,2.398696721808964,1.6735391839571971,1.7217618637311076,1.732353588610174,1.5565831023175956,1.9307604485846694,4.125375544708106,2.4744997823435644,3.068508581280999,3.1696113675685287,1.1640886973456759,2.882597224491156,2.491562757737465,2.2197759814509164,1.9081535471458424,2.2444260426860474,2.242670648634599,2.2816873877199146,2.0039006882572536,3.2371432863879153,2.009695444215091,2.7621783561434747,2.1935976362165124,2.2933705252938923,2.9289213464784614,4.231969490671821,2.0906112437322006,2.322832351286865,3.750825416714851,2.683841606458506,1.7846849395140851,1.8366663871848
1.0,1.0,1.0,1.0,1.0,1.0,1.0,1.0,1.0,1.0,1.0,1.0,1.0,1.0,1.0,1.0,1.0,1.0,1.0,1.0,1.0,1.0,1.0,1.0,1.0,1.0,1.0,1.0,1.0,1.0,1.0,1.0,1.0,1.0,1.0,1.0,1.0,1.0,1.0,1.0,1.0,1.0,1.0,1.0,1.0,1.0,1.0,1.0,1.0,1.0,1.0,1.0,1.0,1.0,1.0,1.8824881903066157,5.491258787511556,2.145533286798253,1.7409672845973208,2.0160542945100484,2.6805739761829086,2.9830044423333524,2.1538080409561537,2.3148247401577366,2.412316127899387,2.496199775422328,3.088095977699827,1.9061272212200135,2.579368847284104,2.2237488532695426,4.3890597499615644,2.316094176634695,2.2399147403353035,2.734077227167151,2.14366752359851,2.8267564591307264,3.407233551033284,1.942033490580407,2.0774839570493766,2.270168964102039,2.122157745305145,1.9596899857841201,2.3839830372068627,2.133913791664972,2.575177702998424,2.3341563322840155,2.4382061124563843,2.336897083182372,4.21724174053932,3.20219133903061,2.12316123892381,2.6323845935607726,2.8652982055555,2.175500529209232,2.257884349867168,2.1964952868404684,2.8024635697340425,2.4902375336377336,2.649495256826632,2.31996386811448,2.4838360426349055,1.8278615235642048,2.555351208049769,1.9119121288625864,1.9665167742902805,2.2196351368648224,2.721239256675982,2.432730737587814,2.159664941413089,1.8355905552440723,2.493123581776165,2.102787594313626,2.936467474732201,2.7995058149325858,2.11567160141435,2.40756308769082,2.073160141918388,3.3397480589797324,2.828707656359663,1.6197685744018433,3.1332607321107426,2.039587227250607,2.824082769782776,1.8116558850590443,2.160586013174843,2.4462360800186715,2.10379808326953,2.037730176216747,2.3135775645696928,1.820023841087353,1.825261045644988,1.5326202705279148,2.589790404123936,2.024503627185833,1.7210191630503995,2.129012740108309,2.407803104513744,2.423991028953722,1.9923998745211908,1.9676349570821858,2.3231155123468747,2.034295020465162,2.012009645240835,2.6611648626318187,2.867235495568606,3.3580215804731837,3.7739254525923744,2.384148403908105,2.229163842396507,2.295909532449188,2.075226280287378,1.8809242289734147,2.1255154418102755,1.814282052965552,2.8467365273199423,2.0427322488898367,2.616447608447045,4.1554857817339155,1.6839557054592305,2.0414503296901874,1.960018975077403,2.3466231333419465,3.072606376136541,2.0323674005664385,1.9298867310096015,2.6016951131187422,2.422140200217921,2.186364804864229,2.158396997310848,2.339263959230551,1.9048899118828015,2.2557852359599186,3.457171465099182,3.558957165422225,2.3711233927350617,2.3494203439018433,1.7928545938833373,2.512629803135357,2.9297004286450132,1.996564056019917,2.0587018475807275,1.7799714867788161,3.7561266591070166,1.8667351031925408,2.7545033416880242,3.010395223585524,1.7703410499263028,1.9667840613563987,2.6088570236934134,2.2101480317837776,2.595926863855432,1.8423855282379122,1.7078970274223946,2.310048943165429,1.9824375541598542,1.892955089604587,2.4100735650957077,2.841943338133033,2.4954381661913407,1.8461748168199417,2.273260591851813,4.078236354555093,2.396940312691801,2.071669197436797,2.2558785728171715,2.326888573344857,4.315918156683889,2.879908162514769,1.9339023392776569,2.1622699476707,2.383725331594487,3.1160278927103597,2.6906579199041265,2.580304807760756,2.296026098833653,2.0566138665997356,1.1747385861895245,2.2380658285791495,2.151607790789887,2.0977702942238294,2.34064234366188,1.8576647427759467,2.1646750959606305,2.9395430114128067,2.7491101099387367,2.5518573290994286,1.8207341263783934,3.590410789071684,2.533252360093284,2.6924891185724693,8.66761451945786,3.4865560716312403,2.2803100250514623,3.043948290194411,4.0241791637869575,1.8799474452335052,1.8409211822173206,2.496864500577679,2.4553899529617182,2.249419236330124,1.889128256701624,2.1964419487346842,1.79638887459702,2.239532236578082,2.4871348334660444,1.9528685668322936,1.9348698258342807,2.452199987918199,1.5878337677778558,2.2343289372666204,2.378307204023172,1.98761555646468,2.0576410884953256,1.9826275890511602,2.0103120203951494,1.9785244854073407,2.4068084634340545,2.629281633452768,2.136002868843889,2.7634864214251254,3.7579050499043944,2.6779658448616335,2.2498549544137463,1.774070571184422,2.803419923637784,2.2720491951842563,2.029514786621985,2.0650122042657575,2.491560818033999,2.2091021320201945,2.8617223097444704,2.7948430584151005,2.2086984482119645,3.200373460568718,2.5435260148289,1.9180250241463896,2.3564174789510677,4.4099783228839655,3.6840288738340243,2.2139935629814804,1.8984484438896727,1.8851069445136783,2.058854869705648,2.0333538938749807,2.018167894132916,1.775009862146098,1.726054065092843,2.1617021585078953,2.609301182208238,1.956419758431858,1.8210584150716815,1.856913543534512,2.03268273795867,2.460265076658912,3.3285247290448288,2.1916100198590254,2.651537991918931,1.7832958484927752,2.1461593039268587,2.907573791566967,1.849666153079676,2.5414266495476885,2.4349483967932537,2.0483291510897916,3.518641215624177,2.0136645805128657,2.963091659471945,2.6384433222109385,2.507277590320025,2.6882136033919775,1.662028392249747,2.288997590597811,1.8136008524489333,2.278900422355431,2.3590493583339667,2.510809748681707,1.8946420741490737,2.221520272912037,3.1227829646837044,2.1107227205193677,1.8284776496170152,2.094438883277299,1.8558386735552734,2.587593765553232,2.195906455476261,2.7543669115582743,2.9598856916346565,4.6618495912424684,2.606867916302434,1.951588843370528,1.7379447730928508,1.9834754053640797,2.4920716742580744,2.6567927851409507,2.0029452373298424,1.7665974562592734,2.26371137524531,1.9950175243108064,2.3091030011330598,1.9333782841082492,2.151526041113958,1.5232077138437066,2.1719946367054344,2.6046572608425365,2.6217082387723742,2.093764473059341,2.3846294410567586,2.326096188086913,2.203652865636666,2.1763410971328825,2.32825357823934,1.9784401648980527,1.8616404808404332,1.9223562833931136,2.3985173408493843,2.4985246582032112,2.0369867975494316,2.6951523291222435,2.5295714230111024,2.397080259735411,1.960501673388967,1.7025085629606025,2.7605885940327646,2.441639263725886,2.171110487202951,2.247759415776043,2.2143162111275743,1.5682156383595636,2.440571923147572,2.499376199152638,2.2053720221202626,2.058501686072226,1.8143484727878063,2.22120923815811,2.225865805688805,2.210441941713586,1.8313553758881786,2.3332186847547933,2.089215320046642,2.314833720218054,2.435411085724298,2.1685163249403403,2.0605179008804075,2.321110643009775,2.3720483327855337,2.995495329004713,2.2124898348574207,5.869922431594031,1.4542607283378617,1.950289868913698,4.601506859738368,2.5282752860573035,4.512760407170188,2.38076019972784,2.1132069283921098,2.7073027377234045,1.9507885187376448,2.4129679756816733,2.953617474523347,3.665120038198391,2.557109582085001,2.7462755096339624,2.4460761876832966,3.2159694263222485,2.1342405062348515,1.8044658875036914,2.528861366522285,1.4763356970094141,2.45011648714187,1.8309153589886673,1.9790802902499878,3.524985302489909,2.300288074673592,5.197924024620607,1.9570984500981172,2.846638681655022,1.7715937756355797,2.019240777643208,1.9215710788442202,2.5012886499029943,3.014923934522203,2.1033161517013923,2.1639963548994308,2.17835666502026,1.9539021468759055,2.4272391014060277,5.186011912502515,3.111288652963285,3.8675366177195634,3.9877556726209815,1.4622952114784957,3.616079401046302,3.130546425884268,2.790128428780484,2.400525477613483,2.8217859550174698,2.820472259195286,2.8687887665478122,2.521413568266546,4.065381431990639,2.523385620496361,3.4681228185604214,2.7591689577465592,2.8826272715924475,3.6819871718432484,5.3011506419272525,2.6232474173127116,2.920166544621383,4.717648178631601,3.373900369103427,2.240336718954845,2.308612685782884
1.0,1.0,1.0,1.0,1.0,1.0,1.0,1.0,1.0,1.0,1.0,1.0,1.0,1.0,1.0,1.0,1.0,1.0,1.0,1.0,1.0,1.0,1.0,1.0,1.0,1.0,1.0,1.0,1.0,1.0,1.0,1.0,1.0,1.0,1.0,1.0,1.0,1.0,1.0,1.0,1.0,1.0,1.0,1.0,1.0,1.0,1.0,1.0,1.0,1.0,1.0,1.0,1.0,1.0,1.0,1.0,2.9084010153000945,1.1382439156058624,0.9236039640812334,1.070146120604929,1.420808307200516,1.5812715965049162,1.1427473935064167,1.2288882627327153,1.2785022280338685,1.325599857709758,1.63698373999518,1.0116149246813841,1.3683716108309385,1.182525797713608,2.3295685333472163,1.2290739536083528,1.1872950604148822,1.449533486875406,1.1356186127984864,1.5000186168491063,1.8084757726881602,1.0303562919690807,1.101741712060666,1.204167674952759,1.1259982355818616,1.0382267201679207,1.2653359120528294,1.1315658216894708,1.3642367562157294,1.237424744111366,1.2944011084388283,1.2406993703704812,2.2402769905910747,1.7029177795465165,1.1258839269464875,1.397244510367722,1.520476084359126,1.154707390556685,1.1991270162856575,1.1645603476968578,1.4892211619788618,1.321001176354068,1.4069079407968563,1.2310623525222462,1.3176899944810052,0.9695527812056233,1.3552666503500292,1.0143488430928285,1.0427260384057622,1.1776816592120747,1.4434195858553052,1.2902487898343873,1.1460744632688742,0.9739911871640583,1.3246746012923476,1.1145580010254617,1.5572808336234765,1.4796092871099389,1.1229115067913162,1.278498986041495,1.0995935872554468,1.772425894486591,1.4984570216853343,0.858678400813079,1.6645099242249328,1.0829845973318202,1.4965129276532034,0.9609288967025692,1.1463182300273758,1.2977080998325292,1.115243502561285,1.0805796408074375,1.2262142552024757,0.964764934580001,0.9672782976287244,0.8134772935437401,1.3721105794926283,1.0749873697242114,0.9123212095630391,1.1285729116510228,1.2773229622668596,1.286125622257754,1.055640385969057,1.043174837527296,1.2322700268230342,1.0800686313281038,1.0671642341724539,1.4122240030443676,1.5219445272085315,1.7817239468578674,2.0065900310240243,1.2643045707023117,1.1838751106628596,1.2195390651234637,1.101163147261219,0.99875851425436,1.126793579668778,0.9626317559685194,1.5106897060593751,1.0841968477514876,1.389671557375876,2.201399088572537,0.8935510447914572,1.0825448009650258,1.039677178492198,1.2455166143135747,1.6302402952435215,1.0778646468927986,1.0242661873389936,1.3844864107230184,1.2839060458635676,1.160787280326933,1.1451915363931624,1.240652712101792,1.0102476856827796,1.196992620257846,1.834268064404837,1.892098969399283,1.2582322420249377,1.2493298114764355,0.9506696503031182,1.3321029095349415,1.5552941876152822,1.0592981490090168,1.091519620871547,0.9442944732280627,1.9921746605710036,0.9893105451869466,1.4603588425344864,1.597721251411909,0.9389059041507702,1.0436366086905093,1.3825815764511311,1.1712698366427161,1.37791252882422,0.9785966688955496,0.9055263181869713,1.2265641413258037,1.052670275119967,1.0034123158680957,1.278791010716143,1.5049603482220841,1.3238343592816384,0.9798344147844957,1.2056253145528943,2.165245617508969,1.271117871429524,1.1007502598878651,1.196406557409341,1.2339367732343927,2.287367360917622,1.535687772762082,1.0282095354650171,1.146827635240204,1.264310978225903,1.6511120280370433,1.4263016353186728,1.3678651240266029,1.2168035638692083,1.0920159264644638,0.6234072306887529,1.1875681229632427,1.1412653290666057,1.1137980552080355,1.242580723362316,0.9859353525783106,1.149984143458848,1.5601705296196686,1.4564077027605544,1.3530112313185616,0.966650549792186,1.9046353174550466,1.344171270423228,1.4284461673370958,4.6445503674770015,1.8413267686651975,1.20954245125915,1.6149476481185148,2.1390968155345247,0.9967779066000104,0.975355603309212,1.3236604802466692,1.3014396672553996,1.193453046930772,1.0023172835430405,1.1656023466470367,0.9524033646660854,1.1890946135454594,1.319649338334052,1.0361275868190472,1.0263399252257894,1.3028823859530672,0.8430078371679379,1.1864329663006745,1.26263298256257,1.054118827459933,1.0922081375889898,1.0510580487532293,1.066481590879698,1.0486205127996053,1.276322899333199,1.395301202317124,1.1327306513456685,1.4652906023455583,1.9967626769003868,1.4215038053574474,1.1923032555604007,0.941340796903595,1.4886272575401778,1.2050938657209578,1.075740830000037,1.095153770758833,1.3230868757589658,1.1717366478923976,1.516846172332096,1.4842516216697312,1.1711251353146146,1.6973358884043783,1.3500639878839227,1.0165885905464274,1.2510801456707559,2.350238097519129,1.9556660971216395,1.1736150394223965,1.0067609053838198,1.0013437989460123,1.0916678003485645,1.0788974726942606,1.0700603380412288,0.9420547120161846,0.9151498047288219,1.146509084752711,1.3861319600926603,1.0372210884765938,0.9668246152027125,0.9845759727503668,1.076772931518495,1.3039644142395086,1.7636514030884038,1.1633167034961245,1.407244430736313,0.9454287169449092,1.137179332796879,1.5485811301006538,0.9804045548436439,1.3488908634578818,1.2900381200369593,1.0867897103333504,1.8641665363939062,1.0675692314059952,1.5691559714263377,1.399088407021289,1.3301260561864183,1.4310703379173764,0.8818109767055556,1.2134340071183085,0.9610399091335232,1.2093952423373966,1.2516473818966882,1.3318990907563204,1.0046860691998185,1.1778944053110116,1.6578413064875979,1.1181964858494142,0.9701058358358507,1.1134375600478292,0.9844374434943088,1.3724465001061552,1.1654980370272132,1.460989671864424,1.569473131479696,2.4735030253225627,1.3826580814425131,1.0349785228350046,0.9226941266481135,1.0518130415198736,1.3205404315605342,1.410095667321491,1.0625608234914292,0.9374487427841267,1.1993028906008725,1.0598920182907727,1.2259957985458414,1.0245985450650466,1.143219077101671,0.8081708485157117,1.1492852286526927,1.3810887520302728,1.389213813050741,1.1103523549557082,1.2645026994698145,1.2357963810927486,1.1680059256360862,1.153778079071778,1.2330570185470089,1.0490961342695826,0.985882068112071,1.015806399348708,1.2693818499560081,1.3262337558553208,1.0807611351423008,1.4306643201132196,1.340619206804353,1.2714135209739608,1.0406661721505959,0.904055346873098,1.4639592000303243,1.2983519890755848,1.1523318653416537,1.1944920337610045,1.1750023896728543,0.8317900520210069,1.2945963333421968,1.3369796911395955,1.1722028106299964,1.0930584009212891,0.9618003435986193,1.1794206095733775,1.1821089101988327,1.1723932512391397,0.9723611917215658,1.2372470462342977,1.110253653565984,1.2306977272863275,1.2939953615947541,1.1519097765118025,1.094549819394285,1.231797384662424,1.2601834835025634,1.5876256196666219,1.1731561869981966,3.112239264265217,0.7717204794551222,1.0369935983967404,2.446588500177066,1.3404865419575673,2.3916354357380927,1.262859263444187,1.121183660664045,1.4373001678732646,1.0344025383922815,1.2794338913513783,1.5725207778522319,1.9592649518738765,1.3591394848509375,1.4529650877472051,1.297020857308583,1.7156277614626254,1.1323955335461033,0.9592237273896117,1.3406784171123274,0.7847692000144558,1.3053101196977204,0.9739559028687165,1.051822766899218,1.8757647255933776,1.221455244600455,2.7682892291454255,1.037063271541957,1.509281849538474,0.9391611152816166,1.0708171031211389,1.018438717844751,1.3266305973163977,1.5999838826222552,1.1166281987546065,1.1484838763003684,1.1553579403013385,1.039463908485744,1.2879265709932735,2.749778582226454,1.6496625236627547,2.044595047488779,2.107758232930313,0.7765244969515068,1.927700925160258,1.6633064533867898,1.4807794512408088,1.2716095264221385,1.4967378595102137,1.4940555114762137,1.5205979676483583,1.334717575811856,2.1605745344932465,1.340521781976246,1.8430907372530214,1.4635653331522083,1.5297764968331746,1.9523610484597211,2.827115258955726,1.3962723971553808,1.5485582298793956,2.5016288485551534,1.7905645350577122,1.192123485301387,1.2239827908568972
1.0,1.0,1.0,1.0,1.0,1.0,1.0,1.0,1.0,1.0,1.0,1.0,1.0,1.0,1.0,1.0,1.0,1.0,1.0,1.0,1.0,1.0,1.0,1.0,1.0,1.0,1.0,1.0,1.0,1.0,1.0,1.0,1.0,1.0,1.0,1.0,1.0,1.0,1.0,1.0,1.0,1.0,1.0,1.0,1.0,1.0,1.0,1.0,1.0,1.0,1.0,1.0,1.0,1.0,1.0,1.0,1.0,0.3788972911904804,0.30886641535715265,0.35643028321324033,0.4773017002946788,0.526124071546064,0.3832487961471537,0.4105572349370522,0.429624236269201,0.44180655527943347,0.5498637204578154,0.33673590740317516,0.4606672016363415,0.3938082897772629,0.7824709631817852,0.41001451819876455,0.39629636647692135,0.484853345253237,0.3818592646428898,0.502320527137202,0.6050463351427742,0.34368906847643343,0.3684834350093124,0.4036092850452625,0.376674873342053,0.3484267319455274,0.4201346423720954,0.3777776391607639,0.4587959700783691,0.4160274448811383,0.43304748820817607,0.40931998160616057,0.7516117078383711,0.5670787524785874,0.3756105204721241,0.46522491361898877,0.5071554632348472,0.38393629454889716,0.398798421271111,0.3902696950418238,0.49695168894828834,0.4423756052967518,0.46600664033258543,0.4116361953159272,0.441114824292525,0.3244494481284222,0.4549248074373769,0.3382778200630451,0.34895862309842335,0.3945191396547102,0.4828237113516463,0.4331472646297543,0.3859976435196363,0.32767672838989614,0.44114967418360207,0.3738763079615622,0.5222809345478232,0.5063512328917554,0.3751048124927525,0.42741466011277574,0.3683121044636327,0.5937422764189089,0.5061400720010395,0.28749477579051613,0.5530424045393897,0.3610387394491855,0.5004388873129504,0.322015382886101,0.38143348276629574,0.43441414925039645,0.3739297105220797,0.36126681744021616,0.4124693521127831,0.32294649811914555,0.32412855167175975,0.2700369712617934,0.4636282097832518,0.35840626504908424,0.30495197719342787,0.37924093662947217,0.427972038845711,0.4276711695175798,0.35498616745235145,0.34835297705112594,0.4141279278701576,0.357402071052049,0.3564952817191479,0.46997037968824085,0.509767170885699,0.5933806636549495,0.6636844743976684,0.42552359764058184,0.39337670146347514,0.40360581692620445,0.3720093876794938,0.3311469673234194,0.3773904193584534,0.3201926453222103,0.5062295622716572,0.3607284288644047,0.46099840933969216,0.7426557389580117,0.2987296846162833,0.36395474500867764,0.3473528461115203,0.41573564319604245,0.5456832090098963,0.35992745291299105,0.346405990154679,0.45754698604404154,0.4305416775189356,0.38689327136432056,0.38244243169724634,0.41676658358953356,0.33764246343006293,0.40096541153724785,0.6143574618985903,0.6324540345549972,0.41960685196397424,0.41321621649830365,0.3176606834992532,0.4479163612761578,0.5154061162953248,0.35429098995380637,0.36789405403366504,0.3148196873366122,0.6723152851462284,0.3336960957571295,0.4892574842401824,0.5346087233892017,0.3154697734057678,0.3509899032273867,0.46882379529730434,0.3917872460892323,0.4590331842214431,0.3257639105189728,0.3032835570751425,0.4102357000628734,0.35130023184438125,0.3401398614529041,0.4280963015349918,0.5084927027312396,0.4421665710683398,0.32485189382058177,0.40304231222132175,0.7229347303664626,0.4266817900646576,0.36325352033877356,0.40052822473437444,0.41469084350831387,0.7688190380478841,0.4994009386704159,0.33870738004937934,0.3827394957584479,0.42448945415101147,0.5543004009749726,0.4833744796843731,0.46148720382998953,0.4092810973973643,0.36588232250996144,0.2087459855567032,0.39989395512442916,0.379925558775403,0.37150796774457673,0.4154506223121297,0.3278858041131449,0.3815771820299101,0.521519435534806,0.49236988765531964,0.453922531788297,0.32246959057643776,0.6372616962054138,0.45315394976682943,0.4808005843446422,1.418834641595761,0.625058233799066,0.40215325411196673,0.5285602261811185,0.7144393708378434,0.3332726525233505,0.32768961373990213,0.44392963635728655,0.43646022015081376,0.39840015699915243,0.33563759145792044,0.3891642115662055,0.3192291260609753,0.3954387846621442,0.4410456360112431,0.34371587219444,0.341915612194609,0.4331880147199228,0.2781912488187521,0.3941707123484328,0.42235344861513674,0.3504447616271593,0.3616373050609078,0.35070208309953227,0.3551592596969983,0.35408264698301317,0.42866119136017844,0.46745463823449807,0.37713074596746143,0.491491036895526,0.6660519344837582,0.4748955977353919,0.4008065069087047,0.31325739113555806,0.4953312823279638,0.40414433944479716,0.35853228457601904,0.3652905742280187,0.4455092987336864,0.3921586458931288,0.5107885829599188,0.49459144691372525,0.39620492610423974,0.5685909351232163,0.44552748972141987,0.34087034989408027,0.41786982988276805,0.7722642545839133,0.6556885807845377,0.3949819200821521,0.3373688488254215,0.3323318166873247,0.3651683805513292,0.3571957639897478,0.3575713162451318,0.3134246608551383,0.30638781317927527,0.3862486583854015,0.4625419815205726,0.3481273950559638,0.32099463536493184,0.3288576092705806,0.3609361368086085,0.43941137084193793,0.5966374628522743,0.38836156589378606,0.4718942395794441,0.316071286455512,0.3831760904763353,0.5041023490475498,0.32542850568070136,0.4507859821532102,0.4340370867866347,0.3608569450926249,0.634391109074214,0.35701697371516045,0.5284016473690718,0.47010888458807937,0.44540326198490177,0.4728867450077078,0.29337553806377026,0.40677268104911063,0.32187144045511956,0.40012697412559634,0.41885762236593405,0.44585719314748734,0.3357915128941789,0.39575752670852127,0.5552168419931369,0.3752090335392548,0.3201525394343199,0.36431693315664604,0.32859882395723267,0.45941866350106475,0.3900430094333471,0.4900702773937834,0.5262209374520185,0.8245956240144932,0.4582047744371871,0.3452588429832579,0.30616137094080315,0.3515357114038088,0.44618286501751914,0.4723383087294253,0.3548458680614564,0.3122971739640642,0.40495117932844626,0.35041351836371637,0.40881868517707176,0.34513712864493973,0.37918040211688636,0.2680768251281783,0.3930146702820681,0.4586235212894473,0.46774654971079344,0.37090094809881635,0.4221462541873141,0.41153205867178166,0.39032284753832264,0.3875044947072459,0.41426449686055805,0.3513721744417517,0.331479038127966,0.34633482897287726,0.43114313690832995,0.43469512360973755,0.3602438598984856,0.4781958910498367,0.4568658825362676,0.42633803392879643,0.34484674428237483,0.3001878644023923,0.48904246503268706,0.4270391430691197,0.38444870606704284,0.39266894661843954,0.39000997439373686,0.2767879062605712,0.43256808742491015,0.4229693866668476,0.38576768746074847,0.3606173974208033,0.31907417813689387,0.3913671566265804,0.3909419236686773,0.39075763491326565,0.3248118686657426,0.41259050726017577,0.3652898161264134,0.4042605089424874,0.4212982786214184,0.3770987120382977,0.3570392579458671,0.40939455244176065,0.41634472655529653,0.5354821535918982,0.3896376255581767,1.0434691998505286,0.25656784771405905,0.34089749411868897,0.8153615484610084,0.45024651157237255,0.8108171742232698,0.4224816827457073,0.3722047080827979,0.47813355970740995,0.34614244043657844,0.42757791839913273,0.5172492625014516,0.6340569400368117,0.4514932981115599,0.4894481858508859,0.43167500917172824,0.5519737842389908,0.37889012174049186,0.31759077487736087,0.44433829652121737,0.25675024594315565,0.4246095629030157,0.3178292966559617,0.34692765303600726,0.6152321181312428,0.4037226398799698,0.9067838699563842,0.3484609692077747,0.5040836539601734,0.31379107991500854,0.35379992287626977,0.341647199511127,0.44417617414176336,0.5343569418701234,0.37245924515505746,0.3834415732694713,0.38789067762717233,0.34097597528299617,0.431719714816636,0.9202216116183783,0.5532996063835005,0.708090241370176,0.7112455839215571,0.256786164498259,0.6288736533689752,0.553975244096583,0.4949031918972117,0.4298672575699676,0.5017690580968899,0.5018967561054178,0.5096844490177396,0.4513932843520827,0.7126553158902629,0.4410763214910035,0.60826492912358,0.4946712872748767,0.5109784132167181,0.6518082792126402,0.8996303294196115,0.45577540087679247,0.5183510328952772,0.8423922649245509,0.5998321781964269,0.3915499524637825,0.4083465639570224
1.0,1.0,1.0,1.0,1.0,1.0,1.0,1.0,1.0,1.0,1.0,1.0,1.0,1.0,1.0,1.0,1.0,1.0,1.0,1.0,1.0,1.0,1.0,1.0,1.0,1.0,1.0,1.0,1.0,1.0,1.0,1.0,1.0,1.0,1.0,1.0,1.0,1.0,1.0,1.0,1.0,1.0,1.0,1.0,1.0,1.0,1.0,1.0,1.0,1.0,1.0,1.0,1.0,1.0,1.0,1.0,1.0,1.0,0.8100462990165804,0.9380107000522706,1.2459557956589091,1.39004151364363,1.0008705265912257,1.0762404467461342,1.12134632281504,1.1618118401234145,1.435435696771368,0.8865468458517392,1.1972418777231377,1.0346092825676032,2.0395056288811775,1.077831830056726,1.0421786113717735,1.2719551203303547,0.9958986196263189,1.3148958762360228,1.584436259278232,0.9038479313751314,0.9665929141141754,1.0551407651211413,0.9869564106325999,0.9107727697249446,1.1097523096853612,0.9931673406306414,1.1974264686985965,1.085169963239771,1.1340958878024456,1.088746104588142,1.9606562270493628,1.4903840923417389,0.9874831267043706,1.224865525517337,1.3342157006767463,1.0127100148043378,1.0505173972942865,1.0217451175684473,1.3041682239431212,1.1575672404724906,1.234469757947886,1.079201931283451,1.1551580636461067,0.8494512110574194,1.1881467215332677,0.8895906875438531,0.9141129113004622,1.0319255118587563,1.2663555730251186,1.1307170863304992,1.0034438913533117,0.8531297168210601,1.1602079241560312,0.9778429455442683,1.3658129735467317,1.2976255652708324,0.9841887197264849,1.1193883749246163,0.9644356407733274,1.553575917376257,1.3137900776784064,0.753157551051868,1.4572629368663992,0.9497719917789931,1.3126266233654045,0.8423974367568519,1.0051753884096128,1.1382319143615822,0.9780704883230363,0.9481675156925429,1.075256331226175,0.8466900261688943,0.8481573802762368,0.7135768153719351,1.2027929516306999,0.9416088373068117,0.8002237044615784,0.9888295463239949,1.1203882466162964,1.1288210726926513,0.9259906175999106,0.9150559206509952,1.0794626804121248,0.947911533783935,0.936037868820321,1.2382239374342774,1.33286382533448,1.5623425596382985,1.7577905902212363,1.107888809751712,1.0372803347927029,1.0692063794331685,0.963684980765462,0.8760394632771371,0.9884880236147354,0.844355249251761,1.3228991893889628,0.9512164173904252,1.2199940441475599,1.9327440123031088,0.7830530872594607,0.9489841594541606,0.9115455613729851,1.091976512960279,1.4292606704105335,0.9454010289693013,0.8961927807689527,1.2116544797383735,1.1258201826086243,1.0172399361261157,1.0041706989874855,1.0868128470986231,0.886301087369794,1.0492765160832191,1.6084140010223855,1.6561763954844089,1.1024099999613906,1.0950532509886073,0.8341316694536038,1.168391452269948,1.3646011761837862,0.9283596553147928,0.9562261334568073,0.8283095464769159,1.7445954137071475,0.8674502689086434,1.2803613365158402,1.3993149473930058,0.8224769206831153,0.9139161883524511,1.2092185237369435,1.0280121370550153,1.2073707553191215,0.8575349067329752,0.7938656356573139,1.073581842211137,0.9221886258725418,0.8788761930186202,1.1190928211866042,1.319471608365364,1.1622271653275198,0.8592044010007559,1.057404128409424,1.8945572793313288,1.1143006123045505,0.9659569691830655,1.0496169017031227,1.0815612879840213,2.005356361577582,1.3470644767487774,0.9010594965525384,1.0063312743698654,1.1072472003349505,1.4485019983345473,1.2487948205963568,1.1989092251776956,1.0673476066369247,0.9561062654282646,0.5466812153819753,1.0391021448279836,1.0013131807785651,0.9757948197731922,1.089559675819572,0.8653956230967631,1.007739327686828,1.3668658527915152,1.2762131960093617,1.1865988608364475,0.8467504101866024,1.6704771596158237,1.1766980850393522,1.2508168326157763,4.102072673432915,1.6193787258076564,1.0610586025123527,1.4223730093263325,1.8716858586079828,0.8746400609957417,0.8556276748118927,1.1600465554489594,1.1412837742948172,1.0464953123225065,0.8783262208142629,1.0214819216458237,0.8352952928694192,1.0423512091665899,1.1568324765547162,0.9098150833157677,0.9004679655057901,1.1410261126219314,0.7400542770324572,1.039922636995789,1.1058313400209987,0.9248005480279855,0.9586707218170609,0.9221858408980583,0.9358418509249564,0.9185735550657839,1.1185811529747962,1.222181794399978,0.9941673113103006,1.2833050727575412,1.7473700994565073,1.2459169175162905,1.0455081374328496,0.8256723858482939,1.3044157620334271,1.056560024760561,0.9467853956410929,0.9607568521251088,1.156195409684356,1.0278248421293954,1.3307022899982568,1.3003570635395425,1.025910452123759,1.4868121451398468,1.1856851573563392,0.8916269882445841,1.0961101941231242,2.055914102619902,1.712987747018736,1.0287656406551702,0.882180722550869,0.8774226666601987,0.9567040798069688,0.9472781716281513,0.938748880460463,0.8263482268733238,0.8029455580693075,1.0044762495477704,1.2138787505456423,0.9092143319859787,0.8477141411676472,0.8645716000599925,0.94501171270474,1.1428707286891489,1.5450281803516435,1.0179074071601413,1.2327802095130087,0.8289992526706254,0.9976892404994075,1.357998407227453,0.8610294927293103,1.1813560001212213,1.131303901219622,0.9533236980935982,1.6311716722460092,0.9357854078465426,1.374523816946733,1.2264940260735493,1.1656663955197781,1.2528240837161606,0.7736482609633458,1.064236833132206,0.8435045593568224,1.0623632742289306,1.0971892229814435,1.168076801272102,0.8811605896527002,1.0302089132737051,1.4516002555489451,0.9817511241749163,0.8526308645537678,0.9777449173119384,0.8626644947795667,1.2027688820794529,1.021214086410677,1.2815519500282582,1.3748045429123121,2.1701138417617614,1.2135409485840287,0.907792962439188,0.8099288427982059,0.9227369787594474,1.1571380928728687,1.2350442246758808,0.9318450374600757,0.8221733486725866,1.0511049356234898,0.929758962685638,1.0738019764418207,0.8986599818079029,1.0021308450085464,0.7084583462387546,1.0050612425874528,1.2126099985446732,1.2171968134784472,0.9749054840238409,1.1088717054208086,1.0828155043928194,1.0251978971971578,1.0116419837779178,1.0818887448579282,0.9198862441591595,0.865505744805456,0.892364644927524,1.1118007553414673,1.1659431528315904,0.947995178057087,1.2531891500443892,1.173632010802641,1.1147483841571533,0.9136268573493729,0.7930343250460886,1.283435147147024,1.1388051379063309,1.011117261107569,1.0480809304254366,1.0313672322135288,0.7295828218561031,1.1346052852052744,1.1699962153016115,1.0286897999428497,0.9597951432126002,0.8447045430854028,1.0343225271721572,1.0371797018382392,1.0282397255462423,0.8515406295701884,1.0869327413063898,0.9749436524405367,1.0794228811192939,1.1372215300475974,1.0125677746420854,0.9622076785298601,1.0810135715005305,1.105692101600886,1.391510044146934,1.0307612124651158,2.716520136410001,0.6770407445041928,0.9094495904428845,2.1438189009602926,1.1737878079229218,2.094742782620804,1.108129354924745,0.9853025810614369,1.259789592786162,0.9072250789746549,1.1231944458528669,1.3771990462163486,1.7182401426182308,1.1912583224855617,1.2767152005933289,1.1392207586566947,1.505395824120261,0.9928713939197757,0.8405329247736648,1.177588487875885,0.6887327728761348,1.1453509428724837,0.8550867384854393,0.9224202809203473,1.6447036807144229,1.0710491091519136,2.424869016773715,0.909704022252785,1.3232058369492656,0.8237589236549687,0.9399756476670833,0.8933105432395649,1.1630631854362954,1.4023364374215463,0.9791004769152061,1.0064487547877894,1.013869896619418,0.9122704106534842,1.1280316776973267,2.416108702534042,1.4471886124375906,1.7921097086102573,1.848180740015004,0.6812814490293577,1.6871607860943074,1.4559287805786867,1.2978400177175557,1.113961377659987,1.3118057469455247,1.3105788177106912,1.333668277979877,1.1701551539496582,1.8937247889828766,1.177166909499368,1.6103859806008733,1.2815496206791268,1.3409714688893948,1.7141839862534987,2.4883180244391894,1.2264572958326487,1.3581828146185577,2.194508902235394,1.5694607921806583,1.0447976408399744,1.074029777752868
1.0,1.0,1.0,1.0,1.0,1.0,1.0,1.0,1.0,1.0,1.0,1.0,1.0,1.0,1.0,1.0,1.0,1.0,1.0,1.0,1.0,1.0,1.0,1.0,1.0,1.0,1.0,1.0,1.0,1.0,1.0,1.0,1.0,1.0,1.0,1.0,1.0,1.0,1.0,1.0,1.0,1.0,1.0,1.0,1.0,1.0,1.0,1.0,1.0,1.0,1.0,1.0,1.0,1.0,1.0,1.0,1.0,1.0,1.0,1.1575765153259479,1.53958821377445,1.711766756884498,1.2371482497472304,1.3294335139507172,1.385548434550955,1.4336824188247026,1.7736037101353679,1.0942104859318753,1.481549865088592,1.2776933018784618,2.5223876212411964,1.3299934588417632,1.2858221820366802,1.569799066191147,1.231085510021127,1.6237800837261638,1.9566529700464979,1.1151451060292445,1.1929595920848564,1.303692110822893,1.21868991931203,1.1250461961724643,1.3683919161012603,1.2250306901883936,1.4789587527128303,1.3408358154697604,1.4006171468482576,1.340364230871109,2.4240408026173936,1.8400912851251772,1.2186995318698792,1.5113557938517146,1.645510754202762,1.2489333365237356,1.2964527814885105,1.2614870163673806,1.6100877831854832,1.4300577714220615,1.5209215682707216,1.3325037664185135,1.4266354892684612,1.0496046734726687,1.4679674957850486,1.0977301164055373,1.128863503842293,1.2749587125819741,1.5629476919807754,1.3973007082278484,1.2411263895015638,1.0549414507515225,1.4318864759648735,1.2076452255291523,1.6868315402632796,1.608402156723338,1.2151535841619756,1.3830808264570953,1.1906264970245135,1.9188812339575998,1.6250435339938285,0.9299438766544632,1.7988942132367114,1.17140171869254,1.6208617622822858,1.0404287223071647,1.2400717224525435,1.4052405812296285,1.208149163030754,1.1700020447271342,1.3288888428674293,1.0449912640240464,1.0479113811853389,0.8796055306802085,1.4880341536847028,1.1626063599773355,0.9880635763816843,1.222516305125023,1.3831494922667162,1.391899039200548,1.1442922662403423,1.129424452823596,1.3346627611770134,1.1674441807249338,1.155207522801455,1.5277405528652053,1.647008199241203,1.9278715072934034,2.1671641780474014,1.3696524953921352,1.2799317484574568,1.3181024359545037,1.1930346069313535,1.0798100996910445,1.220410432040087,1.0414579842938505,1.6352429740363452,1.1728314011250078,1.5023337339011715,2.387471052334546,0.967052259176409,1.1728325323793927,1.1254812469584632,1.347793656231248,1.7649128716655007,1.1668473159463266,1.109440763439731,1.4938165102619367,1.3907463485979428,1.2556270808155507,1.239473174620564,1.3436883548628478,1.0937851936123975,1.2957776278276365,1.98611529763844,2.045092229591745,1.3611918016338933,1.349135789501609,1.0294188512932696,1.4434786190935396,1.681604547498238,1.146647499294144,1.182779744326749,1.0219914914500279,2.1587550316455113,1.0725327988553808,1.581556505807571,1.7291542735329157,1.01667241814068,1.1301654403520833,1.4993285686673776,1.2686004354391498,1.4903698359385116,1.0581338937864448,0.9806794471336762,1.3269457599285182,1.1386213795762121,1.0880735320326749,1.383924570750054,1.6322356172717045,1.4332157490894366,1.0595160565392505,1.3051732046022586,2.3425001640258536,1.376749143148969,1.1889244555467067,1.2956706418908162,1.336713292060983,2.4785267725730895,1.6528538436679423,1.1097920045085277,1.2414652745242003,1.369149051680743,1.7892877658139914,1.5463572902701297,1.4826953629608377,1.3187704298108058,1.1816037336674912,0.6747879774790708,1.2858371935439428,1.2350692663328562,1.2046757256800726,1.3446465421028433,1.066519996092571,1.242581334798015,1.6881639303724378,1.5793495305236718,1.465624570736538,1.0456490294356973,2.0617562772826563,1.455700221950611,1.5471765929525905,4.958153214368387,2.0007626769184395,1.3085524913019078,1.7444345613707402,2.312533399836667,1.0794311655418047,1.0570593735539795,1.433447455425738,1.4100441091820737,1.2916426678894555,1.0850427778869611,1.260925173514797,1.031642868368952,1.285884030998103,1.4281707293752754,1.1207510880817493,1.1105534294080202,1.4083390040192194,0.9109346861687381,1.2827307025467218,1.3661917030201718,1.1405158884982192,1.1806984281216186,1.137908464041257,1.1539922612708824,1.1366276523955836,1.3824424485149258,1.5101683256540799,1.225857380049927,1.5868208258504555,2.158109343778687,1.5380586848402271,1.2922613730679453,1.0183551315724826,1.6095262134903665,1.3051314107404592,1.1652068898503691,1.1854501423407142,1.4315697359916206,1.2686155938938475,1.6441975241028592,1.605001072003943,1.2696468140582642,1.8379330803582368,1.4590048565516938,1.101429573418412,1.3533444834395016,2.532963905906527,2.116809752288786,1.2716722994412475,1.0901202074295009,1.082154957025118,1.181881667700062,1.1665792828143293,1.158687318755168,1.0189133583860457,0.9911319721131208,1.242213588307945,1.4988278991020305,1.1235995691485727,1.0454318459698952,1.0661877208002035,1.1669536086026766,1.4133457997110033,1.9127091525202777,1.2581524765048786,1.5230715753660968,1.0238937788899563,1.232761129300748,1.6682635754363435,1.0608556429848586,1.459406746776562,1.3984998356574811,1.175425991112112,2.0224166970720345,1.155957977694134,1.7012555383023669,1.5156224090301098,1.4399825453266109,1.5441624319757938,0.954062589394289,1.3145327168362089,1.0413033999879837,1.3075935706574418,1.3549564177090492,1.4421484675097958,1.08773806933631,1.2759298434793225,1.7939391806305443,1.211879174422317,1.0489382629687365,1.2013874407802627,1.0653813765007953,1.4860355644323513,1.261421558253078,1.5823721358732534,1.699697282867822,2.6764232415776945,1.4954247820736644,1.1202913104894927,0.99769208621485,1.1387121212118725,1.4319388644781474,1.5262203519663982,1.1500476558307393,1.0141567661480657,1.300421143769737,1.1450084264098905,1.326085664040641,1.1106250974456826,1.2353978626211122,0.8739408856430011,1.2483535164403057,1.494716322086349,1.50541452158481,1.2020821695884725,1.3689388808970833,1.3358263721567147,1.2649061525470497,1.2500407647633578,1.3370529865534024,1.1360991250148165,1.0688971334523982,1.104413175052869,1.3776649144578736,1.4321845760294494,1.169656528578218,1.5478630408767784,1.4547921961898123,1.3769077728310584,1.1249870281534755,0.9775375521052462,1.5847214221485868,1.4011915750059987,1.2469925486730489,1.2895902914328525,1.2708082846548772,0.8999479864427646,1.401343205359562,1.431879507858082,1.2655172570375968,1.180955065665023,1.040745381573035,1.2749573019915295,1.277399993966855,1.2688425314676457,1.0516698041467245,1.3393457725067663,1.1988176257025471,1.3281198804461904,1.395626436526888,1.243633941990872,1.1810254459225134,1.3321968221877545,1.3615331488467333,1.7203726732675118,1.2695194636355578,3.369004453961774,0.8347733677744468,1.1188306219059516,2.6447712815295237,1.4519624895629126,2.5938986986593955,1.3675153555916504,1.2130182443096542,1.5543402500593966,1.1201111978304077,1.3858841157270985,1.6956556904226878,2.1047509821817556,1.46893681264945,1.576551875831477,1.403676077152499,1.84434799676705,1.2259077760611339,1.0360740498318606,1.4500158224559159,0.8466236722938383,1.4055745222550327,1.05017407226102,1.1359017359352428,2.0227800060320305,1.3198239770071656,2.9832214954418452,1.1240364910287464,1.633924172486456,1.0169689766918895,1.1576921134500422,1.1034200362075457,1.4365218723414848,1.7314989666663294,1.2081021579211668,1.2427623586514556,1.2512938021636573,1.1213448878292038,1.3943878417326088,2.9791401528575125,1.7872064660470717,2.2260071551257075,2.2881591760956415,0.8390616810696557,2.075453991809507,1.7978002898523364,1.602501974048625,1.3789460834387393,1.6206716683732405,1.6192021323156602,1.6473979073170137,1.447900834052251,2.332630641749371,1.4476701689442604,1.9898981756105374,1.585851485656625,1.6554802313389863,2.1137374479167494,3.03737540782697,1.5050865550787091,1.6770383734652268,2.7118216452341843,1.938516302135554,1.285693170806495,1.3251725397059124
1.0,1.0,1.0,1.0,1.0,1.0,1.0,1.0,1.0,1.0,1.0,1.0,1.0,1.0,1.0,1.0,1.0,1.0,1.0,1.0,1.0,1.0,1.0,1.0,1.0,1.0,1.0,1.0,1.0,1.0,1.0,1.0,1.0,1.0,1.0,1.0,1.0,1.0,1.0,1.0,1.0,1.0,1.0,1.0,1.0,1.0,1.0,1.0,1.0,1.0,1.0,1.0,1.0,1.0,1.0,1.0,1.0,1.0,1.0,1.0,1.3282404710113114,1.4787067742599183,1.0680349678539194,1.1481211928574326,1.19534863135623,1.238253421031574,1.5304506341344688,0.9452624954882336,1.2787921423082584,1.1037715606171972,2.1769557246620463,1.1484783602272293,1.109898213381596,1.3548853841524995,1.062006171655728,1.4016960987234794,1.6894758507108563,0.9627802586148673,1.0297728301200229,1.1254497979179539,1.0521979927653649,0.970849552719676,1.182232621256072,1.0576678525230576,1.275697901464909,1.156684210931393,1.2092033192201257,1.1590756527747388,2.0923770499429164,1.5896090953566901,1.052307366818918,1.3055297199310851,1.4207227563071838,1.0788954451090014,1.120186865381358,1.0885515583719974,1.3905308560186742,1.2345776693041,1.3142600010983645,1.1503180063217355,1.2313936217778807,0.9061521279947939,1.2666246366205067,0.9479582715842962,0.9746359454660561,1.1004120488243065,1.3488569213046206,1.2059092689879605,1.0708334284513954,0.9100029026611234,1.2370469737935244,1.0419800186007524,1.4555261696633033,1.3849773092316129,1.0491067615980452,1.1942875013442218,1.0276732853791821,1.655897128782854,1.4009851337799528,0.8027409372790075,1.5544885611042172,1.0116545576214477,1.3991750493370896,0.8980991818410065,1.0711997219499634,1.2127218940332485,1.0426028142898436,1.0099612062004837,1.1463061254189029,0.9018082165640318,0.9043620732247812,0.7600724374084215,1.2831140767034133,1.0042618951821507,0.8530630940622542,1.0550556391292014,1.193612390977599,1.2019191383807932,0.9871182737333977,0.9751107841169301,1.151706626915643,1.0090515701624132,0.997276136447267,1.3196172403375417,1.4216110334548342,1.6654929563536796,1.8733907484284045,1.181588197792157,1.1058746017139223,1.1390237943727195,1.0288295911684777,0.9329979734228615,1.0533516942088381,0.8996184760778417,1.4115825255913599,1.0130493616036764,1.2981062340683585,2.058957233066236,0.8349699287855608,1.0117367931578103,0.9716115711303623,1.1638221553137054,1.5233221649939552,1.007413716969063,0.9568507709217319,1.292128446500507,1.2002866115901862,1.08451894775299,1.0701993073969935,1.1596636659867194,0.9442507069376347,1.1184958135967538,1.714182365718122,1.7664994516612393,1.1759461212108235,1.1663629292144022,0.8886383201654898,1.245205779515938,1.453059688515964,0.9898970231659696,1.0202560865273476,0.8824677772134607,1.8612049302547735,0.9248816979762575,1.3652893230786258,1.492897657614526,0.8776798644881548,0.9751826720679299,1.292712546499709,1.0950471397568529,1.2876055896539187,0.9140707919298768,0.8464158007680287,1.145735191066085,0.98330546040445,0.9378646202251331,1.1950829705466621,1.407330270606845,1.2371911555148718,0.9155470595886078,1.1268460160591904,2.0224283049181513,1.188051966187691,1.0278474749680147,1.1181622633939177,1.1533274110536784,2.138770872760868,1.4320639014860006,0.9598130047951834,1.0719174076869655,1.1816567049561149,1.5442070135757513,1.3332851441977105,1.2787271552831987,1.1376766008606145,1.0201568823612774,0.5824100045085511,1.1097627685978184,1.0666903794143763,1.040594605740396,1.1608404501706275,0.9211859346674921,1.0737417288426359,1.4578526903317959,1.3619209876471798,1.2646678173514658,0.9029804833174347,1.7800987009581852,1.2559873891280724,1.3349272971971595,4.324356528019614,1.7241898524026398,1.1304953882604472,1.5092344706116805,1.9974278908323704,0.9317402584463987,0.9119922706923773,1.237532172711899,1.2166648465014593,1.1154478470014406,0.9366915717807711,1.0890905523050103,0.8902607952575865,1.1105720037182507,1.233242235792259,0.9680969493958596,0.959189009868844,1.2169513804288377,0.7875202163517034,1.1085224726117087,1.1795345885036492,0.9852750869124939,1.0204253135669776,0.9824984282792223,0.9965597373500957,0.9804787412157564,1.192901964771333,1.3038938895035574,1.0587128309279539,1.3696508316181109,1.864639506654729,1.3280590893526871,1.1147951748714364,0.8796606396962834,1.3904830455960144,1.1262665268250998,1.0055070602408802,1.0236355070664718,1.2356906791079785,1.0952343723920843,1.4180268928597182,1.3863714494607826,1.0945144712307249,1.5863428409110356,1.2612959224020912,0.9504126911845483,1.1688256519847,2.192546167601729,1.826929310505089,1.0971583348511718,0.9410650237521688,0.9352158002428087,1.0205170618093837,1.0080638584811794,1.0002973617504551,0.8801790389460726,0.8553341133666794,1.071498010521867,1.2945055873572975,0.9696771071521224,0.9033575503811784,0.9202461495650345,1.0069689199176541,1.2190638957879592,1.6492155311617287,1.0868842214940417,1.3149999557287706,0.8837924909597057,1.0631326567741413,1.4446783895372586,0.9165936359639264,1.2603380046368846,1.2063034537766413,1.015541380437444,1.743236817548624,0.9980033002521638,1.4674396584079474,1.3077189734716552,1.2430099053377464,1.3351265329469213,0.824022262428146,1.134367775960564,0.8986066513035216,1.130035165664094,1.169539791066168,1.2446755432167946,0.9390475721941378,1.101083020123769,1.5490882732697346,1.0455977630036186,0.9065287638230708,1.0394816155212434,0.9200970469118464,1.2827820720502556,1.0889684607892716,1.3653711990101973,1.467000773633195,2.311215562987076,1.2922794230962729,0.9673761600033763,0.8619391045312618,0.983051167075172,1.23470243495587,1.3175162165011582,0.9928624286068425,0.8760123851055887,1.1216332894348566,0.9897463212872631,1.145061910813554,0.9578922048351314,1.0676477209758803,0.7552705539141928,1.0754618130232472,1.2911358502343155,1.298792824282462,1.0379128296157063,1.1819781777192935,1.1536559481425104,1.0919510069727854,1.0785907449365943,1.1531861679155548,0.9806443230883766,0.9221554291873085,0.9508590708696889,1.187637277591186,1.2392741522419266,1.0098960119394493,1.3367340677250807,1.2534449656796323,1.1882371830398872,0.9722150786783689,0.8444300862471568,1.3686053015244193,1.2121350416526708,1.076646830973964,1.1154897080336137,1.0981201411324282,0.77746348650848,1.209908246178935,1.2450916463558828,1.0944799674121977,1.0211675505741318,0.899229893698503,1.1017348691463298,1.1042335087484745,1.0957287770679924,0.9083899183051379,1.156748921871771,1.0365384355092222,1.1489580526551022,1.2084166277082027,1.075725389052327,1.0223297181606177,1.1510043445139608,1.176974440488281,1.484270818757797,1.096634351415263,2.910674634036475,0.7211454070726276,0.9682335192693967,2.283620278376108,1.253135353657823,2.2358152946042416,1.1801223160820156,1.0476541447391048,1.3430143920562905,0.966966241268062,1.1959933734056292,1.4672535005822873,1.8245547541413263,1.2690520602586535,1.359710165501163,1.2126067494768185,1.5992939184399908,1.0581525278987445,0.8955515247085579,1.2532510485185075,0.7327439611170807,1.2176401914809794,0.9091049717470328,0.9821149118685446,1.7507952497197912,1.1411600777330608,2.582910381700464,0.9696411729348342,1.4110647291041016,0.8779775166744688,1.0009539051171275,0.9522179142615356,1.2399333480028991,1.4950412438249765,1.0428855030515738,1.0731349881202359,1.0795815760595169,0.9701182833339996,1.2033040899759393,2.571255790860443,1.5420491299783752,1.9130240215961234,1.974637326523267,0.7253227321879812,1.797796329521693,1.5535349405289027,1.3834666761562124,1.1892308026153526,1.3989454527620824,1.3971195109632157,1.421581183042903,1.2485181490833708,2.017461823004977,1.2519714220983593,1.7209411700813264,1.3677697658906642,1.4294085020072516,1.8248197441293816,2.637211350643291,1.3027045087936413,1.4475031333137438,2.3368674210983675,1.6728359553284533,1.1123929817391596,1.1442135527729542
1.0,1.0,1.0,1.0,1.0,1.0,1.0,1.0,1.0,1.0,1.0,1.0,1.0,1.0,1.0,1.0,1.0,1.0,1.0,1.0,1.0,1.0,1.0,1.0,1.0,1.0,1.0,1.0,1.0,1.0,1.0,1.0,1.0,1.0,1.0,1.0,1.0,1.0,1.0,1.0,1.0,1.0,1.0,1.0,1.0,1.0,1.0,1.0,1.0,1.0,1.0,1.0,1.0,1.0,1.0,1.0,1.0,1.0,1.0,1.0,1.0,1.1087969710223144,0.8029791936884321,0.8623384045164505,0.8995560896805838,0.9290498031429715,1.1514341807269353,0.7094485638089412,0.9629901441618727,0.8278520919139081,1.6377588313607163,0.8620536700115292,0.8340768258919302,1.0184727671857594,0.7997534385417122,1.0531162804330059,1.2694856795741245,0.7228915574422883,0.773716800453764,0.8460548164638115,0.7905854559119152,0.7306561870834489,0.88660067437351,0.794244830189716,0.9601810727795299,0.8704924076734555,0.9083532433876428,0.8675727141040055,1.572336768892118,1.1918815729038985,0.7905257221332282,0.9797680130972719,1.0661996516676893,0.8091655446868818,0.8400553435197609,0.8184328604410942,1.0435310192592424,0.9279797251667148,0.9843769491660125,0.8641346862710446,0.9254567179099794,0.6812314368419022,0.9527401751893827,0.7116670450452263,0.7326961201965675,0.8273730186642063,1.0135456850425277,0.9069389426822674,0.8060308873432844,0.6848781408953316,0.9279979255823505,0.7837627478563622,1.0943742221615107,1.0483181226233556,0.787895290106102,0.8970858653742992,0.7723317255767573,1.244902535254726,1.0563361736817858,0.6034832918940587,1.1657773569806054,0.758816336571403,1.0521171635678892,0.6751458001455468,0.8040140254460486,0.9113907014562437,0.7842243411148766,0.7588822076192103,0.862907100909693,0.6781115232140126,0.6804271612026684,0.5698066005765245,0.966992140708587,0.7536582966837431,0.6410195395219964,0.7942633894837985,0.8969933378660555,0.9016806304457559,0.7432728560158908,0.7329007822272314,0.866495080794473,0.7556878496355323,0.7493088402631258,0.9901825086505818,1.0687499899462911,1.250055231175835,1.4022515963164672,0.8895076368905418,0.8292547805296397,0.8533140645836204,0.7750871506389433,0.6991765001450966,0.7919769451101781,0.6749388623228787,1.061418659237689,0.7597369900087877,0.9722360484731354,1.550369724402882,0.6273212173131879,0.7614385403827436,0.7300381082935802,0.8736712612488404,1.144743749658136,0.7568038242688329,0.7210744586454055,0.9665180753128193,0.9028585057279381,0.8138776555678792,0.8036471422791829,0.8725484157556779,0.7093595709463598,0.840422005297244,1.2880163426756235,1.325173763053951,0.8827095106555014,0.8725722465250989,0.6676412742239834,0.9367901282964453,1.0887373868352852,0.7438852092991441,0.7684276373702298,0.6625286984862286,1.4029035407037358,0.6967565048278984,1.0265318984048393,1.1218395574051563,0.6602921064480983,0.7337493617506283,0.9757512173674241,0.8231176698087592,0.9662715701553466,0.6855829012797244,0.6365964335395478,0.8609267550810595,0.7382613913396883,0.7075289914618227,0.898401875123946,1.0614260742417576,0.928580092670069,0.6863365582866782,0.846597355967844,1.5199965018397323,0.8936437296522389,0.7689648675278145,0.8403730580991013,0.8676764541816784,1.609604555978864,1.0639834355255835,0.7176777360033656,0.8048732147609741,0.8892847738783556,1.161530685854062,1.005990271004523,0.9630175416539499,0.8563639855372235,0.7665352001010283,0.43757881049213193,0.8350814933191895,0.8005529277280372,0.7809469117568063,0.8714964595197843,0.6906047559136116,0.8047444302424165,1.0950270708764234,1.027008410832721,0.9511342261698384,0.6780470373038423,1.3370014928357965,0.9456192690394969,1.0046169327594028,3.151528745428839,1.3023152632089101,0.8481224341642395,1.1263631238547036,1.4990190550634088,0.7001893973794724,0.6865854027293249,0.9310781650623638,0.9155406803693932,0.8375903371849346,0.7039722841412406,0.8179658494391955,0.6695236257124582,0.833153869495185,0.926204135794866,0.7260624798005433,0.7198943340297655,0.912360978885115,0.5894667985480424,0.8310205877961159,0.8862963033687911,0.7394426914633683,0.7644541406141967,0.7381768854822641,0.748060032855825,0.7386047785327874,0.8974880348567242,0.9799101762064453,0.7947823588331575,1.0305665289012715,1.3992861895415896,0.9973167208550321,0.8392040019902296,0.6599743978066541,1.0431543390846847,0.8467820453948466,0.7546799334641958,0.7687736729191385,0.9304531574275675,0.8228150140744097,1.0674309219052325,1.040373223334059,0.8252699461557053,1.192968385284955,0.9440479165099156,0.7149801196227162,0.8773844120230623,1.6355944011571444,1.3730179723161895,0.8260762322314102,0.7076773245859611,0.7009807675016321,0.7672464808200827,0.7554982597772275,0.7516420828935904,0.6602570206833127,0.6432050128194915,0.8067617549356458,0.9714973488046524,0.7294122148231666,0.6770812369302166,0.6914310217653786,0.7574814585555358,0.9182696364177123,1.243500928991289,0.8167947991917037,0.9879584220252329,0.6646293985185809,0.800816952862775,1.0757428038715586,0.6875988221374864,0.9469628722002155,0.9085344379998262,0.7617944284007518,1.3166108751776369,0.7503112724622895,1.1066088505101424,0.9838629119179677,0.9343373526272086,0.9985379859645086,0.6183355364062929,0.8532461916617616,0.6757596314706172,0.8463067238094428,0.8790219677025624,0.9353798059853728,0.7057739413080224,0.8292820900146075,1.1636510648516452,0.7867147046171236,0.6788098922521721,0.7758510534930564,0.6911652182474082,0.9643871969020016,0.818120356243459,1.0263431896392676,1.1036885382673063,1.7346253934831495,0.9689653788842865,0.7265418222854785,0.6457696024257692,0.738640896532154,0.930765619161176,0.9904339848161754,0.745893205902586,0.6573311631858467,0.8452295491907232,0.7409156474239171,0.8598119819417974,0.7214782740084498,0.7998148011321209,0.5665582595598959,0.8138895834464104,0.968582381752283,0.9784443468923891,0.7790412342365997,0.8881505101725801,0.8655795961956679,0.8206329869550292,0.811508183115695,0.8685732136447823,0.7372501440264235,0.6942195982156957,0.7194146962603374,0.8970422802923477,0.9257904022238186,0.7581604369031549,1.0037831978073386,0.946402359537615,0.8933545994755836,0.7283038049886154,0.6329731145155058,1.0281270459822962,0.9055629544276569,0.8082741088464269,0.8336390124049651,0.8229807637326755,0.5834560322059221,0.909011951176318,0.9190994716951457,0.8181926715764072,0.763661010078621,0.6745186666047188,0.825832943488807,0.82685273092864,0.8229109178734854,0.6820418022031208,0.8676225956310368,0.7748548304510647,0.8585291831027452,0.9006429451795789,0.8031035323868568,0.7624447729169476,0.8628698089052291,0.8809506387756626,1.1182291150862977,0.8222552843732887,2.1908702025927713,0.5408380581904036,0.7230318280272454,1.7126323189257975,0.943383320120909,1.686848655717867,0.8867130790984019,0.7854929567390216,1.007262781697806,0.7267249567638567,0.8987076394839955,1.0958864966497508,1.3516824531155631,0.9508141246273651,1.0242937892097048,0.9094170945578139,1.1862660965198932,0.7950609205180664,0.6705458952403001,0.9397149702998853,0.5469797960631778,0.9057482126565879,0.677618652909038,0.7348175516589533,1.3070382776304208,0.8544781503954199,1.9262666394647348,0.7298350682018072,1.0603047135787316,0.6598626819260636,0.7501335503358371,0.7162752546363376,0.9321122182164323,1.1227865785267857,0.7831826357528403,0.8058925394398239,0.8119582932275166,0.7241511856441745,0.9049380644457157,1.9300653946386825,1.159363058741925,1.4530773734168632,1.4895589044672797,0.543020067314735,1.339447085874557,1.1651901930957116,1.0391158966484837,0.8968226377793692,1.051777410701791,1.0515111394542562,1.0693113462572672,0.9417877202290041,1.5093410545393884,0.9359380793464532,1.290249597423331,1.0300799431107475,1.0733806029293513,1.3706309595107444,1.946607798279359,0.9711022247709042,1.0879445122287672,1.7611086012120485,1.2576443883702269,0.8309486806772105,0.8594723497420433
1.0,1.0,1.0,1.0,1.0,1.0,1.0,1.0,1.0,1.0,1.0,1.0,1.0,1.0,1.0,1.0,1.0,1.0,1.0,1.0,1.0,1.0,1.0,1.0,1.0,1.0,1.0,1.0,1.0,1.0,1.0,1.0,1.0,1.0,1.0,1.0,1.0,1.0,1.0,1.0,1.0,1.0,1.0,1.0,1.0,1.0,1.0,1.0,1.0,1.0,1.0,1.0,1.0,1.0,1.0,1.0,1.0,1.0,1.0,1.0,1.0,1.0,0.7164614978111723,0.7694957863773004,0.8026344627961952,0.8310863159276884,1.027690129653981,0.6342334664825713,0.8557569261553479,0.7384691080482048,1.4569399285672442,0.7716060742178671,0.7457114286212994,0.9100863028497863,0.7130550376734321,0.9407512693929823,1.13266554899621,0.6466781715727945,0.6920047012601587,0.7553126453350895,0.7061237331657253,0.6520264785822008,0.7944099129377183,0.7111907282600834,0.8572812041649012,0.7762155954468084,0.8107541005983616,0.7800755769070128,1.4004400693643642,1.063518826886105,0.7065916764021789,0.8764167451903202,0.9549465826759214,0.7250497619295087,0.751635954479906,0.7311844162222527,0.931649743129765,0.8280960810008364,0.8839875229597923,0.772147662889737,0.8262531803115833,0.6077934201738464,0.8496469247392487,0.6367451198125877,0.6542376437700563,0.7374672878200601,0.9055210307100106,0.8089629086866473,0.7168470907009731,0.6092909859620714,0.8291415614355373,0.69978362660654,0.9772864978875415,0.9289173520844387,0.7036786369748117,0.7999666937733715,0.6901467225033902,1.1091959193465415,0.9386905444585149,0.5392819124205025,1.0417335793320217,0.679508649271495,0.9395072937272836,0.6027563943236633,0.7193273334154654,0.8137847382132335,0.6998253843124527,0.6785513795238858,0.769047938043863,0.6057240803118281,0.6069172573717181,0.5110556361495622,0.8605018947468991,0.6735752662281604,0.5735581684572817,0.7071602364615696,0.8015740842546555,0.8079845528652001,0.6626248730846579,0.6549179246886048,0.7720316396512424,0.6790606288611436,0.6695526842923072,0.8863997967387602,0.9517026219734185,1.1187353606392967,1.257411287796081,0.7917940106361029,0.7419970673127891,0.7647204943010852,0.6878711592503489,0.6268360380781722,0.7075174392115584,0.6046213788463131,0.9454944656806556,0.6810808380773791,0.8736152778318875,1.3847621743743295,0.5601081441871452,0.6783718940618184,0.6520402817761143,0.781532015301348,1.0219606807076187,0.6766235097735006,0.639538620010631,0.8665449192859133,0.8058653743356194,0.7277278478674019,0.7187936704068139,0.7774135409250984,0.6343975822249097,0.7507733648853978,1.1507151230920547,1.1833403860781215,0.7898580272766773,0.7837446817681771,0.5971847720248562,0.8361363377710804,0.9771902995967128,0.6639702811654946,0.6835793867515456,0.592739964494641,1.2438673156499966,0.6201929680573689,0.9166998008092493,1.0002209535397486,0.588654743176859,0.6532354279099477,0.864164942826271,0.7361489889023135,0.864038216724328,0.6133546786184714,0.5677915400623252,0.7669281618444999,0.6592288431815239,0.6277296295955769,0.8010462012498893,0.9433854073166498,0.8324265709983789,0.6152036811527084,0.7571171205264218,1.3521790264595381,0.7971129484814241,0.6914805134292267,0.7509322453324576,0.773645749779489,1.4356400605704218,0.9667164313796013,0.644696499987478,0.7207409092559709,0.7914317968325542,1.0383203716125537,0.8916862278003641,0.8575701498052399,0.7638492182789417,0.683412148987394,0.3909610276402146,0.7430156607008962,0.7170950120986924,0.6981259585300219,0.7791351069539315,0.6199380283028404,0.7203120479978884,0.9777975281394415,0.9125884675594536,0.8490065388377168,0.6052547314243548,1.1965745239952528,0.8403837996945375,0.894056010333583,2.9685513983275023,1.1629096582457183,0.7603034868014038,1.0223453629201003,1.3368882452936726,0.6259303821063897,0.6122585935083507,0.8303706149700268,0.816173703263879,0.7491143986320048,0.6283485940246722,0.7306533080352245,0.5976544565840983,0.7448581545082591,0.8278566941559966,0.6508631862004053,0.6450466178623446,0.8163047052997875,0.5301842532883618,0.7450652892253716,0.7902964394480684,0.6623018704146026,0.6868354480843064,0.6601658962254999,0.6695572008996917,0.6575127495540696,0.8000124182443519,0.8743433165019792,0.711842390931605,0.9176125271004945,1.249129277059605,0.8909934861996326,0.7478966330139458,0.5911897232552221,0.9325851938642975,0.7559172499051978,0.677698817631509,0.6877801678213886,0.8248581279219941,0.7358496554425101,0.9522977253205861,0.9298271989808881,0.7325666160431312,1.0628397131126723,0.8494591609959938,0.638003995929069,0.784420452495121,1.4703630769703944,1.224166670206692,0.7358475054267122,0.6312341786042038,0.6276422831617536,0.6847953706001855,0.6783324682829753,0.672064319662943,0.5916549895241132,0.5741795773917537,0.7176435961236233,0.8677223871823105,0.6508683775826954,0.6071155708672,0.618590021876102,0.6770059547775105,0.816966673208544,1.1050806051501478,0.7275543443423425,0.8828366427151081,0.5926271608826044,0.7134185233732055,0.9724361471324989,0.6176079673688519,0.8447048744319269,0.8091792261629009,0.6825020558003603,1.1660771132660486,0.6697201901550307,0.9826473346448732,0.8773931133314836,0.8335353155454555,0.8948734244729598,0.5537323746764252,0.7614122010343076,0.6039294891391187,0.7610861987102383,0.7845006700901112,0.835581395147367,0.6303970527824547,0.7370070934144615,1.0388955101163153,0.7026499093152938,0.6108255710332711,0.7002008847557447,0.6174999922918003,0.860136143556674,0.7301718094861505,0.9168274438751841,0.9831017838351874,1.5540455576248238,0.8696120712533068,0.6498591854945108,0.5800688684623574,0.6603788890869702,0.8273178020068823,0.8829593686423826,0.6663536841093072,0.5887037812195298,0.7527369888879902,0.6655261686329059,0.7671930475551543,0.6425157466628815,0.7171347157528816,0.5072896110359565,0.7189511945788718,0.8690933943102395,0.8705737221351992,0.6990810281838665,0.7934258854364107,0.7727071041047558,0.7341209328085918,0.7239435048788729,0.7739633252389331,0.6582683558726681,0.6201681387303173,0.6385029817720991,0.795480801067413,0.8373002697144528,0.6782706116410074,0.8966836570985826,0.8384269903822126,0.7973850176412257,0.6542725520693533,0.5674616681985396,0.9195796619009297,0.8157702225213709,0.7230343425644051,0.7510579890635122,0.7396486219424234,0.5226711495564749,0.8119033552016233,0.8383132249171578,0.7361904476003567,0.6888600665398081,0.605794053518241,0.7401825101345307,0.742650300103483,0.7357093598018929,0.6091543132461517,0.7799511958443139,0.6978066513354515,0.7728716670073423,0.816613592792236,0.7259222966017833,0.6906290079027375,0.7747561410043049,0.7917362410767427,0.9948251953422584,0.738866587072992,1.949085743408449,0.48496035410072424,0.6522754709260503,1.5299239163708558,0.8392776052098053,1.496465344172353,0.7926101677927804,0.7057026490969738,0.901941282548592,0.6495477983666114,0.803756890536189,0.9849513388520689,1.2282399203222862,0.8519202764483937,0.9157858378765824,0.8175641009496628,1.077823546958514,0.7101385719787375,0.6009360994258874,0.8450464923129778,0.4935577189433503,0.8212100523588776,0.6127635986980103,0.6598032275739983,1.1773480606328959,0.7678372019232412,1.7355961016044605,0.6507592415477604,0.9483288826493684,0.589692678356649,0.6741151956801,0.6396729220765549,0.8319481026747548,1.0032458440260419,0.6992310096800365,0.7194803782480326,0.7245657347523755,0.6528688662184199,0.8059464346140575,1.7330887241083257,1.0361648276236286,1.2771514945862963,1.3306797534799513,0.4878784831502291,1.2063628543958171,1.0416685897648472,0.927893125026112,0.7970802101769564,0.9388089651777604,0.9391133694836848,0.954379305005798,0.8376143627642627,1.3555899632663233,0.8439247184413595,1.1523626637715185,0.9162438003868478,0.9593117820836454,1.226923135082246,1.792791923515185,0.8773960569225034,0.972080299977536,1.5635535390847985,1.1205108932730181,0.7468660110013972,0.7690508746229983
1.0,1.0,1.0,1.0,1.0,1.0,1.0,1.0,1.0,1.0,1.0,1.0,1.0,1.0,1.0,1.0,1.0,1.0,1.0,1.0,1.0,1.0,1.0,1.0,1.0,1.0,1.0,1.0,1.0,1.0,1.0,1.0,1.0,1.0,1.0,1.0,1.0,1.0,1.0,1.0,1.0,1.0,1.0,1.0,1.0,1.0,1.0,1.0,1.0,1.0,1.0,1.0,1.0,1.0,1.0,1.0,1.0,1.0,1.0,1.0,1.0,1.0,1.0,1.0736675066104957,1.1188266367882163,1.1568233907511982,1.4326097806972267,0.8830917302023185,1.198638343898184,1.031237445561525,2.0386893661497894,1.0730239753623985,1.03691941758051,1.2664316773590758,0.9944784393983248,1.310824286637481,1.579903887720469,0.8993973706652705,0.9625730367134622,1.053092338584119,0.9839611561516931,0.9085704984537477,1.103455872903598,0.9881444495618043,1.1938117557152705,1.082657487059563,1.1307012506762928,1.0802008178048639,1.958302272882598,1.4848195498034156,0.9833856824437677,1.2196589196932486,1.3268328200791237,1.0072463621337153,1.046312611740921,1.0179452760430214,1.2996106294041088,1.1548981188696485,1.225669662680143,1.0754805374241458,1.1515189950868743,0.8477589129190694,1.1851597464593404,0.88567072494614,0.9116705187908247,1.029441608504246,1.2606153805116622,1.1286405629808467,1.0031790161567806,0.852072621004593,1.15567750940125,0.974722710313614,1.361416486749759,1.3021581708062788,0.9805978908637553,1.1170114541233074,0.9609735221775695,1.5486447146064333,1.3127815917747556,0.7507975009438855,1.4519468794649788,0.9447941084773847,1.3082828672874796,0.8401922850762276,1.00047132232156,1.1337939180949077,0.9754236035474908,0.9440153442276157,1.0730763128748506,0.8431040367208548,0.8461232076149146,0.7093910296761254,1.2028242857340108,0.9386098641720544,0.7977185416107209,0.988010662925517,1.1160096268120716,1.1220097783180756,0.9241683969389267,0.9115348803612683,1.0783413050548218,0.940937765253957,0.9320183472313308,1.2325403057861868,1.3297198465211162,1.556390880305569,1.747338508426512,1.1064426084130456,1.0326305232184558,1.0623092242144685,0.9644309491932914,0.8703763624902796,0.9850672179451418,0.8400492348591114,1.320941988752346,0.9457700534812898,1.2107527240951335,1.928402442358861,0.780792965974379,0.9471237300579677,0.9081927001716953,1.0876890030718684,1.4243008386360532,0.9415542195508271,0.8974539743871083,1.2051835160918027,1.123141887631437,1.0133959777448633,1.0002032045713534,1.0858302700072184,0.8824970594830706,1.0460919909833795,1.60288344061934,1.6514046905359618,1.0994085321451006,1.087465006641579,0.8305657160081676,1.1653868848409497,1.355295798936643,0.925741074363847,0.9558699128054382,0.8243416645420203,1.7439272877625998,0.8663513933593269,1.2772981886941348,1.3964595815145178,0.8219580153920862,0.9132990105918861,1.2140180264796583,1.0236759359115308,1.20314446240175,0.8537704215170142,0.7917588045006514,1.0717730665509828,0.919109841285382,0.879941913316905,1.118774900672448,1.319367192993024,1.155671340032474,0.854319196051218,1.0533435633385073,1.8913972574930877,1.1117630560100649,0.9575621559202181,1.0453090911257394,1.0795045593173958,2.0024119748137004,1.3292807186113276,0.8942101516349583,1.0015649865103913,1.106475355754521,1.4454741097330615,1.2510794851290006,1.1980426426019037,1.065102354041044,0.9546176889296081,0.5445419674385098,1.039849904680711,0.9962256972520711,0.9725544118886056,1.084923374118975,0.8597975764267642,1.0019193367181374,1.363275347953933,1.277213058326435,1.1830418954156876,0.8440281955446887,1.664429208609385,1.176909947354384,1.2503866946194708,3.950892571234916,1.6173768783809717,1.0556212914833292,1.4022017331005159,1.867741895188483,0.8708517342670321,0.8536078567601384,1.15843926926848,1.1383953917903127,1.0426967043326325,0.8762246589442071,1.0181305795997289,0.8327751242222778,1.0367755330640924,1.152975211247551,0.9029541849220615,0.8959734674338371,1.1367523740245835,0.7338260180087331,1.0351979187423206,1.103184799776209,0.920074818882344,0.9516718254200263,0.9181407726806519,0.9306250192598003,0.9191832509812715,1.1164713005277231,1.2200853549868689,0.9887102848204823,1.2822085957605895,1.7429900842222907,1.2414520573092385,1.0436171684505227,0.8214436066831274,1.2985776918307983,1.0536100355213176,0.9378422687601558,0.9564372338607724,1.1584433562171035,1.0240896424622243,1.3275210300825346,1.2953117787777342,1.026307566872925,1.4842255449130732,1.1750402213581523,0.8891347950936269,1.0926669125018789,2.0424289529731423,1.7091052983163437,1.0274549346843642,0.8805823339608998,0.8729966552714633,0.954680139860927,0.9399900152480838,0.9350186596649356,0.8218898880440113,0.7997188401705604,1.0036335648054133,1.2099363403288126,0.9076086497721632,0.8432246133457149,0.8597938553971433,0.9419581972322684,1.1419968762503416,1.546869186633253,1.0168739350249665,1.230567421133867,0.826468643123091,0.9954901574743187,1.341673209050886,0.8553043376573837,1.1786986233228232,1.1295092411887966,0.9479836506108029,1.6378049209704963,0.9334729664791819,1.375542834109738,1.224038805885916,1.162645611951965,1.2446428861361611,0.7693967595906532,1.0611529240894875,0.8403298538685869,1.0532957523647788,1.0936256249807743,1.1637178402109476,0.8779167836791559,1.0320185135258553,1.4495412689472973,0.9779570136675152,0.8443945970787057,0.9663666383551419,0.860322264432597,1.1999502469902135,1.018374282142339,1.2769350562199102,1.3730335419217732,2.1587128566124845,1.2057021389762146,0.9039540818831552,0.8039871114947246,0.9188613250506569,1.1574395955487606,1.2328579427154125,0.9278444773609515,0.8182356135357316,1.0515602594578402,0.9226293007301651,1.0700666507642655,0.8969797664883283,0.996238649881094,0.7052105851169335,1.0122785641239163,1.2050732456118465,1.216802890709726,0.9697180210530691,1.1048570025148556,1.077244906091603,1.0205389254607673,1.0094848940767511,1.079393149879361,0.9172679484356524,0.8632252969774322,0.8928298246642965,1.115229174155116,1.1529620557658125,0.94329509864804,1.2499521852603306,1.1773695866737715,1.1114708592953868,0.9065798145320855,0.7880051756075143,1.2797224608149258,1.128760762503301,1.0057392582164781,1.038595564216973,1.0247653046887304,0.7261748809284163,1.1313180515814019,1.150195739600491,1.0190840052383534,0.9514082360027017,0.8392323047899806,1.0282323470518548,1.0296357645725682,1.0237379677354792,0.8494780000845397,1.0801198729565535,0.9646541085872999,1.0696557585320707,1.1219537205315457,0.9995745615783371,0.9495711866191283,1.074413075947533,1.0971500091207154,1.3908762218692408,1.023095900247427,2.730391518825841,0.6732516086705119,0.9016183989317651,2.132195348509159,1.1737248810223255,2.097459640881309,1.1029113925339598,0.9770947475142711,1.2542921765463246,0.904212088787399,1.1174522675597223,1.3666834429515595,1.6898244172584875,1.1843174197962076,1.2729858964369372,1.132164432573107,1.4803860776203113,0.9892885771032118,0.8352603829949815,1.169404599789039,0.6814786501738296,1.1303210962085384,0.8445870402264009,0.915102727595287,1.6294817588350425,1.0643774687301997,2.403541911811719,0.9074876684536753,1.3196519454788878,0.820797095054719,0.9335782408296538,0.8909681995661224,1.159724028210225,1.397578385463245,0.9741352837987918,1.0031223060224759,1.009597556796751,0.9023307864053989,1.1259647577036809,2.4029774724253405,1.4423278321175044,1.8031094138020585,1.853924128946955,0.6761386282801751,1.6716310161780035,1.4520239061739044,1.2932081125617125,1.115348284511462,1.3090606436434977,1.3075361238910121,1.3298042142670188,1.170724763249512,1.880348793115025,1.165640479359975,1.6073092465771222,1.2821083372068693,1.3360426892305108,1.7046067397072702,2.4331616999220307,1.2098294148464546,1.3536089037943546,2.1869356231608945,1.5644960542906121,1.0355519631503498,1.0691379595006438
1.0,1.0,1.0,1.0,1.0,1.0,1.0,1.0,1.0,1.0,1.0,1.0,1.0,1.0,1.0,1.0,1.0,1.0,1.0,1.0,1.0,1.0,1.0,1.0,1.0,1.0,1.0,1.0,1.0,1.0,1.0,1.0,1.0,1.0,1.0,1.0,1.0,1.0,1.0,1.0,1.0,1.0,1.0,1.0,1.0,1.0,1.0,1.0,1.0,1.0,1.0,1.0,1.0,1.0,1.0,1.0,1.0,1.0,1.0,1.0,1.0,1.0,1.0,1.0,1.0409651689292405,1.0776741141898716,1.3327531524131833,0.8226633228483331,1.1150162476793688,0.9613588688023871,1.8974806079887414,0.9993538071569041,0.9656950561390107,1.179239315283823,0.9250175270650964,1.2203474054384578,1.4713684724410188,0.8377758860347926,0.8962347358059899,0.9801277353669383,0.9161271943993408,0.8453363890242742,1.028261799730716,0.9200834374604953,1.110672817446182,1.0074645394173212,1.0529577219125947,1.0072111057632327,1.823211069176471,1.3840946189468755,0.9158322897010358,1.1361371870490782,1.2359518147373758,0.9384176757778357,0.9747989627402833,0.9475797892906738,1.2108310394531656,1.0750814942107572,1.1424761090741231,1.0013512951088437,1.0721535080182574,0.7891599151294695,1.1031743231622615,0.8248501080051063,0.8486217623980076,0.9584917473713648,1.1740619495401075,1.0503582050078621,0.9334700841156173,0.7930993471468184,1.076966658987662,0.907164015956544,1.2672854853337177,1.2085196308362756,0.9132549432007886,1.0401932966346301,0.8946128432081103,1.4422762334754182,1.2211840457825187,0.6988090166391283,1.353186446761954,0.8801654492678316,1.218007286771439,0.7820693188148033,0.9320372093406525,1.0557577830925113,0.9078353411531379,0.878947880719557,0.9985084668096162,0.7849862968968988,0.7875425611494246,0.6610178833904198,1.118244350017195,0.874263489699972,0.7423628884322516,0.9193478835304794,1.0390455650790145,1.0451808113261833,0.8597831991679976,0.8487637580530316,1.0033960287646684,0.877019540522813,0.8680188479142399,1.1481420914915574,1.2385643386036147,1.4492655936043393,1.6294428696306342,1.029646252133971,0.9621821094038898,0.9905221049103108,0.8973271545033098,0.8113256562578206,0.9169807296119227,0.7825248271825733,1.2299105195232065,0.8810430893392184,1.1285282909937786,1.7928217680544032,0.7270072905023086,0.8813483288913249,0.8458077190710495,1.0128488859371187,1.326355711690345,0.8767729228385077,0.8348245004953949,1.1241038644031272,1.0451215616278944,0.9438743087689756,0.9313960776912816,1.010413155797658,0.8217262365771674,0.9738619460947593,1.4923018653683298,1.5384190095085495,1.023526612059035,1.0141184006816841,0.7732924037277162,1.0843674102904532,1.2632450649052513,0.861927403024443,0.8892674448499189,0.7678265949013777,1.6232836859260176,0.805921238562104,1.1887546469654795,1.3003913294201386,0.7647423662374133,0.8498427314340176,1.1281926758609706,0.9529047596702515,1.120641119763603,0.795516621031875,0.7370899069637331,0.9982222110082362,0.8561579357242606,0.818096016611378,1.0411818584027577,1.22680258691424,1.0760579021720784,0.7962644312076694,0.9807182929545388,1.7620704809076775,1.0347192796157574,0.893186630042286,0.9732806922497558,1.0046126540529006,1.8627888157266708,1.241846899090211,0.8343537189239789,0.932554413380912,1.0297306145845937,1.344352402533231,1.1631387375009992,1.1142696163108998,0.9908489842973952,0.8886677505032392,0.5070232086624731,0.9674609105750138,0.9278698987470693,0.905798855052179,1.0104256867644779,0.8009671864760667,0.9342752986329566,1.2693811472025198,1.1873473029652224,1.1012259576093584,0.7861951695243059,1.5492481510196638,1.0950525080844302,1.163500461035131,3.7142902409343055,1.501398059378809,0.9832315420685782,1.307881124549425,1.7398109083196065,0.8109069273912896,0.7942576368501085,1.077982532190446,1.059640121301376,0.9707489134531766,0.8156661146425525,0.9482458700243421,0.7751322211595584,0.9664146205125237,1.0735808715594788,0.8417620594937252,0.8343978134299482,1.0590877909626353,0.6842986159138152,0.964259549036296,1.0273844780682784,0.8570556539412015,0.8870043194948289,0.8549675507843061,0.8670294012268231,0.8546555019037314,1.0391487585413794,1.1355533021902187,0.920898949236777,1.1933296730366458,1.6238823731575516,1.1561998409382799,0.9710307722659585,0.7652541593537832,1.2102154373915908,0.9807140477140657,0.8738368374844638,0.8907033841072675,1.0782119856129424,0.9532644201133786,1.235006345657048,1.2068466645455942,0.9544562934930869,1.3817479097620917,1.0957487745867271,0.8275456109448001,1.0175480162701,1.9062386677015537,1.5914262655279625,0.9559138550839523,0.8196424226130128,0.8137534307645201,0.8886339582887741,0.8762566494352484,0.8705477506024101,0.7656741909628557,0.744653656726082,0.9338561380296383,1.1271222910786949,0.8445044613189803,0.785670570316569,0.8006739642532937,0.8764071820933389,1.0624340954887632,1.4379573895739775,0.947064464800447,1.1452148358776757,0.7695577820215983,0.9261103277860154,1.2538542942341675,0.7967333296963186,1.097665665565545,1.0509038061222458,0.883332737977158,1.5216857912389206,0.8689705592255944,1.2792411945438258,1.13906779346381,1.0825221147289175,1.161485933632274,0.7168174129233742,0.9877395442083867,0.7820992023675264,0.9818482676068184,1.0183648920984956,1.083543876988137,0.8174498820830554,0.959976773832026,1.3491909962552753,0.9101724510815381,0.78742696234567,0.902317218768278,0.8010567734595089,1.1170433550225265,0.9482879885567201,1.1886695253523247,1.2779551492590335,2.0107307541397743,1.1235420929889601,0.8417924463768889,0.749249203186515,0.8556195853526605,1.0763839920409854,1.1477250434030766,0.8642217407205661,0.7621625966212101,0.977496000036699,0.8603938222887166,0.9970232078142858,0.8345144091088456,0.9285269313865442,0.6571054123185585,0.9393676963805094,1.1225216337375334,1.1319526577175236,0.902624535243821,1.0288381736366374,1.0044092731953183,0.9501720652811168,0.9393660221794857,1.0042895569474295,0.8538088379304976,0.802844773304688,0.8291082641810652,1.0361725113436944,1.0753599025011626,0.8786662863956236,1.1638636482017453,1.093877578988479,1.034713069989995,0.8450840724496297,0.7344364446288741,1.1912688729826102,1.0530113151049323,0.9369118989918588,0.9689692840531161,0.9545368072790075,0.6763479253084419,1.0533739760186656,1.0782807432223578,0.9509561248684366,0.886820552022413,0.7816498237541329,0.9583439939451017,0.95997532974982,0.9535420018893295,0.7910954818338165,1.0055735295727517,0.9002368596207752,0.9981501785939675,1.0477023571542783,0.9332530678316906,0.8865891435798186,1.0007827304847114,1.0230060871078737,1.293876184913337,0.9531279816551972,2.5381465694381116,0.6272147484657442,0.8410159618914645,1.9879158936784331,1.092027381855709,1.950197952128806,1.0270716563346711,0.9105081309149131,1.1685071185230633,0.8417070158443393,1.040541050762918,1.2755995722710125,1.581516064277525,1.1040667525364194,1.1835629902619031,1.0540674064098048,1.3859634629932893,0.9212160807146623,0.7789941396354798,1.0892153722306497,0.6361776645942909,1.0562379161538724,0.7887978497362425,0.8537041711190144,1.5210399330188182,0.9920570874507366,2.2438498007090946,0.8444352609423582,1.2281748411954014,0.7641640168765456,0.869909408796648,0.829066304505301,1.0796273395787748,1.3014633560487532,0.907830939590887,0.9343481328937018,0.9400983226870998,0.8424097424703108,1.0483696752399019,2.2358341280149103,1.3423326228605719,1.6723417427356968,1.7196317917029371,0.6303949261208246,1.561998687527176,1.3525043895320397,1.2044787681520117,1.0368924156599237,1.2183260272220682,1.2164776546747977,1.2376989577293442,1.0882757794022364,1.7537714713466244,1.087292004686025,1.4981986065040358,1.1925017978028363,1.2442208165555972,1.587532525503569,2.2776926967132214,1.1306208960377466,1.2600814873644683,2.0364597377818816,1.4570414299690793,0.9668299759871687,0.9955668084180154
1.0,1.0,1.0,1.0,1.0,1.0,1.0,1.0,1.0,1.0,1.0,1.0,1.0,1.0,1.0,1.0,1.0,1.0,1.0,1.0,1.0,1.0,1.0,1.0,1.0,1.0,1.0,1.0,1.0,1.0,1.0,1.0,1.0,1.0,1.0,1.0,1.0,1.0,1.0,1.0,1.0,1.0,1.0,1.0,1.0,1.0,1.0,1.0,1.0,1.0,1.0,1.0,1.0,1.0,1.0,1.0,1.0,1.0,1.0,1.0,1.0,1.0,1.0,1.0,1.0,1.0326695042563823,1.2798771912168103,0.7884257617283175,1.0695359963964672,0.9197363018902618,1.819354338232281,0.9584003554819385,0.9269269319082346,1.1319171627761022,0.8888496503859004,1.1706617395553613,1.4104284005694594,0.8035211013855182,0.8601135144818789,0.9404507302221066,0.8786500769536543,0.812011962857413,0.9854754605414668,0.8830314697695121,1.0674466421385946,0.9675583874659741,1.009460070130051,0.9643301548228779,1.7472929363558576,1.3242833562831755,0.8785187487797327,1.0888252238980631,1.1854791814138714,0.8995188911470178,0.9337125855133783,0.9098406860151976,1.1594956132635206,1.0313606593657452,1.0944407492292068,0.9605248357293465,1.0286613482345448,0.7570175667471375,1.0589001408783738,0.7910860899589309,0.8142266230501634,0.9193155438967985,1.1266010242841067,1.0080598833255616,0.895547771989556,0.7609995880448569,1.0311096072763641,0.8712267085277177,1.2166290712312977,1.1650945446623564,0.8756834533784981,0.9968002724262324,0.8585338496140045,1.3830845087237758,1.1736595171395547,0.6707938448247805,1.2954571545202285,0.84362030985166,1.1692548331457235,0.7503806059870819,0.8934971348494269,1.013006693198648,0.8715696379792226,0.8434897898460019,0.9590884541445668,0.7535848581699288,0.7561350947635492,0.6334345951868836,1.0748184881860734,0.8376806186282282,0.7126645548952452,0.8824569741950631,0.9971866973659764,1.0023757367211388,0.8259777609008538,0.814380312082003,0.9630268372264459,0.8401483552398366,0.832733707685744,1.100608685325171,1.1873577452705546,1.3892672534776727,1.5587700930901085,0.9884604650974014,0.9216378257439802,0.9483958538077357,0.8611993099935908,0.7772193275155536,0.8802509294240572,0.7502969618108748,1.1793968042267802,0.844664169994416,1.0809693227185793,1.7237500597911317,0.6971534917818287,0.8461536736672148,0.8113450109134681,0.9712034506942717,1.272390050347692,0.8411697090636925,0.800903407092906,1.0741454455554114,1.0034699953654895,0.9045388793213753,0.8933686680868254,0.9696193330265299,0.7885488968733602,0.9342377583983907,1.431940764631711,1.4729197448589941,0.9812720906816519,0.9701520024471121,0.7421534555485831,1.0415197259565772,1.2104449492494884,0.826692220765757,0.8539021070412561,0.7364424152116844,1.5579832865924783,0.7743372122500488,1.140968635441913,1.2466853944399379,0.7337820536921534,0.8153788603597178,1.0839633014176848,0.9149476684441266,1.07394883955221,0.7619915047211676,0.7073663162840012,0.9565756469053937,0.8203708053870518,0.7860507471294431,0.998406058372759,1.1792755987193837,1.0326942142492925,0.7629882110664743,0.9411253818613574,1.6882698360903683,0.9932292699739175,0.8548867882719366,0.9341673379771895,0.964490979166347,1.7889843908055172,1.184138970934279,0.7977822746329385,0.8947794564809697,0.9879265779105054,1.2913827974024232,1.1172324299334329,1.0704524934710837,0.9518239337433282,0.8518304770930817,0.4863660703936051,0.9281100138303671,0.8899365071438435,0.868007920596424,0.9688086563378875,0.7680057968829245,0.8943227895858119,1.2169770759873684,1.1410165242936672,1.0573025601511714,0.753472666755797,1.486549473146298,1.0505437832980034,1.116486938818471,3.5143283642519925,1.4478500991751255,0.942875558121435,1.253342526977339,1.6656598493133228,0.7782768244064,0.7629882368608014,1.0345324877639883,1.0173237629435894,0.9309737872534152,0.7824154447470286,0.9088573758759976,0.7441313417871798,0.9259183075649203,1.0295330946735817,0.8068581452916961,0.8002974803954246,1.014108645966738,0.6553298422843552,0.9238079629930254,0.9847689504867014,0.8218326685252924,0.8498380349177387,0.8203892592603372,0.8314009340612855,0.8210166571765732,0.9974669861753349,1.0890437059070308,0.8833565234383268,1.1450656884831205,1.5548133521656355,1.1083703597958459,0.9327104214286497,0.733682154895627,1.1592292725837376,0.9413225473226365,0.8392219953445185,0.8544685156218024,1.0330202834585163,0.9146706318234511,1.186602185320562,1.1561656220521517,0.9167569274476968,1.3257501547214865,1.0496517426882364,0.7946454033588506,0.9753073737138956,1.8185566404959626,1.5261529029004266,0.9179468533670072,0.7864555181738138,0.7790759195417368,0.8526002673207589,0.8397667643149865,0.8354547816192694,0.7339157844654657,0.7146915663691836,0.8964320553916427,1.0796777387718293,0.8107684655044014,0.7527551139737187,0.7684469823895486,0.8421169821645906,1.0204297465537988,1.381876490972457,0.9071425805394326,1.0984327265416123,0.738373204255715,0.8898403387182503,1.1963194207411254,0.7644470904230436,1.0521377168293586,1.0096596495921817,0.8466642738382393,1.4628468450441636,0.833818240625934,1.2290176519566463,1.0935809631961546,1.038399104443744,1.1097817919941506,0.6872985441381931,0.9482683644397739,0.7511671965988911,0.940947522718856,0.9768495580072415,1.0397470298973595,0.7842851219022055,0.9214477887597432,1.293478059997783,0.8744358509925849,0.7546935316606289,0.8625982672216503,0.7681604201848489,1.0716887812685876,0.909332546968157,1.1410284047236066,1.226346433635645,1.9283103831083952,1.077052187442919,0.807569280831339,0.7180932279848824,0.8209804981065123,1.0343660874130258,1.100472877661705,0.828864027206255,0.7307207837899805,0.9394835395192864,0.8236374604256561,0.9553776786232492,0.801670874837366,0.8890070949926523,0.6295895220293066,0.9043452626114934,1.0767445867804668,1.0870334394505063,0.8664568152169178,0.9870386625291268,0.9616048058170653,0.9121235839655906,0.9020337408826978,0.9651823239963192,0.8194115755719198,0.7717524820511867,0.7993205720104606,0.9967694034932288,1.0294464938581012,0.8427471023864437,1.115756646457727,1.0518200783760145,0.9930560093531281,0.8097372364564124,0.7037062299468727,1.1428011637230333,1.006928986779687,0.8982246432367729,0.9269712442685042,0.9151262971141616,0.6485984511240441,1.0103593208703425,1.0218107288109217,0.9095260746602143,0.8494876183252449,0.7497960745103202,0.9178819895505397,0.9191263478322228,0.9144888416096028,0.758024339130678,0.9652116522427773,0.8614286879444444,0.9543001652296337,1.0019424312635976,0.8932456808681809,0.8480980333892039,0.9593902801543536,0.979288198466544,1.242322246329178,0.9144349525519415,2.4350375817913585,0.6012990026342435,0.8041129941760329,1.9031987731099664,1.0480657880675541,1.8743077456538697,0.9856844964756524,0.8732132403706119,1.1196738109575088,0.8078147416600894,0.9989978269126331,1.2180378816367299,1.5041383857312454,1.0570198159600679,1.1390160172356323,1.0114948609138819,1.3194410959383842,0.8837335956041967,0.7452884015916286,1.0445675925926086,0.6081449949595756,1.00772232420394,0.7536413429922204,0.8167217251069381,1.4526943984054133,0.9499739815791224,2.141257103061159,0.8111940768602088,1.1785460589540804,0.7333705985223549,0.8336826966239311,0.7962086960809133,1.0359762442520024,1.2480007063209326,0.8701336243872407,0.8956812544446777,0.9022820578025765,0.8051011985993001,1.0055311858315217,2.1474224524639336,1.2891096847388734,1.6136702117511774,1.6559780559830655,0.603756073898422,1.4887232673230801,1.2949786239661405,1.1549232021271707,0.9965410334623385,1.1690401318938766,1.169039328952877,1.188416540953851,1.0466640647682062,1.6777967201989814,1.0406242901070475,1.4324900387600514,1.1450267670681298,1.1931576815940745,1.5235749967737795,2.1697404256036266,1.0794497690748868,1.2093738977018171,1.9556536699264804,1.3972336568382868,0.9234897444983059,0.9553667585594408
1.0,1.0,1.0,1.0,1.0,1.0,1.0,1.0,1.0,1.0,1.0,1.0,1.0,1.0,1.0,1.0,1.0,1.0,1.0,1.0,1.0,1.0,1.0,1.0,1.0,1.0,1.0,1.0,1.0,1.0,1.0,1.0,1.0,1.0,1.0,1.0,1.0,1.0,1.0,1.0,1.0,1.0,1.0,1.0,1.0,1.0,1.0,1.0,1.0,1.0,1.0,1.0,1.0,1.0,1.0,1.0,1.0,1.0,1.0,1.0,1.0,1.0,1.0,1.0,1.0,1.0,1.23530918061982,0.7629064218483925,1.0321543016362729,0.8917316159392528,1.757693029620654,0.9272223387718872,0.8956966200405945,1.0936390477870888,0.8570132117406555,1.1317756352671355,1.3639473382631182,0.7772816370014181,0.8312941183781135,0.9084573394525639,0.8494379295941648,0.7833339724826838,0.9542781741611079,0.8536923469781652,1.0296879952713107,0.9338091119956912,0.9764233723860241,0.9353479228538473,1.6901043178771233,1.2840442537278227,0.8491940460553744,1.053837215097488,1.1472007562884063,0.87093311727602,0.904342503623608,0.8787719504814352,1.1231396997063952,0.9965299242335133,1.061102964549134,0.9287592082229068,0.9941549439578861,0.7313445066176016,1.0226126631215393,0.7651661674965089,0.7864864952681314,0.8883749083196286,1.089065531551936,0.9734712955844764,0.8647076040363243,0.7349187690448841,0.9990586444851909,0.8410392976204963,1.175188150531947,1.117296635709795,0.8470449921241179,0.9643195865910055,0.8296483588447572,1.3370677114489005,1.130875337068385,0.6478382257541573,1.2550075111731889,0.8169671885017552,1.1288262184042541,0.7249726155235334,0.8644961553349539,0.9791690885644732,0.8414818361407996,0.8152522406832854,0.9253040004890617,0.7278991196238357,0.7297444555930686,0.6135058460565337,1.0356481816320622,0.8107675587924076,0.6883803732846883,0.8513922356013254,0.9638298173678037,0.9702866701641993,0.7966112111876329,0.7868936612064581,0.9298240924408634,0.8145472959408036,0.8050256490570135,1.0651611616531367,1.14788070463301,1.3440163563094418,1.5131541485451185,0.9539328478528151,0.8927775875853591,0.9196024419201827,0.8309070427522156,0.7532239171673691,0.8501345201905978,0.7260939345951394,1.1395655119745238,0.8178254746381453,1.0482339286632478,1.6620377839173839,0.67402151839695,0.8168182850556313,0.7843030797821536,0.9396689972120914,1.229938092878916,0.8131246922262481,0.7728231130581549,1.0437214794161664,0.9686495243276066,0.8755259596179318,0.8639567051355359,0.9360463873202455,0.7622083641262035,0.9031389399079363,1.384108139923795,1.4271251358770076,0.9490905625870696,0.9421704862315786,0.7172543130884328,1.0053561934072204,1.1730218756122293,0.7990942656995325,0.8236317038993288,0.7123252169540902,1.502931595371857,0.7466591637607845,1.1018014701200323,1.2052664985402088,0.7083557852128911,0.7874008024006126,1.0433820000746188,0.8836344524126849,1.0392264022681166,0.7380926600701669,0.6830857809038919,0.92510283358309,0.7939815164570498,0.7572962583736595,0.9645566280591161,1.135611202858042,0.9989769243189954,0.7389172095311972,0.9095652722938891,1.632631063176642,0.9590849134042154,0.829970786319453,0.9027555248382677,0.9310969206065283,1.725975292813059,1.1575633355044772,0.7750394194616043,0.8652283464844118,0.9537636662892077,1.2460528361206171,1.0763608280983867,1.0323640459951111,0.9182866827309991,0.8237612987148646,0.47032102244790736,0.8959155528120979,0.8609018207118583,0.8400796162007733,0.9374706935917214,0.7438011503834807,0.8670296785964972,1.1768912069212751,1.0990818739014783,1.020936053953224,0.7290172156912611,1.4371106486444163,1.0140521035425407,1.077844573323774,3.4965988570117217,1.3903369586160448,0.9122773319473035,1.2177991878160184,1.613312553300618,0.752058733483543,0.7359805214886503,0.9985625784089851,0.9819270915999956,0.9003102591241638,0.7561578892812479,0.8790654780667162,0.7185936747143096,0.8967400839061039,0.9955101148767094,0.7814426845232887,0.7741668905215753,0.9826253578072541,0.6356623588370285,0.8948451995479865,0.9524437366429889,0.795008498835218,0.8236848274973816,0.7928044462171018,0.8043959267447863,0.7913602907321968,0.9630169558191829,1.0525365012654049,0.8543938144995753,1.1052219332679836,1.505813934494793,1.0722708044479705,0.899723144740914,0.7100337573445633,1.1225598126081218,0.9093212935744525,0.8118712920803086,0.826148776918298,0.997656923317335,0.8840615667346705,1.1449238636255974,1.1194611564329573,0.8838242116204454,1.2802951763296773,1.018014858662779,0.7670440456913292,0.9437330592849401,1.7715191938696868,1.4754060458077578,0.8855912061925975,0.7594964302395066,0.755062654085507,0.8234623104787109,0.8135848143926283,0.8073092438848288,0.7105292039483235,0.6904369509394322,0.8651213326214328,1.0454470796448065,0.7826305464003775,0.7291935337662456,0.7428505115562078,0.8125290860245385,0.9839948240744854,1.3310767538492325,0.8771320177719135,1.0617743353270124,0.7131421212928066,0.8581831665425457,1.1670937234264618,0.7394477643284154,1.0174239806070142,0.9735373676749886,0.8195752514792951,1.4069837520737327,0.8052919170592832,1.1836774003333588,1.055722523834983,1.0034491138255488,1.0789492276204673,0.6651401846871258,0.9155723657175826,0.7251845343530514,0.9121083508961096,0.9442623589704207,1.0049243679010278,0.7578891833504742,0.8885886981186529,1.2507831217188063,0.8438083522298855,0.7316711281937204,0.8392899565446493,0.7425128221499788,1.0353516539046752,0.8792673658382181,1.102488414435527,1.1838723757991327,1.8659794336431688,1.0426815375748244,0.7807057226938208,0.6960083660408969,0.7934566330162296,0.9967058473154239,1.0637410114114187,0.8014838678546774,0.7071299496666643,0.9052637802151532,0.79918306572036,0.9245173380633472,0.7732114005772646,0.8621131076101132,0.6093598771810145,0.867616273794533,1.041781043640467,1.0480228669449652,0.837891308758089,0.9538707202240283,0.9317527013085591,0.8811898584109352,0.8706506241488223,0.9305010833073593,0.7915159161790084,0.7441270307573549,0.7671047056942244,0.9580922487106491,0.9998835238697993,0.815279741540442,1.0792013211472038,1.012090611923231,0.9593365991561562,0.7848311595858833,0.6818835331189207,1.1044198510660959,0.9788189439858459,0.8694002471411757,0.9006085022569333,0.8863040960217878,0.6273811597135929,0.9765016394551175,1.0057849443787195,0.8837732980613204,0.8243503905791658,0.7254048920311342,0.8894217123056125,0.8914007496677551,0.8842875039757261,0.7333664914064075,0.9337183745180122,0.8370841611698442,0.9276647567923378,0.9752747435066444,0.8684880747774044,0.8251059353043502,0.9291111014385837,0.9503585138017634,1.1978702264988312,0.8850076879714882,2.3470776229839094,0.5821359999295482,0.7817615623849639,1.8456929795013606,1.0112270151684222,1.8051193565201278,0.9528922232175547,0.8458519848159927,1.0840963240789254,0.780444714112992,0.9654890618848403,1.1854030838526266,1.4762332253348438,1.0252330281861368,1.0969739105292895,0.9786014610839855,1.2924461728816055,0.8543640166331073,0.7232419452426277,1.0110043892798442,0.5915036094187167,0.983810219323588,0.7340916618556975,0.7929997048309102,1.4140811876900692,0.9210513066827746,2.086126960853446,0.7825825949007067,1.1385964199850682,0.7084751168167336,0.8073076280586939,0.7685034246182405,1.000894920973568,1.2069841341159844,0.8422268733267272,0.8662739264248536,0.8717934483873235,0.7836223094046927,0.9715172910748631,2.075726664298557,1.2449763249327161,1.5447482353264514,1.5911691440935192,0.5855412236360411,1.4526465315030501,1.2542351673766534,1.1170016949405113,0.9596844814739987,1.1292935631832441,1.1274669175219003,1.1473063518729925,1.007350348781054,1.628773214647286,1.0107893117419673,1.3887581324936877,1.104577496885382,1.1540295426884761,1.4730621030845525,2.130186767959829,1.052433376364977,1.1684346654346562,1.8875517594750866,1.3507495535724734,0.8984644611883263,0.923384682780684
1.0,1.0,1.0,1.0,1.0,1.0,1.0,1.0,1.0,1.0,1.0,1.0,1.0,1.0,1.0,1.0,1.0,1.0,1.0,1.0,1.0,1.0,1.0,1.0,1.0,1.0,1.0,1.0,1.0,1.0,1.0,1.0,1.0,1.0,1.0,1.0,1.0,1.0,1.0,1.0,1.0,1.0,1.0,1.0,1.0,1.0,1.0,1.0,1.0,1.0,1.0,1.0,1.0,1.0,1.0,1.0,1.0,1.0,1.0,1.0,1.0,1.0,1.0,1.0,1.0,1.0,1.0,0.6159872396810142,0.8358021360668594,0.7186240248970268,1.421483927029742,0.7486811157828521,0.7240407195006631,0.8842007320936277,0.6942218771174645,0.9145651913194215,1.102128319314708,0.6276687771934459,0.6718845064760425,0.7347271186989859,0.686438710964036,0.6343654919208832,0.7698367316443351,0.6898102175143241,0.8338147239715898,0.7557243512552032,0.7886857993475028,0.7535699941745382,1.36541327575288,1.0348234760455248,0.6862931934771057,0.8506757299886607,0.9260310821239621,0.702737449714026,0.72958773839356,0.7106071283558331,0.9060109388544333,0.8057912876790977,0.8550929311935477,0.7503320163092769,0.8034842452999043,0.5913877187153658,0.827067159200018,0.6179959835048974,0.6361790746800988,0.7181684147985362,0.8799498064456257,0.7875324396588506,0.6996787831622345,0.5944411827080089,0.8056923592256393,0.68052698390185,0.9502169479631434,0.9100685176695236,0.6840961171050981,0.7787726753278656,0.6707203538784938,1.080380562688652,0.9166827126814064,0.5240503372897938,1.012205608754177,0.659124808251384,0.9133251544348806,0.5862364476780753,0.6980461032607553,0.7912503119435514,0.6808869422319408,0.6589400930004358,0.7491958092175908,0.5886560259738178,0.5906429369228406,0.49489321075786585,0.8396655030168261,0.6544909096291163,0.5567198843008377,0.6894902207560387,0.7788885349881531,0.7829731750308315,0.6452023379032463,0.6361742947516891,0.7523464207639108,0.6563869926861651,0.6505085049905733,0.8598599033038526,0.9275198559788276,1.0855307210035239,1.2176884054305814,0.7721414978282728,0.7201032551567597,0.7408211945030299,0.6726889162201627,0.6071438691415136,0.6876619391775359,0.586133648071293,0.9212324817001782,0.6598989278167386,0.8445817251710168,1.3465723464686743,0.5446558033780013,0.6609812007414564,0.6337596640408956,0.7587439296763436,0.9938470049166008,0.6571075597313077,0.625809500566502,0.8394828059387671,0.7838967958816748,0.7067294804145301,0.697893834176862,0.7575036458549593,0.6159913384686453,0.7298494515236378,1.118464294996718,1.1510724594547868,0.7667334820393801,0.7580387432628076,0.5797204257197612,0.8135277444608475,0.9456173704386717,0.6458389991291928,0.6670163291963773,0.5752651926435077,1.2168623522278235,0.6048271122479132,0.8914704170155464,0.9740064293256208,0.5734079185419231,0.6369788749933729,0.8468021755505089,0.7148153425023454,0.8391110933222115,0.5953277655097369,0.5525713769869895,0.747277013330069,0.6409290295952756,0.6140452328572645,0.7800379909046463,0.9211945027625928,0.8066744635418219,0.5960090861909402,0.7351710178175771,1.3186538350473387,0.7758513399486064,0.6678991677062578,0.7296555570821998,0.7533856176747475,1.3977287098693552,0.9257785373498241,0.6234381804066658,0.6990232213117715,0.7718515143949276,1.0089203874594856,0.8729555139595959,0.8361761338363388,0.7435506742255398,0.665624196707909,0.37996264307263006,0.7251883693165556,0.6952334102461919,0.6782035382789608,0.756907775712461,0.5999812900852912,0.6987639281915918,0.9508441919238297,0.8914767854147566,0.8258261201337656,0.5886057673272265,1.1615051351758496,0.8208836470659567,0.8722141166048256,2.7495575362501032,1.1312138558268474,0.7366687322569261,0.9794872905448687,1.3015981433718369,0.6079393230239662,0.5960001625636498,0.8083005157514427,0.7945887651125443,0.7273904681160759,0.6112675668327958,0.7101388983229615,0.5812871780564435,0.7232424632511285,0.8043901242278472,0.6302746844592362,0.6252831758710736,0.7923860586192488,0.5119831383870805,0.7218441134277622,0.7693656374147158,0.6420660768588344,0.6639817897675486,0.6409002170699086,0.6494215768856213,0.6414277365522111,0.7791689557544511,0.8509921308256557,0.690118594104606,0.894555105698974,1.215047535806443,0.8659302377077633,0.7285228457954116,0.5731620188657496,0.9056846608666969,0.7352511919460305,0.6553562289223296,0.6675283953814464,0.8073086845190782,0.7145843205893558,0.9268100347727739,0.9032806811640366,0.7161339016271162,1.03562528811525,0.8200844371155748,0.6206964900265242,0.7620322960784256,1.4215745757293177,1.1921382034493535,0.7171408831881967,0.6144030275038417,0.6087160131840363,0.6661059752929905,0.6560189536561094,0.6526283502520779,0.5734175105696977,0.5582883419992225,0.7003335336111636,0.8436331163437417,0.6333660904968594,0.5881480114550521,0.6002565204754268,0.6577690841983911,0.797111333909357,1.079492681467388,0.7088540415747773,0.8583126266194195,0.5767817363686639,0.6951565605667978,0.9347428695959712,0.5972116239169296,0.8220173536513053,0.7885969708771321,0.6614346343366446,1.1428149057467205,0.6513952711103943,0.9600124473565167,0.8542304737392743,0.8112056094330273,0.8670969535516728,0.536883337459883,0.7407340877508364,0.5867387679089482,0.7352023822938623,0.7630526268631568,0.8121379287488706,0.6126854238926046,0.7195946075100834,1.010807825188536,0.6830404551549523,0.5895341291872288,0.6739679687059893,0.6001277243396912,0.8372711733150804,0.7103719851925392,0.891270154187817,0.9579914527042177,1.5065885663659506,0.8414328128541637,0.6308534654914519,0.561039257167911,0.641340980886921,0.8078914435393677,0.859755191550409,0.6474967388307481,0.5708956420466306,0.733925319715577,0.6435062987841771,0.7462930863338705,0.6262459386217778,0.6946158478190829,0.4918786088592367,0.7063854526578285,0.8410965502970194,0.8492792679050221,0.6769714600181618,0.7710653936022395,0.7513256452846395,0.7125179102729753,0.7045789171686447,0.7537876377896646,0.6401689370415036,0.6028606699178986,0.6241526756181762,0.7786828348525903,0.8044512790692887,0.658263742774015,0.8718184052788046,0.8216717205454888,0.7756843101146593,0.6326449035915718,0.5496772921198485,0.892941737086359,0.7867768074908685,0.7017084001759581,0.7242411758328389,0.7150322048017346,0.5067072605871391,0.7892662206248906,0.7991369138628988,0.7106672224895095,0.6637957012467267,0.5857369556442753,0.7171615828100659,0.7181165371532087,0.7144182958510557,0.5923005527365592,0.7541388872927471,0.6729854827967482,0.7456618107513634,0.7829161487743337,0.6977319405523502,0.6625970303754758,0.7497265685900316,0.7651150240546356,0.9706476877919157,0.7143215429279575,1.9020606396508757,0.4697401603722083,0.6285087062222776,1.4866911724038432,0.8188046203901495,1.4638634401190829,0.769860181656046,0.6821156540204422,0.8748240703964847,0.6310889684411258,0.7801439913675021,0.9518665375558966,1.1762117991692889,0.8257215144673986,0.8895648059259806,0.7904184375587113,1.031168651131373,0.6903009857605964,0.5823172449265036,0.8162083225263577,0.475173583975669,0.7875404473006089,0.5888619772697015,0.6380624202069453,1.1354214658046007,0.7422022638401591,1.673993500313727,0.6335978190095926,0.9207028776706596,0.5729032366418882,0.6513995913153473,0.6219759944913138,0.8092340616369137,0.9748757310925401,0.6796420063196233,0.6997281266858941,0.7048156320693597,0.6291278586277026,0.7854361357150004,1.677778391708918,1.006783996545404,1.2600324486240546,1.294097031518497,0.4717569229418874,1.16345939214924,1.0119701446052323,0.9022172497629559,0.7784740242504804,0.9132886561505991,0.9131595321025043,0.928323632329728,0.817551682369144,1.311070448841559,0.8131181125890433,1.1190542555009253,0.8945401801679755,0.9321114680444511,1.190214190629011,1.695811488291315,0.843512971656231,0.9446731536077104,1.526627203852993,1.091433172826929,0.7216767480343504,0.7462816818640041
1.0,1.0,1.0,1.0,1.0,1.0,1.0,1.0,1.0,1.0,1.0,1.0,1.0,1.0,1.0,1.0,1.0,1.0,1.0,1.0,1.0,1.0,1.0,1.0,1.0,1.0,1.0,1.0,1.0,1.0,1.0,1.0,1.0,1.0,1.0,1.0,1.0,1.0,1.0,1.0,1.0,1.0,1.0,1.0,1.0,1.0,1.0,1.0,1.0,1.0,1.0,1.0,1.0,1.0,1.0,1.0,1.0,1.0,1.0,1.0,1.0,1.0,1.0,1.0,1.0,1.0,1.0,1.0,1.3528876126096328,1.1670835643012585,2.302089188563606,1.214380580156957,1.1740496825188178,1.433057935337158,1.1233352551183016,1.4820773810264658,1.7867891675848846,1.0181421121452991,1.088884734009726,1.1903357836265482,1.11274299686186,1.027116133854526,1.25037863661679,1.1186409469785494,1.3491135726718024,1.2232545241844497,1.278653636858512,1.2259965778884052,2.2122028569912913,1.6808490421166677,1.113221410042202,1.3806391485268417,1.501992827764406,1.1408745934305464,1.1846696469435578,1.1511425389897976,1.4701942548971996,1.3058861663962251,1.3895765587631712,1.2164361564609436,1.302208669110989,0.9585418989008736,1.3394274147021537,1.0025146090119614,1.0310772149905998,1.163926455283098,1.4263448405334471,1.2753419778832749,1.1325302813079903,0.9623317431542273,1.308088272976982,1.102006261151188,1.5390395942589685,1.4654967787847268,1.1094796741702657,1.2630514292045734,1.0867541633303612,1.751173898969928,1.4821394038689146,0.8490606881325033,1.644474844537688,1.0695375253898023,1.4804322078674976,0.9497809982769767,1.1331679512369093,1.2824068275099754,1.102732455073722,1.068144474511009,1.2124621842049348,0.9538045914076339,0.9567265282262819,0.8038245765045771,1.3570605190901874,1.0620531349571976,0.9021832669089946,1.1162004402503893,1.2619930383833333,1.2708928584469752,1.043998206722294,1.0314894172695284,1.2180339594615721,1.0670059916430206,1.0547979154598282,1.395509297718398,1.5036917363391527,1.7612656507758317,1.9804561794478488,1.249741167189344,1.1695587608439948,1.2044721130655842,1.08800346239348,0.9865512103644523,1.1140798212842822,0.9514002226274041,1.4929959000299293,1.0711698887882073,1.3719378200167602,2.1766395549154565,0.8830992931782038,1.07005482838803,1.0276005782486526,1.2305543062651598,1.6108884621587944,1.065470606639274,1.01195506030803,1.3661496320880602,1.2696465501830931,1.1468199422475434,1.1316346622608882,1.226467315598292,0.9985576606665792,1.1826240962905221,1.8123465462941066,1.8674438954715684,1.2436549641784256,1.2328303473574058,0.9397491976730179,1.3166949927490919,1.5365426493719663,1.0469892852487228,1.0791318098350606,0.9332590354779788,1.9688246419608761,0.9781508115961748,1.4440055758251176,1.5789759131156735,0.9282976581948145,1.0313111949380942,1.367768057392556,1.1583235774989327,1.3618114400149035,0.9664350950052499,0.8953786673096944,1.211898709277257,1.039841950051365,0.9919789919103384,1.2641333950435771,1.4891085773489272,1.3077758589526507,0.9683571965300053,1.1917565473299656,2.140131576817777,1.2564477416995588,1.0867603902614962,1.182348572156411,1.2196875981903645,2.2621352848367047,1.5124402847232545,1.0149850506101799,1.1335392022544726,1.2499781149885476,1.632958531693467,1.4104113944413261,1.3522184895984222,1.2031688189027543,1.078848045168068,0.6158355847128287,1.173779006375043,1.1281665081458738,1.1003724864531679,1.2272607857408846,0.9739579994067847,1.1356864302215224,1.541739961238408,1.440671003091793,1.3374728964559333,0.9551570400219522,1.8822059906369932,1.3284155143394183,1.4117890523544276,4.559770964878739,1.824327479705058,1.1958277284184509,1.5959781396077954,2.1121316927728206,0.9853668052844176,0.9647880025958645,1.309159629624328,1.2868842143762516,1.1796301720534577,0.9905963208402954,1.1520981581435836,0.9415877334002625,1.1746957586727527,1.304209918285426,1.0239630656300411,1.0144820652621642,1.2868001204728303,0.8328354975260047,1.1720865786477876,1.2474081196976718,1.0422689122642288,1.0791164029700306,1.0393555384401794,1.0540609819557074,1.0370207337229527,1.2616553898374432,1.3790426603736523,1.1198641434723848,1.449132940317804,1.9721226488218995,1.4043781334191197,1.1791067087287141,0.9302530626244986,1.4707676243282681,1.1909624719158387,1.0630227653717528,1.082615296153148,1.3074055943418104,1.1582259217940467,1.4992702593180964,1.4660331124765227,1.157544917433576,1.6783085564989473,1.3340493561372941,1.005235611148811,1.2359899329063506,2.317099810822784,1.931884459177499,1.1604312626132218,0.9954437703749346,0.9890320201393299,1.0796439669790279,1.066242991846579,1.057950056712766,0.9307754573825946,0.904673995410557,1.1331694569592534,1.368939187143662,1.0255588980460377,0.9552107450720095,0.9732737985415599,1.0651712836545064,1.2895062248736198,1.744176949131321,1.1500153237001822,1.3904004127646314,0.935049948374733,1.1244702194714167,1.5268202910620805,0.9695550048992336,1.3330898998205314,1.2760099723042782,1.0742421027709654,1.8436827559454567,1.0557859632445719,1.5531606908346585,1.3829423903829752,1.3146354696143492,1.4112759744816374,0.8714822383391256,1.1997079364319962,0.9503881487148597,1.194985018218436,1.2368270257549974,1.3161600113671306,0.9932989826377618,1.1650449621418821,1.6380563046577568,1.1058956267420375,0.9587132157588001,1.0990149696212423,0.9732675567046241,1.3568900781658957,1.1515981080997684,1.4435429769368642,1.5521506629023742,2.443704843434049,1.3669620007237242,1.023213650705294,0.9113496283458096,1.0397331157043526,1.3059761151575415,1.3933309984301578,1.0501601620492362,0.9263730387032771,1.1860721381146737,1.04653181514031,1.2112393589523045,1.013133419098508,1.128771274007153,0.7990435752814722,1.1380776248008635,1.3654463595678772,1.3741431892436853,1.0973127349755178,1.2503349095247147,1.2201671517820174,1.1549296037811323,1.1406702284321182,1.219931927775697,1.0371995630210578,0.9752461309589822,1.0057915747742958,1.2566946017379217,1.3104238325643203,1.0680425263876785,1.4136093857272916,1.3253613920667096,1.2565105600421465,1.0281303499373835,0.8928906116938181,1.4475188029165866,1.2814827556688486,1.1382675533987126,1.1794500037628444,1.161064406509861,0.8223767661838861,1.2797353431201008,1.3162299123638992,1.1571821818627144,1.0796801147874409,0.9512180179218888,1.1650726236899343,1.16757574121582,1.159083404432333,0.9606522116006646,1.2227791176376128,1.0959841679787798,1.2148978746194457,1.2780159099747972,1.137463483986458,1.0810646560709138,1.2171034094714768,1.2442678411785464,1.5700427738028648,1.1597713462180588,3.0808378522172015,0.7625501461458337,1.0236585251237384,2.4137030393314083,1.3258817969813916,2.3646147351362137,1.2477763871008256,1.1076575954239956,1.420195134628723,1.0226508579561302,1.2646055519799535,1.5508886796046144,1.926421727201117,1.3413254370104548,1.437938536898053,1.2822662321973652,1.6900876053680225,1.118898590483023,0.946927096124303,1.3257944773326433,0.7749110968515078,1.2866735614311728,0.9610467701266727,1.038526250520282,1.8507016950686284,1.2068219365276285,2.7302640718985316,1.0256527799590476,1.492645719625871,0.9287231607067767,1.0591537174306214,1.0070899659433112,1.3114674522868923,1.5810741778764295,1.1029376080966697,1.135084806493935,1.1416548981792243,1.0255382429286626,1.2727208012237528,2.71730551057717,1.6303908293442695,2.0236860344303897,2.089189132096378,0.7671237436001956,1.9003392127995284,1.6428310587339883,1.4630993625239341,1.2580100356299302,1.4794220507988791,1.477715612613343,1.503550028966452,1.3209451682726616,2.1336413738321145,1.323402784786725,1.8215415270732853,1.4462486738779827,1.5116668538968365,1.9299655853523436,2.7846313453786875,1.3769654691345736,1.5307887653615178,2.4717569083398514,1.7690864544223923,1.1763093329887655,1.2102294697187195
1.0,1.0,1.0,1.0,1.0,1.0,1.0,1.0,1.0,1.0,1.0,1.0,1.0,1.0,1.0,1.0,1.0,1.0,1.0,1.0,1.0,1.0,1.0,1.0,1.0,1.0,1.0,1.0,1.0,1.0,1.0,1.0,1.0,1.0,1.0,1.0,1.0,1.0,1.0,1.0,1.0,1.0,1.0,1.0,1.0,1.0,1.0,1.0,1.0,1.0,1.0,1.0,1.0,1.0,1.0,1.0,1.0,1.0,1.0,1.0,1.0,1.0,1.0,1.0,1.0,1.0,1.0,1.0,1.0,0.8576402281807783,1.6969821887509906,0.8912893222339624,0.8616745205861078,1.0528801140638495,0.8271959298287845,1.0898920954387026,1.3149525228468313,0.7471756090517747,0.7999024194897122,0.8760800169132098,0.8182875218331884,0.7559660644988634,0.9163695607834281,0.8210062535938111,0.9929282078177588,0.9007261965942572,0.9403963927451171,0.8962421103042075,1.6296473531357634,1.2348772819531921,0.8173772206102927,1.0133347101331691,1.101667774615672,0.8363946124600204,0.8693579460332623,0.8461310834622404,1.0805900977473093,0.9607755909981079,1.01651967916058,0.8939254031358863,0.9574064428985753,0.7051434392920657,0.9858073658619472,0.7358426186943401,0.7584645202573286,0.8564751941573073,1.0477249853121036,0.9390434007050259,0.8357345006819364,0.7092536191836903,0.9609414490760616,0.8104824005886871,1.131639266898305,1.0871891084174155,0.81517350979716,0.9291469905517472,0.7990175148230577,1.288115145109308,1.0937404003131501,0.6242447805222988,1.206834680702526,0.7847186610692225,1.0879896841817571,0.6988285021948644,0.8315223428729845,0.9423140368517369,0.8113110488166639,0.7846130649526046,0.8930034730170564,0.7009926514880928,0.7037710550204561,0.5889473309385909,1.0014142937880313,0.7801182805915354,0.6626170190663148,0.8229890250515198,0.9275370058366557,0.9307553430806592,0.768948937647024,0.7578438135523318,0.8974601842290378,0.7805005585239534,0.774867971459319,1.0237519274106943,1.1067924026693507,1.2929131740049167,1.4494425208406725,0.9212706766637603,0.8578067379053966,0.8813881063388332,0.8036501716634865,0.7223273416114646,0.8191305531124895,0.6975345532829014,1.0992441208914474,0.7851590370062635,1.004097028098345,1.6035670754592588,0.6492352513911691,0.7880493658268304,0.7549190570965598,0.9036020138626816,1.184175927341467,0.7824628739219396,0.7485422123621013,1.0009764854798409,0.9342885724182795,0.8421462691071724,0.831076010292767,0.9037712381568255,0.7334279577923339,0.8696897241488378,1.3321338949083348,1.3738767836719175,0.9136670342951813,0.9020080202770018,0.6900589587735299,0.9690827857124258,1.1245113474848285,0.7698376137153784,0.7961739325359836,0.6847939643894212,1.4535674580537166,0.7212882124270887,1.0623937793119849,1.1616457792312906,0.6845211980938449,0.7602411940678193,1.012895364521866,0.8509518382591573,0.9999525430649523,0.7092838355507728,0.658658343899235,0.8918532178394716,0.7641734516233181,0.7336469631787726,0.9307024518619149,1.0994280891765817,0.9591415029320048,0.70901868030786,0.8756646108884596,1.5739905887261403,0.9249604081382827,0.7940142824531589,0.8687468003270823,0.8981186692551497,1.666340132634955,1.0980291856779738,0.7417199281689033,0.831834215528261,0.9212943788906505,1.2012819986972239,1.044253563490952,0.9971526316041078,0.8861345686978241,0.7943962197517651,0.45270495061501903,0.8662458445284095,0.8272348388170423,0.8083818402721599,0.9016252747025884,0.7133660515300191,0.8324006732964994,1.1338020046947621,1.0644835144235771,0.9838036090192195,0.7017884591303232,1.383366393965429,0.9808628789201863,1.0410186607984184,3.2177731492777624,1.3470948000050185,0.876556616223668,1.1594070418869658,1.5538540693870453,0.7237717036688989,0.7103958377176312,0.9644536073366035,0.946905774317509,0.866558806277294,0.7287496474265012,0.8470486283027535,0.6924729876464764,0.8614293167353603,0.9585388639714806,0.7496235535190832,0.7442331918961396,0.9442753196075924,0.6084359497307904,0.8595282943605509,0.917726760516135,0.7642666358160444,0.7895416837090654,0.7630821768817926,0.7731313625481258,0.7654235871161967,0.9291345836295128,1.015261846321248,0.8213217037844927,1.0674540951802642,1.4510735357979625,1.032076649533939,0.8682328503103036,0.6821441189658541,1.079380618162041,0.8760426785425377,0.7779357410710873,0.7947235408152471,0.9667400054451549,0.851246502942161,1.1041448098769748,1.0767207570936468,0.8552779907975296,1.2348788461877522,0.9743532268124488,0.7394023089772928,0.90835940249824,1.6929486969245124,1.42163797673241,0.8556424218160987,0.7327875426826892,0.7251285628278821,0.7943533011789683,0.7799197023914594,0.7770674922706193,0.6826047871201093,0.6650905846152357,0.8357253280550604,1.0060767401496973,0.7549519965166707,0.6999201252659712,0.7143542456961642,0.7829170446437965,0.9510040088084695,1.2884334472528334,0.8466684995036966,1.0234553642076967,0.6874167161748512,0.8287388304726349,1.1094771935929,0.710005284696632,0.9807409783948424,0.9400567056642306,0.7872904915500897,1.3670457006735812,0.7763348945972506,1.1462918467445378,1.018375560347633,0.9670657832696428,1.0331578266638148,0.6389345409466842,0.8824326792308815,0.6984008097977845,0.8735532164714175,0.9094462973895819,0.967302967390868,0.7299881458541819,0.8589946473422279,1.2058241788198427,0.8133784476675946,0.6998661517635405,0.7998929488519155,0.715182774467432,0.9981347259343951,0.8467925593441057,1.0614590532394177,1.1428193223412992,1.7929287295903973,1.000706737969651,0.751153530514689,0.6669569078467952,0.7637849929196723,0.9641452391576659,1.0256332072664327,0.7714253307614021,0.6797546042931155,0.8753131304827464,0.7654572289153487,0.8896609959743669,0.746848151080237,0.8271224017122738,0.5856994133011206,0.8454812474091475,0.9996873167094246,1.013509078255805,0.8051526789423351,0.9184329123401067,0.8958767739492668,0.8480777917118527,0.8397257833691716,0.8977449090465147,0.7628620669550847,0.7178859593384019,0.7442162256631826,0.9305177640326803,0.9542515208191678,0.7835290331782065,1.0394737333128385,0.9821486156456631,0.9242360399611694,0.7523172896289495,0.6538848595523306,1.0637491768294285,0.9353521839081651,0.8355421689926251,0.8603613376380645,0.8501178796276929,0.60318114043615,0.9402851450840063,0.948510567834129,0.844795254723975,0.7882949231447285,0.6963867119014027,0.8538589735324525,0.8542069638453955,0.8508716990892145,0.7064301934350001,0.8960998004864694,0.7994932978843455,0.8864852965852454,0.927801583799321,0.8270713125508328,0.7852888722503607,0.8918880559903687,0.9097611335508755,1.1594003233613566,0.848688277206191,2.2731474794389257,0.5588653067608598,0.747235691217138,1.771656503653468,0.9776150031590969,1.7485147679847386,0.9163672322290303,0.810549938244758,1.0420241450909502,0.7517516607807352,0.9279783521865959,1.1336358182724804,1.3960292957627307,0.9828814311201453,1.0585557353394746,0.9395913524509372,1.2222873595706818,0.8223278374466565,0.6935178907773496,0.9708075289136486,0.5643942391026939,0.9345824261488606,0.6986925364053245,0.7590239448754272,1.3506420172343443,0.8827657414888939,1.9920501510757018,0.7548557427127367,1.0969379660613352,0.6822740509938559,0.774796968718817,0.740857764650441,0.9643699408033015,1.1615721915569623,0.8097875317314776,0.8339053205355433,0.8401605851414302,0.7475267092019429,0.9367600343395157,1.9926347567343847,1.1984707155675083,1.5085859588602994,1.5422846956374068,0.5610654381308617,1.3851245508683985,1.2071019250996802,1.0750315487889759,0.9295405644297352,1.0887419922785946,1.087812467321476,1.1057460982448943,0.9758354070272474,1.5606629393076086,0.965482367001838,1.3357926380748455,1.0680029633882009,1.1105415474872524,1.4165749270536194,1.99805558952674,1.0017754912493382,1.1250924675558158,1.820142952554257,1.301311009797825,0.8589879241589169,0.8882684026018233
1.0,1.0,1.0,1.0,1.0,1.0,1.0,1.0,1.0,1.0,1.0,1.0,1.0,1.0,1.0,1.0,1.0,1.0,1.0,1.0,1.0,1.0,1.0,1.0,1.0,1.0,1.0,1.0,1.0,1.0,1.0,1.0,1.0,1.0,1.0,1.0,1.0,1.0,1.0,1.0,1.0,1.0,1.0,1.0,1.0,1.0,1.0,1.0,1.0,1.0,1.0,1.0,1.0,1.0,1.0,1.0,1.0,1.0,1.0,1.0,1.0,1.0,1.0,1.0,1.0,1.0,1.0,1.0,1.0,1.0,1.9678146571014767,1.036582805719665,1.0007422487690367,1.2222300858812312,0.9573906801410978,1.2658451584062558,1.526559356929127,0.8689913900248056,0.9290552376150982,1.0157792769709322,0.9499564705525062,0.8749229732340733,1.0668578850499404,0.9534780718867408,1.150098790735472,1.043844923532664,1.0927096086319281,1.0451380836992745,1.8932849748104847,1.4394264814651878,0.9490326821149621,1.178442480539609,1.282321660026783,0.9736332870299785,1.0117998091652658,0.9820410457866698,1.257913209666427,1.114482852374214,1.1860182117809455,1.0385593209028148,1.1117768938662103,0.8179037265896927,1.1435998521070863,0.8552711132838883,0.8790786725393143,0.9939245475714931,1.2176957748804333,1.0886113397452637,0.9680811352263419,0.8227332675106522,1.118875639447909,0.9397511253077622,1.3136992773533176,1.2473660033551468,0.9475849108374604,1.0795825929086562,0.9274603358774447,1.4964799210063826,1.2646368630487208,0.7237619518380742,1.404835394646954,0.9136467817453264,1.2611807182859192,0.8105561019658076,0.9664877369081897,1.0948677548878074,0.9405007161168222,0.9110143712881178,1.0343642723623288,0.8134460892473323,0.8155219476686655,0.6856720583899305,1.1574222430417616,0.9071934301854719,0.7687323080470514,0.9521729570724511,1.0775642492517163,1.0840641218155633,0.8901834800708444,0.8794056301800894,1.040102677634927,0.9100295541023902,0.899998461241391,1.1910069788580029,1.2854031695523296,1.5020312027938638,1.694034077972467,1.067133920469045,0.9988415301871505,1.0288278554015906,0.9306270074513185,0.8422709510747739,0.9499583358265937,0.8114194528008352,1.2754399016079399,0.913970665260995,1.1714717677848037,1.8556911557820537,0.7537995415257215,0.9134337375740185,0.8770894948163743,1.0507125960223243,1.3757233686001946,0.9088398459521888,0.8658231214999313,1.1694978985391011,1.08243680127854,0.9794024892821376,0.9659144639327619,1.047035243346957,0.8517709432753794,1.010014379321087,1.547736110404082,1.5988960296437205,1.061001783803793,1.0544618342064842,0.801404676972532,1.123656781053689,1.3111597212309245,0.8937299914889163,0.9213865305453295,0.7962201317296136,1.683470583575346,0.8348103860218696,1.2315792845072044,1.3489032728227477,0.792237377083965,0.8811437291626185,1.1677212372319346,0.9867800529413565,1.1622279579350758,0.8259903898153824,0.7637047617002479,1.0359483610530358,0.8886116232370804,0.8473628822056092,1.079144723231177,1.269041842243635,1.1159719072035896,0.8259774054153559,1.0165139663916387,1.8286294820609723,1.0723852830477727,0.9280075387061371,1.0091483005932402,1.0411579750956073,1.9288447852977781,1.295056483356317,0.8674308718978205,0.9665508263532538,1.0671915995296004,1.3912417254102394,1.2046376284068245,1.154190919820007,1.0260675050423163,0.9221432113605116,0.525928535884836,1.0028272454915763,0.9618083625580678,0.9398613037978123,1.0486958680476715,0.8309944629152157,0.9705188771947997,1.3165046316568934,1.228852955233105,1.1412302644491996,0.8158043736727107,1.605883313335555,1.1352577807590238,1.2063261859876464,3.898545764447153,1.5476624194693107,1.019031223106171,1.3565632442375035,1.8076862699447063,0.8404685478875118,0.8222611217854052,1.1163976399417983,1.0978142651098994,1.0062546278680218,0.8456974224673796,0.9832812394423962,0.803172603886974,1.0035058783908393,1.1132280509617298,0.8732573444731649,0.8648098517322216,1.0997394020944888,0.7101134124169766,1.0005087858499113,1.0661945969139417,0.8881744079848501,0.9201884271061828,0.8857212581281282,0.8989617378018293,0.8847501414047949,1.0771056437793791,1.1773677066830595,0.9543787049357781,1.2362730409570268,1.6869673451034273,1.1995127734405537,1.0056404531721825,0.7935610885961096,1.2561189484934354,1.0167013106132772,0.9059409091197369,0.9232713397679885,1.1186787890951753,0.987794428182527,1.279547271863868,1.2528408606520287,0.9890267218259046,1.4321833558272266,1.1369377112155645,0.8572694645723318,1.0556203949577871,1.9861072070006798,1.6515983092846858,0.9902252212928289,0.8493048969436214,0.8449200332876055,0.9205920867282278,0.9087654151208707,0.9021111310692853,0.7941938151533938,0.7718510632314989,0.9680747258621301,1.1704090668506966,0.8748075928984858,0.8152009185873033,0.8297861586122277,0.9070571937008042,1.1003378796131122,1.488354774527043,0.9820403371385419,1.1874213331975307,0.7972832393684701,0.9590770773736226,1.306478958633036,0.8251629399874872,1.1386079601952916,1.0881540262361438,0.91590783622408,1.5746520536064075,0.900144080055128,1.3232919044340663,1.1804094141904817,1.1225610235984602,1.2096569966203417,0.7433501004955926,1.0234420206566055,0.8099375249598866,1.0186424012576385,1.056238398501477,1.1236080041722982,0.8471662139622471,0.9942110007444898,1.3996489457731447,0.9424545487524777,0.8169412847149615,0.9381763524586146,0.8301655865381037,1.1578677512948499,0.9837886460733425,1.2325385539343812,1.3240424062955327,2.0858887404171944,1.164571183962455,0.8724524324113265,0.7776921551006384,0.8867053569545393,1.1146832531165967,1.1904274092766705,0.896237032771609,0.7904190220491798,1.0116404747260266,0.8937223727362014,1.0348334800887034,0.8643787862347652,0.9644697777135864,0.6810861736189897,0.9700885342300672,1.1631123482584913,1.1717949941362713,0.9354430471141286,1.066174382092346,1.0437047917877593,0.9841273927254441,0.9732138340930215,1.0394699262695726,0.8847964231069687,0.8305856345408869,0.8557936565302078,1.0708368564111623,1.1151354750739173,0.9114250309427182,1.207482221504258,1.1325744106800557,1.0727026563999487,0.8768840202391421,0.7624197553721902,1.2342378254225532,1.0944129384555452,0.9723076026096228,1.0066909788453766,0.9896745983445792,0.7008709555401862,1.0917773719341257,1.1279284120099797,0.9884146240170073,0.9202927779342011,0.809326984428203,0.9946220636149153,0.9965092131756927,0.988523056782697,0.8205998926962483,1.0419460455889606,0.9358459276692734,1.0374664307020827,1.0885817643157798,0.9698172150129494,0.9208007956515999,1.0377948596433084,1.0626456243050262,1.3397016798827375,0.9877398419394541,2.6254434517568646,0.6505055276118257,0.8739466315974218,2.068518581390077,1.1311652574913533,2.0199228765518917,1.0652267971934868,0.9445266910000121,1.2124574653609748,0.8721681720948997,1.0787543974532228,1.328315778233311,1.6554856029686102,1.1476684076165413,1.2232914371460821,1.0919040184998097,1.4474634600976932,0.9554812459098254,0.8097488899005891,1.1278645723924603,0.6611551014693997,1.1005375041653527,0.8206009018571809,0.8871153853743461,1.5829093249659094,1.0292497757224641,2.3361158925313736,0.8744818852644618,1.271954057467625,0.7915878235240427,0.9009754782353538,0.8585949217917105,1.1190322744019514,1.3498611327665448,0.9425987010274461,0.9689895602209236,0.9748598023885994,0.8766271400963852,1.0873089005981016,2.315795751288986,1.391182926852093,1.7274789891719453,1.7724237416818887,0.6544215478114176,1.6289484315248668,1.4039860717462995,1.249585381788727,1.072946487573072,1.26266509276566,1.2593119706153435,1.282241569154901,1.125361483323745,1.8220627282638353,1.129285421537703,1.555832463770963,1.2360209749816957,1.2906263936694078,1.6454341047841088,2.3765698868241047,1.1777969416685634,1.3059385236363799,2.112274575572611,1.5118160813706276,1.006115577667706,1.0314857851847874
1.0,1.0,1.0,1.0,1.0,1.0,1.0,1.0,1.0,1.0,1.0,1.0,1.0,1.0,1.0,1.0,1.0,1.0,1.0,1.0,1.0,1.0,1.0,1.0,1.0,1.0,1.0,1.0,1.0,1.0,1.0,1.0,1.0,1.0,1.0,1.0,1.0,1.0,1.0,1.0,1.0,1.0,1.0,1.0,1.0,1.0,1.0,1.0,1.0,1.0,1.0,1.0,1.0,1.0,1.0,1.0,1.0,1.0,1.0,1.0,1.0,1.0,1.0,1.0,1.0,1.0,1.0,1.0,1.0,1.0,1.0,0.5250380529831482,0.5074513490831818,0.6199156632592501,0.486927151004504,0.6417437217769875,0.773703702270289,0.4401491449354942,0.47105974461523176,0.5154380730063375,0.4817273795071056,0.4446552227433772,0.5398302526131789,0.4833000393390196,0.5842156855851366,0.5301557565391269,0.553760849645121,0.527914608345206,0.9599268765780834,0.7275928431141102,0.48119242504756243,0.5970619082818147,0.6492310613673276,0.49277388707798775,0.5121030114457605,0.4982359666994394,0.6366570336861238,0.5653746931260591,0.599417933550864,0.5264794002388944,0.5637809465014916,0.415043765580263,0.5804325271009276,0.43338586270830604,0.44610204961622424,0.5042670867887102,0.6171413866263189,0.5525345551073118,0.4916484008744626,0.41762637439638683,0.5660392676117785,0.4771122437734121,0.6665524271568708,0.6377545946270764,0.4800995114214268,0.5471997680450209,0.47032399008205894,0.7589220683901425,0.6431168660406601,0.36738306039707713,0.7108318603716626,0.46232416923459146,0.6401151041511068,0.41130485303500086,0.48953193758562197,0.5552424100952865,0.47758196547932386,0.46194012088374725,0.5253724034116141,0.41267626079847025,0.4141936180173708,0.3469290032922028,0.5890858104600094,0.459472590390462,0.39027020699235004,0.48386467482054707,0.5463078263309942,0.5490620973642971,0.4525327248845473,0.4461182366905032,0.5282149280745744,0.46005668844835573,0.4562162495056034,0.603032466572412,0.6515247895145306,0.7618745959108302,0.8551555430749203,0.5420136561261686,0.5054251250588963,0.5199228329832433,0.47291181308200453,0.42583425142088205,0.48211496161246437,0.4109566086848744,0.6472142220781147,0.4626226241994622,0.592276279982955,0.9438651804929419,0.3822989375063358,0.46390188443184854,0.4446081319927029,0.5324204866028874,0.6974338100766141,0.4607868720419725,0.44019857136881313,0.5899236430954944,0.5496624754116739,0.4960658750936656,0.4894950935539647,0.5318400784649232,0.43188854953210604,0.5121039503178357,0.7847832281016788,0.8088168716962036,0.5378312971070599,0.5320320864540607,0.406409000934724,0.5703990702196202,0.6628437525559778,0.45329270046449194,0.4682614581698421,0.403402703838224,0.8551983789112961,0.4243613700241019,0.6251395003381583,0.6840487198606764,0.4024611524999895,0.4474771924273865,0.5951680701954334,0.5007280305715041,0.5888931728771432,0.417979986193879,0.387681975894798,0.5251463603917412,0.4501259732466673,0.43136709611632396,0.5477544377232094,0.6461742570455267,0.565178432780041,0.41789575482700053,0.5154280182383612,0.9269807246813668,0.5443721569822162,0.4681839641855126,0.5116938120800572,0.5285987121230964,0.980182418826073,0.6488243203514859,0.4373039531727486,0.489992291393122,0.5421746129607812,0.7071445332732011,0.6135178005727334,0.586769870492456,0.521453138509276,0.4675935836116339,0.26659091896203524,0.5093181365546996,0.4873242965702728,0.47604620727603664,0.5311024394122192,0.420373791839906,0.4902621461877948,0.6675317538253349,0.6257143635198936,0.5791656473872862,0.41331368182097655,0.8142843372739883,0.5768076300580864,0.6126244855811296,1.9161078298357894,0.7904883952276709,0.5161616756934225,0.6833372360689871,0.9153504233023932,0.426234096230788,0.4179524968678959,0.5671436658526525,0.5574712549601356,0.5103283409017131,0.4290230791033718,0.4983585192404253,0.40768937290065577,0.5074808332609333,0.5642665318565336,0.441829519615384,0.438171707120537,0.5565082810611073,0.358706415007784,0.50642115233024,0.5404534609375536,0.4500132037936231,0.4652529840624402,0.44920976373733257,0.4553394657731592,0.45006526511381284,0.5467371029511015,0.597381536582287,0.4836143844811861,0.6278414554122576,0.8536701096747865,0.607851747748491,0.5110465064416005,0.4018479167528506,0.6357069974114318,0.5157873017391335,0.45865353940259834,0.4679973491674063,0.5681351160077515,0.5011161397082484,0.64998448382084,0.6342480726222475,0.5032469032663445,0.7268109805229572,0.5741563540875927,0.4352694060702329,0.5348182442493046,0.9994934395893958,0.837063862430443,0.5032222201448646,0.43112825988480963,0.427185757451106,0.4672757603922278,0.4596028760374324,0.457576882326437,0.402037115651752,0.3915900881705802,0.4918015939123406,0.5924794381649352,0.44427301322936186,0.4124654764119311,0.42080143247240565,0.4608006731016498,0.5594698176750541,0.7577861862686761,0.49815951332072506,0.6022327848371481,0.4047818624373736,0.48751797881268993,0.6556751408827932,0.41793051640587003,0.5772897705111395,0.5532220819951399,0.46369824443347446,0.8028167231951446,0.45688163171866736,0.6738087825362878,0.5993380865894133,0.5693002844151569,0.6094982280771205,0.37645092178971096,0.5195804947220223,0.41121131974264474,0.5147801579694906,0.5356068906279634,0.5697241030281789,0.4297341822413059,0.5056313297463061,0.7097430755587344,0.4785814672445164,0.41275577937600916,0.472180764902946,0.4210386535966236,0.587617420628302,0.4986962448943685,0.6250918235367571,0.672368833853788,1.0559113006542897,0.5894034242894353,0.4422568437803098,0.39310349764126906,0.4496257838863137,0.5671139855724845,0.603965479533579,0.454189210498826,0.40031946210063296,0.514903029776435,0.45119013201170544,0.524041080747904,0.4393594859174563,0.48745416978081946,0.34500019202695875,0.49612854168899534,0.5892348350146789,0.5958261946331391,0.4739741185118348,0.5408218163214533,0.5275292204981819,0.4993125361580677,0.494251163471606,0.5286275730862074,0.44900318660181526,0.42237097510031507,0.43737481787165045,0.5462968425561116,0.5627549911284996,0.46161760700845333,0.6118008664574468,0.5772239008632459,0.5442090598267961,0.44319746562706186,0.38555276641413394,0.6261613037870221,0.55169048390815,0.4924903171972268,0.5075918973257136,0.5008864927950494,0.3551622148827362,0.5536992552808395,0.5612662184525359,0.49832454068779164,0.4645728400654032,0.41014866517192744,0.5030196781407087,0.5035436247046386,0.5010104240803844,0.41583408279778045,0.5277913238722745,0.47154879457664295,0.5229406061270935,0.5471518258848541,0.4881751310418758,0.463342168666681,0.5252107761180219,0.5365850034224489,0.6812387987883168,0.49988270227528364,1.3362591160789494,0.3292922426036115,0.4403599995059177,1.0448806041158158,0.5749711157491371,1.028247948515976,0.5399335692434757,0.4778672794183333,0.6137649534334443,0.44253310783857924,0.5471280694872833,0.6687847490277461,0.8250097791175209,0.5797954207808422,0.6225692257058238,0.5531479078909897,0.7231495725396013,0.4844027308851618,0.4088089721389687,0.5711781984748292,0.33294329428457003,0.5518303408799978,0.41249658539165657,0.4476901825458742,0.7970933538271388,0.5203614572506746,1.1751655541547203,0.4443086160122659,0.6456449860039487,0.40166525910705947,0.4561479101357072,0.4360647889015984,0.5678425394598688,0.6841860885454519,0.4771838682173603,0.49117285466923744,0.49444957896439046,0.44119034264215573,0.5515862608416059,1.1747863743019276,0.7058170483044421,0.8857877607210519,0.90592329343781,0.33055751862662935,0.8179906956432507,0.710799549371485,0.6331507068510546,0.54637971987935,0.6409150344753713,0.6396885799442059,0.6509971332445824,0.5731469614657853,0.9195124065663032,0.5696322277883532,0.7870753800002276,0.6281374241874995,0.6539742594178602,0.8340956398809197,1.1833557448397023,0.5914096595165412,0.6625644889830768,1.0725895215697563,0.7667003223372136,0.5066236068563302,0.5230747878900335
1.0,1.0,1.0,1.0,1.0,1.0,1.0,1.0,1.0,1.0,1.0,1.0,1.0,1.0,1.0,1.0,1.0,1.0,1.0,1.0,1.0,1.0,1.0,1.0,1.0,1.0,1.0,1.0,1.0,1.0,1.0,1.0,1.0,1.0,1.0,1.0,1.0,1.0,1.0,1.0,1.0,1.0,1.0,1.0,1.0,1.0,1.0,1.0,1.0,1.0,1.0,1.0,1.0,1.0,1.0,1.0,1.0,1.0,1.0,1.0,1.0,1.0,1.0,1.0,1.0,1.0,1.0,1.0,1.0,1.0,1.0,1.0,0.9663405602109847,1.179694716492508,0.9246809304163603,1.2204070184016773,1.4704509538634603,0.8382981242448315,0.8967282677990587,0.9798066844897491,0.9158930469437703,0.8452628888090796,1.0290692894992204,0.9209718304236579,1.1111864305335066,1.0072611241479676,1.0525981621186569,1.0086452115348965,1.8212827920545105,1.3832681045564836,0.9160217080279518,1.1361144238799727,1.2372541613800352,0.939196563337019,0.9748594417870096,0.9479854464627037,1.2102177254777626,1.0746984633885999,1.1441642513110426,1.0014781714147856,1.0721385054931645,0.7887300611618465,1.1028801772124384,0.8252498103233192,0.8483934391556476,0.9578607285175251,1.1746259934363452,1.0499673310064035,0.9321504315108698,0.7922933446414584,1.0764504393089034,0.9073974817530019,1.2675961843937484,1.2065566606968112,0.9132733337636627,1.0393323403722003,0.8948733856606654,1.4414080631572088,1.2200588751329375,0.6988955840997599,1.3526080540147667,0.8808307517486342,1.218074927813888,0.7818635132347058,0.9323052711366545,1.0559249704032214,0.9077136674544029,0.8793692127470845,0.9982798366441159,0.7852394201887127,0.7873274180024858,0.6616006912049464,1.1174153357852925,0.8740583301773976,0.742690632331245,0.9183189935471054,1.03950444418058,1.0463578770319921,0.8595084837417817,0.8487882683509786,1.0026495468702623,0.8782821500974154,0.8682089435875652,1.148740882373262,1.237392432147008,1.4492474164493345,1.6303783597196113,1.0287601541770157,0.9623701588109004,0.9912891292038559,0.8957581817240851,0.8121380278727821,0.9171389577671321,0.7831033030102226,1.2285789857867633,0.8819809982001534,1.130109146104967,1.7934793960413797,0.7267685430403132,0.8809149060313326,0.8458745264265848,1.0131683336780914,1.3263510300186458,0.8770538404001369,0.8328286244003071,1.1240378024301538,1.0449479201618566,0.9439021058700601,0.9317745583642797,1.0094870672592806,0.8221560270930715,0.973903109663844,1.4927052352901138,1.5375881323394838,1.0235233856123926,1.0152320198179496,0.7737523472924004,1.0846337751040664,1.2649461436390652,0.8616731614532622,0.8883131832111351,0.7682727554410544,1.6204430115315787,0.8054397267157476,1.1886053267209826,1.2994077960896682,0.7639543031413714,0.8489156182835056,1.1252316893516987,0.9534753974587418,1.12048022773214,0.7956260601669121,0.7367976992622329,0.9970675480037511,0.8557889086834338,0.8166320878382648,1.0400448223198597,1.2253475831337655,1.0776698305086425,0.796912112215703,0.9810990069317014,1.759654003171504,1.034403852758194,0.8947011543187424,0.9737371228998801,1.0043180553359956,1.8621496529042174,1.2465715470591308,0.8352908719685985,0.933308076418262,1.0283246408236073,1.3446439084864994,1.1604229259206877,1.1136063743778484,0.9906558244877653,0.8878917984197073,0.5071017068717689,0.9660584319205336,0.9286190119500166,0.905665930797665,1.0107990935537328,0.8022133551694344,0.9345687666476796,1.2687660353428594,1.1856436752947115,1.101321248494588,0.7858707227103396,1.550002939366618,1.0931856797710684,1.1622171683067242,3.7629869701971717,1.5022152341053692,0.9841087700913016,1.3143620432212497,1.738104516387085,0.8112873105314824,0.7939940828928169,1.077055464871304,1.0592715763947127,0.9708619002276346,0.8153876517495746,0.9477912739228325,0.7751620000445567,0.9667350017716265,1.0736381755505502,0.8426845663652864,0.8350634160415042,1.0590125022063435,0.6854609780437573,0.9647791695990291,1.0265848544562086,0.8575529267027701,0.88825667020124,0.855287217940615,0.8675520719336907,0.853791054084265,1.038674093942213,1.1348246838035454,0.9216232331160468,1.1920838182543774,1.6224394114052312,1.1560157221069716,0.9706981614833186,0.7657762717046861,1.210120805110377,0.980781066908365,0.876005521311277,0.8911442948497394,1.0749436205327818,0.9535641994472013,1.2351091285420166,1.206601720568714,0.9529193854353679,1.3808789023067123,1.0979527795919324,0.8275425432684035,1.0174815749005308,1.9073414871371561,1.5907897003716718,0.9551803844685999,0.8191677163284459,0.813909220648826,0.8881968947341006,0.8774717741558365,0.8708829960138103,0.7662292752872383,0.7446851680352764,0.9329028376020133,1.1267114523579176,0.8442798168656258,0.7863439437888928,0.8012571490575903,0.8768703362869825,1.0614176904058357,1.4361412819923725,0.945438600882787,1.144978221041626,0.7691972178878747,0.9257895461244559,1.25717824013177,0.7979466531461437,1.096740412394639,1.0503690639421095,0.8838901740598674,1.517872389666552,0.8686913663788618,1.2770501949440587,1.1387201205453932,1.0821241785286164,1.1618363379046963,0.717330159343821,0.9876690972195565,0.7824868107877705,0.9838082850552473,1.0181393133548964,1.0838176910669062,0.8174274464605746,0.9581646321894878,1.348462689520737,0.9105655597646438,0.789207356081146,0.9046982503515966,0.8008346848261213,1.1165253954085113,0.9480320468917947,1.1891663523282583,1.2768987054677736,2.012611995058426,1.1248418397751334,0.8421577966930799,0.7505351662805793,0.8558850867684318,1.0751903978368973,1.1467161708801918,0.8643398210769422,0.7625977461133642,0.9766747904610078,0.8615166703449479,0.9966100444876917,0.8340799591954992,0.9292158558596694,0.6571671856846605,0.936383729692526,1.1240482604720323,1.1306421756835656,0.9040297874081982,1.0288349369514767,1.0041691734303493,0.9507062706589717,0.9391904925808318,1.0040998289729886,0.8537585338385205,0.8030834945716515,0.8283520384988725,1.0340955605550102,1.0785027718810216,0.879266695156146,1.1636665490649194,1.0917791467147868,1.0347001120042525,0.8463681886834337,0.73515959454468,1.191357835804428,1.0548916279569502,0.9372332018956624,0.9708877849901243,0.9560164113343581,0.6767275701597393,1.0532972679481611,1.081617768143542,0.9525188196381811,0.8891180386934945,0.7826835790565411,0.9589201465532828,0.9610657225072184,0.9537463697471329,0.7906359738738156,1.007603174497199,0.902309516755334,0.9997338399522402,1.0519109776559197,0.9366172472045355,0.889895678923736,1.002043332885414,1.0244311968641138,1.2920502914673304,0.9549937764545804,2.5318083433781515,0.6278143745291828,0.842677764507091,1.9881142168752897,1.090499016886849,1.9470306698902664,1.0277308622588517,0.9122152553385419,1.168942010612891,0.8418694059142573,1.0414081259185295,1.276395326163314,1.5882329625685565,1.1048185732994606,1.184497417456886,1.055974065917419,1.3913911298674106,0.9213195381558362,0.7793935961814964,1.0907898593515595,0.6375966359435725,1.0598541577804825,0.7912117616269917,0.8546643257894895,1.52289374848229,0.9931038924551424,2.246860824268235,0.8443912615625486,1.2281785006756487,0.7643109992474629,0.8708767748342281,0.8291512398116061,1.0794092827711292,1.3014340573316352,0.9078391045846135,0.9340942213585874,0.9400945040868104,0.8442784016188976,1.0475407385726652,2.2402148841815435,1.3431849020158684,1.6666760785059473,1.7188154187743336,0.6313240513082894,1.5632797697499323,1.3518256124640229,1.2044143889433818,1.0353807812594393,1.2178694111260975,1.2168241350336544,1.2377728551733211,1.087211805775162,1.7554520032079877,1.0897731904933923,1.4960000648914185,1.1911462783012983,1.244397971925795,1.5889199245484265,2.2966014032550865,1.133725937773435,1.2603346014616115,2.035112018848915,1.4561493063560318,0.9677474751249474,0.9961441268130793
1.0,1.0,1.0,1.0,1.0,1.0,1.0,1.0,1.0,1.0,1.0,1.0,1.0,1.0,1.0,1.0,1.0,1.0,1.0,1.0,1.0,1.0,1.0,1.0,1.0,1.0,1.0,1.0,1.0,1.0,1.0,1.0,1.0,1.0,1.0,1.0,1.0,1.0,1.0,1.0,1.0,1.0,1.0,1.0,1.0,1.0,1.0,1.0,1.0,1.0,1.0,1.0,1.0,1.0,1.0,1.0,1.0,1.0,1.0,1.0,1.0,1.0,1.0,1.0,1.0,1.0,1.0,1.0,1.0,1.0,1.0,1.0,1.0,1.2202649615685552,0.9567300871622118,1.2608635540873188,1.5197274484067984,0.8665538106263706,0.9269755013692584,1.0125918667115033,0.9465470073602164,0.8746096400020895,1.0635523537702525,0.952101742244335,1.1494319065895247,1.041448520726827,1.0874637943374366,1.0424611582145824,1.8804625749476973,1.4275593193229794,0.9474403297200662,1.1741451646775452,1.2783601393456572,0.9704943010076117,1.0069374947621124,0.9801306286334988,1.2495390284063852,1.110886384327971,1.1819692584683923,1.0348781031696623,1.1080960855624706,0.8154526451540246,1.1400626983553845,0.8529648031900419,0.8773459512313098,0.9901998092083082,1.2143350064092264,1.085219716264112,0.9631272086403309,0.8188707808846794,1.1116693902424575,0.9384314539839654,1.3101904092712808,1.2497707605161872,0.9437593664335614,1.0735899013513888,0.9249367981827015,1.490001795313141,1.2627069154631079,0.722736244625683,1.3972531158962525,0.9096254139328378,1.2605060935557795,0.8081330315667486,0.9639508523876656,1.0914759947887216,0.9388487510716246,0.9092733739539275,1.0325091280081256,0.8123546182484185,0.8146922747608984,0.6836457741630109,1.15561191319243,0.9028281190344951,0.7679235658955932,0.9499163093171793,1.0741918599392424,1.0816795918062394,0.889259690778557,0.8780720921826795,1.03627509435962,0.9073566802092278,0.8977919526422872,1.187274651758746,1.278990535459981,1.4978895625195752,1.6825776715588159,1.0636221171762976,0.9942361340378674,1.0242201382330376,0.9255447676590255,0.8390582042048123,0.9484917841108882,0.8094245058045348,1.2696920419196807,0.9112112817294511,1.1668019136196959,1.8542502051199825,0.7511414213092569,0.9108678695097369,0.8746131779565336,1.0467002205346123,1.3707646017768493,0.9068823211548678,0.8604770814972246,1.159326045894952,1.0807123955173528,0.9751506182119608,0.9629124433262211,1.043528772065147,0.8499405925934183,1.0061731984859277,1.5422283499754803,1.5860986772885348,1.057455743083914,1.0473976641851757,0.8000360405773896,1.1211197596323155,1.3070610803207263,0.8906897726858752,0.9184294396025203,0.7941994010142069,1.6761605758077214,0.833013723234614,1.2291097158090296,1.3428397552010447,0.7895491724672501,0.8771173289827128,1.1637344077041143,0.9864150826393856,1.1577808956504003,0.8216172538234044,0.7621393406404895,1.0301946795821753,0.8841234240975616,0.8444405334425035,1.074835252086747,1.2683954407660023,1.1133507360688581,0.8236975781730668,1.0141946086994307,1.8193035946484621,1.0693261675817882,0.9239797368683913,1.0066282789429184,1.0381097822670344,1.925861643140518,1.282663705604177,0.8624546826745019,0.9647540774802932,1.0634201108528412,1.3903822138406388,1.2001582897083494,1.1511400848061375,1.024544809325239,0.9170407966878559,0.5239739543564998,0.9979436641639936,0.9600618897587592,0.9354852598508883,1.0439913490678983,0.8286842233352979,0.9654941439657377,1.3109704524404189,1.2266911122683541,1.1386512804577056,0.8120573346084237,1.601428141825604,1.1296959024576498,1.200934584245573,3.8591811989376428,1.5569335306263632,1.0174128172201664,1.358536615262095,1.7938108897935992,0.8389863374530334,0.8215960400720098,1.1138904379084322,1.0959147866073482,1.0033538077511666,0.8426469911041172,0.9796075151750313,0.8016263771419331,0.9991315033794768,1.1094149657916177,0.8715685068055792,0.8631812394644576,1.093368420402037,0.7083501538640871,0.9963786272901368,1.060756648820191,0.88690695210743,0.9178863221910216,0.8848297650290466,0.8969297581383366,0.882603412447664,1.0738529875903788,1.1725507605406655,0.9531548795280331,1.232994130306472,1.6751598247781105,1.1944221325012943,1.0041052327486066,0.7914409649771543,1.2503517619514282,1.0136184816862188,0.9060551906317718,0.9214880428565559,1.1107741305906287,0.9853552066688305,1.2769400259045347,1.2463951121813834,0.9853211636218273,1.428066766488549,1.1348460116933552,0.8560457610925442,1.0507741035918658,1.9644865667462716,1.6431375879159287,0.987800776964307,0.8469434278040362,0.8406814465794987,0.918562341722487,0.9073039046374033,0.9006117900185265,0.7917874298395572,0.7703490324373481,0.96444342973958,1.1634655012610895,0.8728702833650466,0.8122853290913795,0.8287099830808355,0.9072454779159483,1.0978030496972164,1.4851008196347202,0.9774310618094495,1.1822879255302636,0.7959313859618623,0.9578560837332637,1.2961351541997286,0.825513274680238,1.1334892087818793,1.0868341921428843,0.9138738889072324,1.5695503388371033,0.8985317066387509,1.322661146400348,1.1770758491451239,1.1185993285290958,1.198117729033718,0.741548035063268,1.0215745254166206,0.8094720599433785,1.0168866771014367,1.0524243879400121,1.1202141321186008,0.8454123288254408,0.990937883146728,1.3924816386205188,0.9421267431014877,0.8161545757501597,0.9342859342647452,0.8279005790427344,1.154541997682099,0.9794599583334787,1.2288319130284973,1.3206798805232394,2.0801012480873213,1.1633061150129067,0.8708061316156908,0.7752827504612539,0.8850088920170132,1.112007371251194,1.1849675273779936,0.893717119518753,0.7880361079874161,1.009968438353829,0.8897776068348318,1.030032331803072,0.8628303057807976,0.9593589148505426,0.6795775723590927,0.9689713682131792,1.1625232487599475,1.1699323607497734,0.9340768419267971,1.0641325279835199,1.0375407782726087,0.98345583594426,0.9710328177902325,1.039572992814549,0.882762894090459,0.8308439941582078,0.8585263704576794,1.0704030025175046,1.1145834421391616,0.9089156574265275,1.2020166575857756,1.128307167184617,1.069441380688184,0.8745284094676301,0.7593942983674035,1.2316305115077983,1.0884241056825947,0.9685624694423812,1.0024834807213596,0.987744518997169,0.699621475519965,1.0888585409902307,1.112443685537022,0.9835870967966862,0.9180786227067668,0.8095856930264502,0.9907266139641683,0.9927848492572361,0.9863946613005081,0.8165453814354794,1.0409294443006325,0.9319142360581092,1.0322445064179826,1.0864943349334895,0.9676857092719862,0.9192504384730259,1.0353127693892064,1.058024084137595,1.3362345704897902,0.9873463011365118,2.617028878550596,0.6487391579818775,0.869358944666981,2.0519129221696737,1.1279751488221221,2.0134411078298924,1.0623555520045511,0.9429651741052962,1.2075120976363767,0.8703955378962817,1.0770531410994626,1.316117534643122,1.6313120777648553,1.1402419061937548,1.226009486335942,1.091281457385584,1.4332658293353504,0.9521323499382759,0.8046270831272715,1.128245147153982,0.6584196775090824,1.0916852477415193,0.8164098832058642,0.8826369126919291,1.5712832728340231,1.0259088099246256,2.3161616118937793,0.8734969015208623,1.2699272112387736,0.7906142610261264,0.9009401666372869,0.8574888550905861,1.1159315670599526,1.3448011090123542,0.938407623551269,0.9653076652011364,0.9718910976876162,0.8711894359797311,1.0828713087701411,2.3138823091787675,1.3882391172419521,1.726391843424917,1.7797585228563402,0.6522409118155038,1.6108537680665644,1.3955101955486258,1.2446712044255792,1.0711053946295042,1.2586856839640985,1.258797152372043,1.2804346465125298,1.125225521065785,1.8127261255504186,1.1255690859553802,1.5465718891555986,1.23043114491196,1.2858406467553172,1.642994571550938,2.362052199269594,1.169693171031813,1.3029243886824666,2.1059664057928096,1.5052360757079266,0.9987313241923786,1.0302141388132293
1.0,1.0,1.0,1.0,1.0,1.0,1.0,1.0,1.0,1.0,1.0,1.0,1.0,1.0,1.0,1.0,1.0,1.0,1.0,1.0,1.0,1.0,1.0,1.0,1.0,1.0,1.0,1.0,1.0,1.0,1.0,1.0,1.0,1.0,1.0,1.0,1.0,1.0,1.0,1.0,1.0,1.0,1.0,1.0,1.0,1.0,1.0,1.0,1.0,1.0,1.0,1.0,1.0,1.0,1.0,1.0,1.0,1.0,1.0,1.0,1.0,1.0,1.0,1.0,1.0,1.0,1.0,1.0,1.0,1.0,1.0,1.0,1.0,1.0,0.7840844568443828,1.0335850678544438,1.2459310405881054,0.7099676986164359,0.7596273394709728,0.8300287396939895,0.7758489911483815,0.7167424092982865,0.8712053382923481,0.7801234683560079,0.9420828850246215,0.8537446819659292,0.8914466156762633,0.8535547346227482,1.5421651182552094,1.1703878936683214,0.7761491679709898,0.9620314968952749,1.0474769537458455,0.7950625685149013,0.8250872016437262,0.8032498983580543,1.024361984114929,0.9105616586892522,0.9680015037881343,0.8481625765634044,0.9081634034108836,0.6682585461769895,0.9345128796774134,0.6988585168308107,0.7190090024189905,0.8115956250523314,0.9951110668961578,0.8896281324316504,0.7899489700821662,0.6714392001313992,0.9111932322001817,0.7690666665582238,1.0738668990907452,1.0253696694939984,0.773449802931495,0.8801017955733914,0.7581288572616889,1.2212377826895362,1.0351713250138002,0.5922714341682367,1.1449450232460547,0.7454929406271351,1.0325687024605643,0.6624004257452295,0.7896722161138265,0.8944964850903824,0.7694099003718529,0.7450849389592669,0.8463510267353704,0.6656058169366484,0.6674797487961743,0.5600085089826526,0.947515695158638,0.7398995088293943,0.6291552399207597,0.7787147186969445,0.8804742137774815,0.8858897052638038,0.7287939374493435,0.7193650301686371,0.8496287720785305,0.7431528507861991,0.7356763783262541,0.9725789245770883,1.0484567929288826,1.2272278123206877,1.3782201001220924,0.8721057716182146,0.8145691940734598,0.8387279891842425,0.7591932530372925,0.6872289459169517,0.7772654377078052,0.6630307482742308,1.0408153823172035,0.7465327815247831,0.9558851302287821,1.520314069071745,0.615611794050698,0.7466823283238837,0.7166064331538247,0.8577954519642461,1.1234904812917144,0.7430176764784487,0.7061149806708664,0.9501406912452678,0.8856949696781239,0.7990322737915801,0.789035950155113,0.8554903012187418,0.696483911225137,0.8248069051395591,1.2641072403013118,1.3009655806093026,0.866539249080565,0.8581574426803769,0.6554642836493895,0.9190404263255978,1.0704933074613519,0.7299661522836957,0.7530650908350336,0.6506404406266977,1.3743297059537876,0.6830086237280977,1.007290042247004,1.1006610275300386,0.6474753087242223,0.7192804580174379,0.9545681431507607,0.8081670933484252,0.9487102286069551,0.6732874647359259,0.6245310651292488,0.8445245773593983,0.7246184946245369,0.6927427095012986,0.8809408881434385,1.0399217983573568,0.9122463233137375,0.6745368250270996,0.8311499867451531,1.4906691154638128,0.8765741194002818,0.7566846358730619,0.8249318181236562,0.8510179961542503,1.5786028057084955,1.050371263553619,0.7062944939334413,0.7904367226107845,0.8717728096226993,1.1394247975738325,0.9846256983588211,0.943933481755418,0.8398373671938236,0.7519028428839567,0.42953109825215446,0.8184663530579245,0.7863875155014745,0.7666707330241201,0.8557317852434653,0.6788915859908671,0.7910136515181577,1.0745463229841905,1.0059243703143927,0.9332854166005728,0.6655149926968832,1.3127035866416206,0.9266298507860713,0.9847985249350679,3.1496018804359665,1.2762946155760313,0.8333497558260043,1.1114312319289992,1.4709947124469904,0.6874344055109293,0.6734395034949706,0.91305744814856,0.8979967161294168,0.8222509271163436,0.6906948119919984,0.8028550900598006,0.6569452539647699,0.8184931227462389,0.9092556638847873,0.7137808809631796,0.707197660544251,0.8960078457221986,0.5799712212847438,0.8163789930758603,0.8695109387886654,0.7263989243125619,0.7517390668662436,0.7248337574434267,0.7347713416474133,0.7237682126624524,0.8803126230771126,0.9613120289945483,0.7807639837468365,1.010518158629071,1.3735899778183118,0.9789365784864335,0.8229274208455686,0.6483826657880319,1.0245546963736964,0.8308305800675169,0.7421669241008486,0.7549122940800074,0.911184445036843,0.8076347988800296,1.0468561938961007,1.0214823789644853,0.8082066338550808,1.170204039094816,0.9291094857694859,0.701459788726027,0.8613169598965301,1.609495434934125,1.3470295155873917,0.809889151163488,0.6941619993501008,0.6887601437026127,0.7527214286443838,0.7429288154304192,0.7378919062729039,0.6486899126020558,0.6312895975414977,0.7907944879190669,0.9537822651117737,0.7154292863448664,0.6653780642826461,0.6790024454193804,0.7433092818297493,0.9000574134461565,1.2177539656026104,0.8010514962564679,0.9694373161272302,0.6520489831916236,0.7852591223988343,1.0607945117451185,0.6759463722733322,0.9290436321787808,0.8908028836703139,0.7484747134620768,1.2877938824584134,0.7361778722014698,1.0837811988681079,0.9649522211373578,0.9168243706746225,0.9818111909560143,0.6074423824372708,0.8371439559395657,0.6632241044822207,0.8326339224271488,0.8625614850904746,0.9180828352407746,0.6927205929087179,0.8121527501272979,1.1417409980070685,0.772046497607914,0.6681395567521791,0.7645749423681946,0.678319653997653,0.9461979280601579,0.8028610696514893,1.0072631631774853,1.0822365733216763,1.7042137434738402,0.9524914083501326,0.7133894192225761,0.6350823521322259,0.7251677374275657,0.9118803814657221,0.9714281947906841,0.7322928793748826,0.6457099404570452,0.8281675152288673,0.7287756250469727,0.8439805974636085,0.7073464987561192,0.7859862758088099,0.5564992152529886,0.7950745747024556,0.9517524021340495,0.9590128020277795,0.7654297565022431,0.8718147150798456,0.8503146521043425,0.8057266685009123,0.7959461095447626,0.8516919738320461,0.7234686660396619,0.6809797076197541,0.703957474628806,0.877875220752566,0.9120433747376571,0.7446082514252927,0.9852476766668109,0.9259659452460347,0.8766033094432713,0.716325207749309,0.6221221986651018,1.0091883205602667,0.8913319393376504,0.7937111987920595,0.8207424878194438,0.8090215015053932,0.5731176401586723,0.8920882145701536,0.9096332979802203,0.8054287661768567,0.7517798046115904,0.662862628851516,0.8115735583733337,0.8130660318815522,0.8080639876951444,0.6693570588740443,0.8528940474347988,0.7630942485855561,0.8451178664557105,0.8888227429498167,0.7918477725351017,0.7520778118927154,0.8481888279577666,0.8664019828550954,1.0958365495903233,0.8085032478862628,2.1448422072273705,0.5314375888663581,0.7120053943262117,1.6821764768441418,0.9246112381995213,1.6515272219126322,0.8705647554105899,0.7723531999096785,0.9893966492314529,0.71329517424099,0.8824559497391494,1.0782760723065115,1.3365547309417902,0.9343491609086578,1.0047926237748501,0.8940324145648578,1.1727943125364484,0.7803531308768046,0.6592258139577623,0.923921734402549,0.5389112570159654,0.8938214029025577,0.668169238800524,0.7228051525293944,1.2869385712001264,0.840123337544745,1.8969697842251332,0.7158436310247345,1.040524654198728,0.6476903690036104,0.7375183065400637,0.7027524012015761,0.9146017189659843,1.1020608038787785,0.7690011936332617,0.7910299251571584,0.7968228700986,0.7134450527616955,0.8874944895801276,1.8959883102275346,1.137692059765786,1.4180016400675375,1.4580475401964215,0.5342384181604789,1.3192599465617967,1.1438592428313783,1.0200205900612485,0.8782842968715364,1.0317861651099796,1.0317222340562926,1.0491359064890546,0.9225755986084851,1.4848314592135528,0.921495115168799,1.2662507253208193,1.0094469665053003,1.053831873745782,1.3463343350613055,1.9306370699654418,0.9577022697619386,1.0677316604650715,1.7258300963823268,1.233727788877708,0.8180198201776353,0.8439668005557728
1.0,1.0,1.0,1.0,1.0,1.0,1.0,1.0,1.0,1.0,1.0,1.0,1.0,1.0,1.0,1.0,1.0,1.0,1.0,1.0,1.0,1.0,1.0,1.0,1.0,1.0,1.0,1.0,1.0,1.0,1.0,1.0,1.0,1.0,1.0,1.0,1.0,1.0,1.0,1.0,1.0,1.0,1.0,1.0,1.0,1.0,1.0,1.0,1.0,1.0,1.0,1.0,1.0,1.0,1.0,1.0,1.0,1.0,1.0,1.0,1.0,1.0,1.0,1.0,1.0,1.0,1.0,1.0,1.0,1.0,1.0,1.0,1.0,1.0,1.0,1.315234721265778,1.5848847564248048,0.9028581072080647,0.966562034027522,1.0570145133342441,0.9874849207203691,0.9130879041984993,1.1072607640309047,0.9920947334522665,1.1997851698584179,1.087528764015416,1.134165957176224,1.0832586011479863,1.9630368414331638,1.4866058457654359,0.9875282848259583,1.2236931845410526,1.3315404642687723,1.010567200002391,1.0489516758806423,1.022506522457351,1.302344773208957,1.1591143174794274,1.2292015216591403,1.0793055402135345,1.1559653812297177,0.8511207642919842,1.190123690054948,0.8889327189928415,0.9153136086037683,1.0333237859987146,1.265768589168568,1.1329811141101627,1.0064615732788214,0.8553369652900488,1.1583235721646368,0.9792238494230197,1.3672546379020285,1.3112584603017656,0.9838606988756256,1.1201178579688982,0.9646308764355102,1.554261398865187,1.3198428917032157,0.7540382699553424,1.455545931781225,0.9473176049310899,1.3147750059367742,0.8433680243991326,1.004129062500256,1.1383111303228142,0.9798122332357322,0.9479166177211604,1.078063698560388,0.847099787800029,0.8503810655146413,0.7116297226585244,1.2085702271823036,0.9412031866825206,0.8013233903733172,0.992293028829224,1.1203263612128678,1.1263944748870491,0.9288410512806715,0.9156620972436945,1.082514793386582,0.9436794765632037,0.9358659829327942,1.2367929920702103,1.3344124001473197,1.5616597804031762,1.7506669629631628,1.11105728215172,1.0354475245866912,1.0654625254577603,0.9680168709366566,0.8729848565297111,0.9894171229463644,0.8431336288766563,1.3258447900314319,0.9487509354429293,1.2137555561218054,1.9375102588857323,0.7835762574937427,0.9511835985717016,0.9119616020357931,1.091197693319872,1.429695803726001,0.9454717932553247,0.9002663106579085,1.2059867394887531,1.1281240894609694,1.016348900222233,1.003868745398731,1.090200463808106,0.8860730191864319,1.0496880341186403,1.6087783411899936,1.6534748394594345,1.1029420654247901,1.0890139200393123,0.8341136923060412,1.170377059168357,1.3596453739883638,0.9291738761677748,0.9599758933357652,0.8275384769264442,1.7517488194205697,0.8705047565644942,1.282652284523877,1.4012009482303502,0.8248617239855389,0.9164801677426813,1.2196564695590846,1.028413771788255,1.2068636367315904,0.8559883792833662,0.795336058554986,1.0751529884396072,0.9218364752842626,0.8838886807238513,1.1228395474659507,1.3265040786602165,1.15988750857271,0.8574228857825371,1.0576366525233656,1.8981054882300818,1.1163586928639888,0.9597646039906609,1.0497035505573538,1.083988173968108,2.0113214970327427,1.3265664535267585,0.8957711842081345,1.005538785608344,1.1109894638720381,1.4521280701257973,1.256419533537076,1.2032891994526402,1.070059324323767,0.9570727696614134,0.5464079855176083,1.0431644912980755,1.0001541773863722,0.9752522864172468,1.0880205554782991,0.8625134920434081,1.0044365140536553,1.367663214526888,1.283314514657423,1.1882995414172397,0.8466522366312703,1.670156397135945,1.1807398185681468,1.2549087018832596,3.923426701872356,1.6292656683402558,1.059604134852559,1.406263552580707,1.8707900298234448,0.8746997798252869,0.857973931577371,1.1633371749273078,1.1439736247721015,1.0462264681428628,0.8793039537295685,1.021433202453438,0.8364914062833382,1.0401656768249787,1.1567546948438996,0.906618992372919,0.8992794780874808,1.1392320142506067,0.7361034064717659,1.0380094154990225,1.1067646507896711,0.9237946973938292,0.9546491013924343,0.9223046383136653,0.9342063674268668,0.9231886064817008,1.1211656584519138,1.2238132207212793,0.9927703478362424,1.287652025558599,1.746440735496399,1.24540179964423,1.0487266685921748,0.8243872594926617,1.3023731760448838,1.0578109244851346,0.9422976176856487,0.960351151463409,1.1616177675675472,1.0277117819833719,1.333709774771601,1.2990516813184994,1.0308071310395195,1.490454558421268,1.1787567553037368,0.8934121667047112,1.0957006999117298,2.040286734949298,1.7144572245320835,1.0319678846232754,0.884155515295633,0.875182641211342,0.9586594653620489,0.9435484068227689,0.9391119825978853,0.8245670092100074,0.8033782595725559,1.0076075701420897,1.2127037981595739,0.9114716297892449,0.8456817187754877,0.8635506529368735,0.9468401384827785,1.147275256353771,1.5541665017820143,1.02023642406383,1.2341416026032475,0.8302561997130877,1.0003909182397481,1.3419507261686292,0.859277782365027,1.1827387407964505,1.1354063830136938,0.9515162929705553,1.645622196764298,0.9375731303454268,1.3835213135998325,1.2291034134475802,1.167040648386806,1.2455255473087172,0.7723347740974531,1.0660756972947278,0.8444334706149625,1.0566638239445205,1.097856207466136,1.1683429154349314,0.881616231370459,1.037103922446455,1.4533686643101866,0.9828392164940567,0.847698556071655,0.9681899173858421,0.863591230230103,1.2047112307742731,1.0217161673329658,1.2818659079885195,1.3790084306691515,2.1664070222887517,1.2105432639894902,0.907654523636304,0.8063362705019151,0.922685122676713,1.1631580979649998,1.2370355841900311,0.9314780988315832,0.8210177238219909,1.0566926711821933,0.9248562973050367,1.0736951717388932,0.9012455396589659,0.9983493455592747,0.7079363004870112,1.0181695264824282,1.2104109393729738,1.2227374969265576,0.9732802845806816,1.1096785991587979,1.0798691044571782,1.025358158558491,1.0139744997206277,1.0857143059267362,0.9210204908701011,0.8677324339309165,0.8997200854804399,1.121636379301544,1.1564457550274878,0.9469302428624409,1.253594972067918,1.1823798556281528,1.1159576404768066,0.9092837422792226,0.7904183234961467,1.2847593608710257,1.1302087371106198,1.0091671604138357,1.0408904644856314,1.0280999048390467,0.7290144226671236,1.1358157997331824,1.1448738516330172,1.0209669355853972,0.9537589268020428,0.8429260700903687,1.0311052840108146,1.032327046033977,1.0279004748630072,0.8517517135425543,1.0839903351669562,0.9668111322535866,1.0715685816327754,1.124362942540361,1.0025378268355696,0.9519364167838542,1.0776263817029252,1.0998655941294433,1.3966695376112683,1.0271642111205108,2.742614409793826,0.675586974751214,0.9025239400596521,2.136177380433069,1.1787694087872294,2.107771488180614,1.1074529928162513,0.9808030549013759,1.2579411884303169,0.9079488999787687,1.1229767801173238,1.3671007386749139,1.681120428552838,1.1868839141289458,1.2808341896062918,1.1361978789758962,1.4783126393888444,0.9930113742080291,0.8368072125198167,1.174169809061524,0.6827565622121848,1.1295029652103923,0.8454747767194399,0.9171446628687905,1.6306834833266641,1.0675706784909877,2.402173242099537,0.9119800726213767,1.3253539619872488,0.824529943906981,0.9373287077711496,0.8951300228492625,1.1644338352128534,1.4024517016524654,0.9775631099685487,1.0064065540216918,1.0136142233610195,0.903216241353813,1.1303553203030305,2.4117288779512256,1.4486296689669074,1.8161784612436294,1.8657730228136273,0.6779805762371167,1.6704179903781045,1.454865182549629,1.29767795785799,1.1210524882834338,1.3140521794848505,1.3144174636670143,1.3361666033830952,1.1773336697899952,1.8840194700040345,1.168588210687096,1.6123672901898465,1.2867323384064286,1.3405474747270436,1.7117256747570537,2.4274730405935516,1.2103662055553124,1.3592242262532497,2.1988180468272063,1.570160605396561,1.0363680873411758,1.0738453702577602
1.0,1.0,1.0,1.0,1.0,1.0,1.0,1.0,1.0,1.0,1.0,1.0,1.0,1.0,1.0,1.0,1.0,1.0,1.0,1.0,1.0,1.0,1.0,1.0,1.0,1.0,1.0,1.0,1.0,1.0,1.0,1.0,1.0,1.0,1.0,1.0,1.0,1.0,1.0,1.0,1.0,1.0,1.0,1.0,1.0,1.0,1.0,1.0,1.0,1.0,1.0,1.0,1.0,1.0,1.0,1.0,1.0,1.0,1.0,1.0,1.0,1.0,1.0,1.0,1.0,1.0,1.0,1.0,1.0,1.0,1.0,1.0,1.0,1.0,1.0,1.0,1.204993856352314,0.6862842445618352,0.7343272885762648,0.8028245108275378,0.7502976638488983,0.6925218040969117,0.8420916918679722,0.7540385755481274,0.9105304783517106,0.8255280932156662,0.8624351118722319,0.8246884171384421,1.493150481641833,1.1332963556955233,0.7499704308867794,0.9301328733538765,1.0128182721307184,0.7686679790828777,0.7981458095771814,0.7765114642677801,0.9914213175360502,0.8805743671579581,0.9357967348967412,0.820299978951479,0.8782400974627482,0.6461385257710233,0.9037684887494619,0.6756410154424817,0.6949756297561718,0.7848611411739694,0.9619754097713098,0.8604500984735728,0.7646078668385459,0.6496095523081529,0.8817073598077262,0.7433623540184323,1.0384512470101344,0.9910828483622951,0.7480522831567089,0.8516362016933428,0.7330872450575577,1.1811659275123811,1.0005391370608245,0.5724230635586369,1.1073777222336534,0.721217553959388,0.9974823313037903,0.6406029202511798,0.7632098137325352,0.8648987773415275,0.7436872306714788,0.7200956102080067,0.8181748644078264,0.643119123301058,0.6448918823203738,0.541335633758738,0.9163376502068377,0.7158173477487272,0.6080719199135641,0.7528156796547156,0.851504176900372,0.8561788334550509,0.7043827015298895,0.6950338102807843,0.8219398939939313,0.7182917339544594,0.7110073197803632,0.9402590374308377,1.014079785701293,1.1864609146958571,1.3336814166643711,0.843471137406163,0.7877814737786408,0.8108785505231669,0.7349140924027383,0.6644383270436575,0.7512376686542084,0.6408863144210536,1.0068257586017753,0.7218505120957426,0.9244549163558011,1.4701829176659065,0.5953334768458678,0.7220182827597186,0.6926952701118834,0.8297065660295246,1.0865373795881426,0.7181414934995372,0.6836222334644496,0.9199655607526815,0.856158265307749,0.7729460359808571,0.7629945930333243,0.8274451429183961,0.6732811269342547,0.7978682095866103,1.2228209120841067,1.2601483452968831,0.8380370004640743,0.8305388889570893,0.6335352599050044,0.8888011438164884,1.034718080525201,0.7058782117771469,0.7284617814450494,0.6289470264235937,1.3291807323903007,0.6604346653615153,0.9737760871273589,1.0646642544120914,0.6263170126348938,0.6960152767082817,0.9237114972175287,0.7807531110818242,0.9175027240599447,0.6514216210037462,0.6036014086509246,0.8170243274212332,0.7009659282693799,0.6702014158961642,0.8521208098503861,1.0048843399296394,0.8820961885985027,0.6518683526969078,0.8035167672777361,1.4416589929069148,0.8476862532037066,0.7315086251368769,0.7975384282339337,0.8231191396267448,1.526193670704422,1.017452578276374,0.6828787252398374,0.7640374077270491,0.8429628280169894,1.1014864611031656,0.9526033676985971,0.9131325269037027,0.8119081694234696,0.7277960319468546,0.4154387243536057,0.7922788717791855,0.7599730598705479,0.7417480511085669,0.8279731676306243,0.656379059976991,0.7648553598334944,1.0394732716006985,0.9726542377439766,0.9023163206216362,0.6436860671004068,1.269583107184054,0.896797663003224,0.9529939257099362,3.044497088926481,1.2318604797025938,0.8053209098569105,1.0727023705210104,1.4245447522731167,0.6643688442523324,0.6506910498175951,0.8827428695946511,0.8678085104769369,0.7950950922552176,0.6680910536895641,0.7764425073129585,0.6350182385317549,0.7913561798665276,0.8793996637012511,0.6894232945928176,0.6835190488114642,0.8670624896100442,0.5603225919654671,0.7896038049608147,0.8411849840652625,0.7017642832426653,0.7264525262168549,0.7002108440129479,0.7101120879764458,0.7001542198169901,0.8512718008081894,0.9301107571376184,0.7543102377463213,0.9769631246951841,1.3295527304809456,0.9468951452554661,0.7954874109757079,0.6267123660470479,0.9908054074025592,0.8035299194158667,0.7167133837768696,0.7295883320854496,0.8821102554594107,0.7810659416366524,1.0123622490763378,0.9880845674846366,0.7819425329499046,1.1313970835790716,0.8974690567324752,0.6779335945874836,0.8333879068322647,1.5598897405172214,1.3036418322705472,0.7831261068017057,0.6712125187380464,0.6661136738365656,0.7276340125124297,0.7175618421904095,0.7131448394181918,0.6271063322260305,0.6100162645147384,0.7649826986243944,0.9229743928647542,0.691807143082011,0.6434176141335326,0.6560252501856374,0.7181541216415489,0.8702845913462847,1.1779354164215314,0.7745815970322802,0.938259537191753,0.6300428413798074,0.7589630716815366,1.0261863825940132,0.6526678563991859,0.8985710795975235,0.860922441713739,0.72322065080641,1.2465274168531668,0.7115053531767583,1.046984087858023,0.9332463376977544,0.8865757193859504,0.9507751715671495,0.5870492726902578,0.8091336578143973,0.6408330324417497,0.8044624536406513,0.8341069877155742,0.8877678922763765,0.6694748203145638,0.7853607499963138,1.105121328216556,0.7459696050462705,0.6450408663380341,0.7387376568026511,0.6557727382149515,0.9147702415945334,0.7767147422091903,0.9742668548452973,1.0463604049986115,1.6474908667351347,0.9199807609977901,0.6894742199377588,0.6139690350731484,0.700834695429952,0.8819064781061159,0.9396748421772387,0.7078281172698158,0.6242750380414213,0.8008344785911732,0.7046061956103893,0.8161644064255482,0.6838123664289962,0.7604261605807832,0.5376411841507177,0.7692896252018865,0.9193432878499574,0.926861403577576,0.7400761158892241,0.8424539493012215,0.8223376316104825,0.7783752481293712,0.769633422569859,0.8226593730217999,0.6994420725961059,0.6579697585356492,0.6797465503562783,0.8487266825077915,0.8805340944059067,0.7197892640119194,0.953290685399907,0.8965782786590707,0.8477328804778982,0.6922926722006226,0.6015061260871579,0.9756412738715423,0.8621673932733838,0.7674898236779211,0.7933051038966732,0.7820447441414173,0.5538402863474754,0.8624732014490306,0.880483891484776,0.778582761000181,0.7267301045016035,0.6401167566431811,0.7846245321574026,0.785996167779959,0.7808462835792257,0.6476458844481001,0.8245286199913255,0.737507428809816,0.8169996499465488,0.8582846282597996,0.7646999547059447,0.7261565980567918,0.8199140819168,0.8376629313228181,1.0597881054120823,0.781060054414476,2.0747032169928374,0.5137375242413962,0.6887166781360823,1.6285400477602985,0.8940000772643701,1.5978184870155117,0.84165059770416,0.7462503190803429,0.9569862372143223,0.689551253587904,0.852651047771156,1.0439372510506115,1.2966080283296586,0.9042699305041997,0.9704647018686019,0.8640370294534333,1.1343798301597166,0.7546714903509624,0.6377663118431307,0.8920286335630119,0.5207283278278074,0.8650358361209246,0.6459228090895105,0.6988329597258265,1.2449308140865245,0.812048563493923,1.8363974774730325,0.6918939967500026,1.0057060011724133,0.6258386037135781,0.711994475753049,0.6792595285217858,0.8842939216582306,1.0658613152169796,0.7434781943195299,0.7649850596573241,0.770505049767718,0.6899615984073637,0.858328634391887,1.833746727862469,1.100185258056007,1.371859800905836,1.408640058140187,0.5163760161504873,1.2775220548018655,1.107131988116743,0.9865013828457054,0.8493435808670948,0.9978559123759358,0.9969482398958118,1.013921953538152,0.8917416143556498,1.4356286557136213,0.890414015056264,1.2239525832113292,0.9771782829372606,1.0191680792019346,1.3009332928367483,1.867727768699453,0.9260649477002629,1.0323080210321613,1.6682102087110526,1.1932541854812717,0.7911587575065903,0.815488842869575
1.0,1.0,1.0,1.0,1.0,1.0,1.0,1.0,1.0,1.0,1.0,1.0,1.0,1.0,1.0,1.0,1.0,1.0,1.0,1.0,1.0,1.0,1.0,1.0,1.0,1.0,1.0,1.0,1.0,1.0,1.0,1.0,1.0,1.0,1.0,1.0,1.0,1.0,1.0,1.0,1.0,1.0,1.0,1.0,1.0,1.0,1.0,1.0,1.0,1.0,1.0,1.0,1.0,1.0,1.0,1.0,1.0,1.0,1.0,1.0,1.0,1.0,1.0,1.0,1.0,1.0,1.0,1.0,1.0,1.0,1.0,1.0,1.0,1.0,1.0,1.0,1.0,0.5686353656062988,0.6084349033907268,0.6653166388554512,0.6218894787298124,0.5740659784693085,0.697852141234421,0.6247305500959617,0.7542502502001254,0.6840317931092039,0.7149270755675518,0.6838283031365823,1.2376864553443014,0.9397441748981707,0.6217123335255996,0.7710083532004814,0.8389294081759266,0.6369761317666591,0.661522860558756,0.6432683951901791,0.8220746121016462,0.729930677691143,0.7752329765470518,0.6796591071646196,0.727672002473558,0.5355495954566425,0.7488965455398904,0.559854526312445,0.5763127584698517,0.650616100452864,0.7970492498463114,0.7131104612036033,0.633898729292919,0.538403955512166,0.7310927882917537,0.6158762250384529,0.8601450048557402,0.8214261318359195,0.6199072330961202,0.7059785160370458,0.6074964362640063,0.9791540833669229,0.8293719504126368,0.4743906036746345,0.9181542113813732,0.5975957301667358,0.8269050986921309,0.5309751518898751,0.6327291141958594,0.7164902907853805,0.6163023360793853,0.5966936547664878,0.6780191497072741,0.5330324670141463,0.5345058083144278,0.4486404015516715,0.7592446544918624,0.5932791074803614,0.5036940788518435,0.6243661913632137,0.7054064119455288,0.7091273571219332,0.5837788695722124,0.5762059781760599,0.6811108522363571,0.595202693645504,0.5893709913813737,0.7792003897983564,0.8410156811589171,0.9833045277151606,1.104788244282708,0.6992325938810932,0.6529078407083528,0.6718689691996882,0.6091992158217965,0.550529304110526,0.6226516805547372,0.5310178745607603,0.8346518406549568,0.598024707214379,0.7658684462659482,1.217641431899443,0.49347764717943493,0.5983821087483064,0.5740633998509672,0.6873704329195583,0.9003484724760931,0.5951433827851071,0.567137547344204,0.7628610289096152,0.7095570654207458,0.6405741639900706,0.632180400712522,0.6859774268098675,0.5578966337901894,0.6611223645787714,1.012854757038106,1.044665461040863,0.6944752423279419,0.6881237489920897,0.5248980488120155,0.7361894458334347,0.8572229367432576,0.5850610475760888,0.6037797644341323,0.5211312892613081,1.10247895017784,0.5473126784311739,0.8071066015066934,0.8823827804161115,0.5193796808114686,0.5769082751058412,0.7657068039725433,0.64709948705669,0.7604914986140723,0.5398701922342946,0.500416272325221,0.6773480188071493,0.5810793479386186,0.5556492678743348,0.7063206495696481,0.8332884408874184,0.7302924234876229,0.540150100788281,0.6658449271358768,1.1952172810500228,0.7025186229564855,0.6061978655973514,0.6607436837022014,0.6820429944771406,1.2649362342291923,0.8423058977113865,0.5660931855812317,0.6329691265311924,0.6990138477233776,0.9125294436296385,0.7899940290096424,0.7565546565481245,0.6727951116479047,0.6032803886269311,0.3443185982773197,0.6568708051470138,0.6296286900719787,0.6147967161373249,0.6860388676132142,0.5435814405406032,0.6343111674298245,0.8616192032672381,0.8064827657412461,0.7476460389788422,0.5335562267308629,1.0518373342001754,0.7438395434369076,0.789824407816597,2.51437562690271,1.020822486635934,0.6673618813433859,0.888254858216289,1.180950000168484,0.5505520806833659,0.539361254003199,0.7320259034875107,0.7192910491272533,0.6588963396499664,0.5537085667831676,0.6439690642168555,0.5262417860227625,0.6558348903650321,0.7288654383603422,0.5715503373927137,0.5664741766408237,0.7185139167464017,0.46434139485284115,0.6542982725386925,0.6973729080876858,0.581708590991745,0.6020200274734021,0.5804635421245057,0.5885452852630804,0.5801937839604784,0.7055363278863631,0.7710274546982523,0.6252250038356064,0.8100521049817794,1.1025234345898443,0.7848856534228724,0.6591377413265687,0.5193662920745445,0.8214971159087339,0.6656655378303111,0.5935130782614476,0.6046467538025003,0.7323387812968132,0.6472335764441275,0.838558168807811,0.8190955765673414,0.6482791586497132,0.93779523435738,0.7437089621258202,0.5617871086530952,0.6906571670049744,1.2926689213916704,1.0802203427072143,0.6491869889622457,0.556375220864853,0.5522167212001381,0.6032532100350685,0.5947920949925688,0.5909656035369446,0.5197811162260206,0.5057519097945042,0.6341184847988188,0.765090324900237,0.5732282403823336,0.5331380730959119,0.5436142680750662,0.5948699661737553,0.7213254878923927,0.9762315909594574,0.6427410795780324,0.7774015118735226,0.5222960337042429,0.6291912055277596,0.8500642490676065,0.5409446302432699,0.7450794032166651,0.7134633605311632,0.599480361718348,1.0336977462911299,0.5898158530943723,0.8683417988829703,0.7733150096106081,0.7348361128609741,0.7880944671169425,0.486471661655108,0.6705671993742088,0.5309211503620871,0.6665661940796417,0.6913423936520673,0.7355540827318177,0.5549691654551591,0.6507949003963405,0.9158773140451681,0.61820473335841,0.5343926491730148,0.6121145256222484,0.5435546212175322,0.7582141636084472,0.6436056707514795,0.8070542333748751,0.8673540684768828,1.3653184995380678,0.7625644807114746,0.5713922109680156,0.5085553798407098,0.5809221175379231,0.7307480695771342,0.7789854517480226,0.5867560894812875,0.5173704412377866,0.6636354563543556,0.5840014502606257,0.6766570706461186,0.5668309623228425,0.6301931777521842,0.44577718641057024,0.6374888554330526,0.7615284735728463,0.7688192051181708,0.61282828523913,0.6982267626643446,0.6822284886964585,0.6451614852527512,0.6376390190814202,0.6816476811680641,0.5796538385287252,0.5451235497147655,0.5633805435380685,0.7037470210288852,0.729727241177937,0.5963418713825684,0.7900242614237276,0.742980231665909,0.7024396705356539,0.5737507908904127,0.49830820189597463,0.8085989272703566,0.7142765258225725,0.6361068697635188,0.6571952933447789,0.647887994258763,0.45899074986132693,0.7147693403010955,0.7304963682340866,0.6453521911070725,0.6018193841617255,0.5304700088838514,0.6503774060513451,0.6514295565887879,0.6472928957945274,0.5370216832208528,0.6827131755118279,0.6111855840825049,0.6772484471580853,0.710932981427596,0.6333326498377272,0.6015478136916383,0.6794536700272564,0.693994111721897,0.8791742879442486,0.6469014457262545,1.7189091007085868,0.4256133988073933,0.5707685389203516,1.349434300025067,0.741265628712149,1.3244581683573249,0.6971951894708425,0.6181963372044508,0.7930694472747293,0.5714112380274063,0.7063269120877085,0.8654600976921607,1.0743520131679802,0.7491134640539032,0.8038414778770142,0.7156218987522107,0.9399485809988383,0.6253108997398058,0.5286986830103488,0.7395703635477786,0.4315740786362421,0.7163732300753058,0.5351135928662285,0.5792024549340482,1.0323101613658836,0.6728824288534179,1.5228665167023712,0.5732433316029453,0.8333540599320426,0.5187175502649668,0.5903182233186217,0.5628153257423554,0.7327834733608547,0.8831260138353064,0.6163653330690038,0.6339159783927335,0.6387207013197309,0.5718093429821669,0.7114985208484287,1.5173037151520283,0.9109717786349327,1.137432411372404,1.1662638197812352,0.42792721244077014,1.0590746426568853,0.9178784324544895,0.8175873620197309,0.7040235675911701,0.8269422858399247,0.8261126158441923,0.8402091842440449,0.7391596461092369,1.1901467321641683,0.7377806203014035,1.015179329393507,0.8099222422149952,0.8444955644751986,1.0781704895737971,1.5435729129073912,0.7678131012724235,0.8552581403069557,1.3829770744081764,0.9891791884838449,0.6561166797604696,0.6757187668933764
1.0,1.0,1.0,1.0,1.0,1.0,1.0,1.0,1.0,1.0,1.0,1.0,1.0,1.0,1.0,1.0,1.0,1.0,1.0,1.0,1.0,1.0,1.0,1.0,1.0,1.0,1.0,1.0,1.0,1.0,1.0,1.0,1.0,1.0,1.0,1.0,1.0,1.0,1.0,1.0,1.0,1.0,1.0,1.0,1.0,1.0,1.0,1.0,1.0,1.0,1.0,1.0,1.0,1.0,1.0,1.0,1.0,1.0,1.0,1.0,1.0,1.0,1.0,1.0,1.0,1.0,1.0,1.0,1.0,1.0,1.0,1.0,1.0,1.0,1.0,1.0,1.0,1.0,1.0695277478232748,1.1684138785235991,1.0923217651976933,1.0082104874699822,1.2273876538140387,1.0983965330276368,1.3254441341442416,1.2013726882903284,1.2552938654815868,1.202987108595967,2.171756795774476,1.6494474710722198,1.0927163383408716,1.3549984393507317,1.4756292339582164,1.1200806185945387,1.1624961696557878,1.1307058515486221,1.44320771318282,1.2816677023810097,1.364597207026578,1.1943560526537123,1.2787109883050687,0.940724534802326,1.3153966945261244,0.9842321531081897,1.0118932807359893,1.1425387456456226,1.4012079233182413,1.2521807404159853,1.1115758790083505,0.9450439355641028,1.283691822726368,1.0823470887359306,1.5117877510796855,1.4391716566867552,1.089260809992005,1.2394267147915548,1.0672484603224277,1.7194744684241945,1.4557396325217642,0.8335809724286016,1.6131323594916127,1.0503562759259226,1.4531417979628518,0.9324351302175359,1.112044734302334,1.2595313917711404,1.0827566482606956,1.0489868580709227,1.19082667213236,0.9368465892712403,0.9392887962496377,0.7890223097228952,1.3327013438614943,1.0422663193005293,0.885709246618747,1.0953665447467391,1.2397660980376686,1.248075024423148,1.0252855057248247,1.0125774849308988,1.195699843805453,1.0474406185169305,1.0356798027903704,1.3701423811295002,1.4760180370045966,1.7283128804035024,1.9441552700868734,1.2270371561142495,1.147733849352218,1.1824350396099845,1.06829782123046,0.9686470589955425,1.0939244273817583,0.9339830938607004,1.4652195492036773,1.0518019097565712,1.3475951493735072,2.1387403157458365,0.8667671039640059,1.0507852721908701,1.0090335498411906,1.2082033515859745,1.5819427610238268,1.0461694522003115,0.9931829963815748,1.3399542506037339,1.2463340221105867,1.125630483642046,1.1112365069089294,1.2038759689794314,0.9805606383574692,1.161394841777914,1.780071043041876,1.833017212514516,1.2204088457891873,1.2104169281449488,0.922910701128804,1.2935841952940774,1.5086931737890534,1.0277054894195494,1.0594821671870465,0.9163703501413537,1.9335421896721234,0.960748191258427,1.4176281880138646,1.5497998360800418,0.9109082725422207,1.012347382383676,1.3419639760520439,1.1374005907203704,1.3361410219010672,0.9487565646265186,0.8789173522693807,1.1892080266196225,1.0206362839785008,0.9740750359416028,1.2402363770325064,1.4618973998770923,1.2852198614589483,0.9505124704539771,1.1700688150911729,2.099211909055143,1.2336808870301204,1.0671053506517638,1.161447670639534,1.1977350126634858,2.220860472211718,1.4854051706544587,0.9962938471715262,1.113112868934525,1.2266031517845781,1.6035268977888737,1.3841611140135086,1.3280256213553092,1.1816017033683126,1.0587343064224166,0.6047907459489164,1.151794939527081,1.107620120253012,1.0799575087407627,1.20542046680167,0.9567266177706627,1.1147583996764578,1.5130212913164613,1.4142092814212992,1.313544961482348,0.9372716503906644,1.8482050457472359,1.3036633843535497,1.3859535861923864,4.482602225173668,1.7918560105190795,1.1736792455033052,1.5676411559106709,2.0722519640724633,0.9677340924255209,0.9471458557428025,1.284488629980367,1.2637598315064889,1.1577896239555208,0.9723699752664912,1.1303069134218968,0.9246157779144222,1.1533029617566517,1.2803772479302782,1.0053865846764807,0.995902837259271,1.2627075640860645,0.8175936923200675,1.1503273706575816,1.224334588118742,1.0229354795573404,1.0594106340498077,1.0203171438086658,1.034847927795522,1.0180963011161666,1.2388674678249867,1.3531329212350687,1.0993729085663095,1.4219540775384922,1.9345435576684995,1.3786657532192073,1.1579116341999751,0.9133033176219544,1.4432640331056454,1.1697035477564666,1.0451708910952973,1.0629604233327723,1.281987181941069,1.1370360264564812,1.4731201885689833,1.4389751547340222,1.136630211484051,1.6471563083663046,1.3096454359330458,0.9871782301553687,1.2132018218243186,2.2730395541424784,1.8970831500468925,1.1392805197864386,0.9769891129813961,0.9706961829881169,1.0593305330766623,1.046752463940539,1.0387592446356473,0.9138500344338778,0.8884183403674556,1.1127388429719187,1.343579726838495,1.0068921056873417,0.9377011099310595,0.9558919348869056,1.0459536427417562,1.2660905034684222,1.71283478779965,1.1277347261230604,1.3650073291877867,0.9177149831504894,1.104428099130183,1.4990548306712095,0.9517772107919349,1.3079634125747286,1.2530262333394182,1.054320719390203,1.8099959503266034,1.0361868765314373,1.523852509417492,1.3580685772107697,1.2907128705008233,1.3852859167906115,0.8556379938634171,1.1781741135429513,0.9334198459133811,1.173459426307272,1.214384026014134,1.292663227633716,0.9751019960449299,1.1428349756220137,1.607676804088904,1.0862341523033814,0.9416045752493167,1.079172546621976,0.9551409223314336,1.3317765593505584,1.130593194503363,1.4182024727537175,1.523041424610767,2.400525027772911,1.3418099142313673,1.0045036067689197,0.8951229686756399,1.0209367177452209,1.282436607440002,1.3676304202256264,1.0310853914259401,0.9094543745590833,1.164706136045817,1.0275047965808222,1.1888149508978259,0.9949740777257353,1.1080164635359269,0.7839090480236457,1.1166338248241696,1.3408513619556828,1.3487533766466284,1.0780392609320077,1.227288442229094,1.1980013722779175,1.1340491929049321,1.1201499685766403,1.1980563041849215,1.0183006778177448,0.9578948756028374,0.9884356625161739,1.2333994095454899,1.2862814898182133,1.0488009413340125,1.387566610042359,1.3018513415796504,1.2340294234282445,1.0094248824142777,0.8768329258534808,1.4207322567599134,1.2577552161699592,1.1178719605543712,1.1578693284530543,1.139943373414444,0.8070836742000198,1.2562717999033364,1.2890884667752216,1.1360897144417663,1.060111905920126,0.933566055662312,1.1437221930233825,1.1461963555344448,1.1377417952798308,0.9427228675693687,1.2013820194130989,1.0762804835484663,1.1922848187275914,1.2545456743468826,1.1172623611023123,1.0613377930105146,1.1949524896050436,1.2218406031582327,1.540988096221712,1.1390685095879032,3.018116141030325,0.7487425570271974,1.0045810104291053,2.371123774333669,1.300710218957614,2.32224324531653,1.2259132804436237,1.0881332718413717,1.3938435975687666,1.0040732676090898,1.2422555321530968,1.5217211745807835,1.8922727677970244,1.3174351916793243,1.4127729140543805,1.259099426642805,1.6590240255591602,1.0988257422471404,0.9294559345282433,1.3010689398615254,0.7604160499045681,1.2632869433745135,0.9434805248152909,1.0193611765724957,1.8157133962929344,1.1842703056593087,2.678358249266844,1.0072425074131255,1.4646656295475065,0.911710673328156,1.0388770775293663,0.9889417776673153,1.2874140585709757,1.5521008936199738,1.0830765230257575,1.114107528569417,1.1213949695291872,1.0068020431968296,1.2495846081382673,2.670922889319229,1.6019000452818994,1.9885136446813252,2.049060972523347,0.7529432682014254,1.8635243848666365,1.611666027016496,1.4365067868046972,1.2348565582029307,1.4523499963058306,1.4513223819873875,1.4765545843442485,1.2967917049115734,2.0934661543061215,1.2997721519063024,1.7847309442612331,1.4202356793346358,1.4841065002319946,1.895284895963702,2.736005717032268,1.352128125943329,1.503176275457117,2.42890078192234,1.7370612256725175,1.1541800982668233,1.1882155564748753
1.0,1.0,1.0,1.0,1.0,1.0,1.0,1.0,1.0,1.0,1.0,1.0,1.0,1.0,1.0,1.0,1.0,1.0,1.0,1.0,1.0,1.0,1.0,1.0,1.0,1.0,1.0,1.0,1.0,1.0,1.0,1.0,1.0,1.0,1.0,1.0,1.0,1.0,1.0,1.0,1.0,1.0,1.0,1.0,1.0,1.0,1.0,1.0,1.0,1.0,1.0,1.0,1.0,1.0,1.0,1.0,1.0,1.0,1.0,1.0,1.0,1.0,1.0,1.0,1.0,1.0,1.0,1.0,1.0,1.0,1.0,1.0,1.0,1.0,1.0,1.0,1.0,1.0,1.0,1.0925254678252951,1.0211472774847634,0.9429661261478924,1.1467172299682753,1.0266993249105436,1.2397860401897955,1.123556672742035,1.1733856182266578,1.1234640422790942,2.0302252497483284,1.5406623332344487,1.02127851752401,1.2662570394872679,1.3791178545452571,1.0466054128025257,1.086134816410561,1.0571912921518534,1.3485175890623373,1.1982876545204952,1.2745304075958364,1.1163871011542763,1.1953962299391752,0.8794276847178605,1.229989022767127,0.9198820856448737,0.9460891599158134,1.0680372338801503,1.3097362036138847,1.1709481866283258,1.0395403221901542,0.8836264911263492,1.1994605648858698,1.0121137189207552,1.4135573348731443,1.3484724943910606,1.0179790710176027,1.1583617349496618,0.9978514197491513,1.607115484421421,1.3617872011770744,0.7794128492809912,1.5067491618238174,0.9815095303294855,1.358533181664166,0.8718721082422689,1.039126595780306,1.1773336429686172,1.012479038335125,0.9805636251171828,1.1137219573065884,0.8758527202476691,0.8782777304384282,0.7371874247013785,1.2470127847279608,0.974027019458851,0.8281414248335177,1.0245661873632328,1.1590443828358916,1.1660784004955023,0.9590374153900443,0.9465413592176593,1.118193796376012,0.9783231782998554,0.9680481478716015,1.2803419135537748,1.3796282030399167,1.6153566141025197,1.8153102779909465,1.1475723778128606,1.072205047774105,1.1041409112485652,0.9992327861850624,0.9047579280510604,1.022896696806337,0.8727551128147548,1.369858557336641,0.9828008326680262,1.2590251908262382,2.0013256221510822,0.8101836734586239,0.9825289268852939,0.9431498871963737,1.129237256416261,1.4787811085889282,0.9778925216292538,0.9290968016536739,1.2512231248609722,1.165455293986621,1.0518839285362476,1.0387164276049017,1.1259614442507964,0.9166789297820612,1.0858108304723628,1.6642034626315332,1.7130308281491002,1.140824329333855,1.1303325049486435,0.8627469071600526,1.2097561658616662,1.4092922872334248,0.9606660187658469,0.9909975650614278,0.8563941853032843,1.808062563289231,0.8987394705571035,1.3257008454902524,1.448670494759555,0.8521206253904634,0.9466275720856043,1.2558285556159063,1.0634208721022205,1.248714246296939,0.8865095215721186,0.821734504518342,1.1114182328058488,0.9537949014585125,0.9114285646585419,1.159577773138449,1.3677796771311113,1.2012881422743982,0.8879470420162664,1.0938943419930713,1.961070398999902,1.1536392656175989,0.9962770873629481,1.0858087898775852,1.120122936108011,2.0773716057505416,1.384984110019801,0.9299428122535554,1.0404437152229624,1.1470159093121421,1.4999454918317412,1.295247529063217,1.2423809437895574,1.1052265945881325,0.989697299651545,0.5653234220444083,1.077365969892986,1.0350684338849738,1.0092932149862988,1.1266616735362325,0.8938509697150605,1.0411751379199827,1.4143480493419143,1.323357883087875,1.2282947264715531,0.875761710619421,1.7280908412443081,1.2193554155273623,1.2961739216723651,4.160831585317335,1.6784387952142659,1.0967299508046908,1.4631951790399849,1.936318123572387,0.9047206080711614,0.8858501023339975,1.2014537232540974,1.1816970884521363,1.0821816970891969,0.9090833326149126,1.0565059216696944,0.8645237591401687,1.0772017075059495,1.196908005277411,0.9391570383889944,0.9308074357262954,1.1797000924436325,0.7634699882763712,1.074915446341917,1.1444220710967934,0.9558920160549418,0.989577371922968,0.9537265609273159,0.9670018464660268,0.9526274681571145,1.1585064684204651,1.2651407947721274,1.027375889312491,1.3294932083738515,1.8079748791041843,1.2886035747502729,1.0829392411831003,0.8535128364009181,1.3484075239185107,1.0936451013206134,0.9767198397197292,0.9935740978732788,1.198792758374939,1.0630786385532955,1.377925565327724,1.344670088077857,1.0632917442330676,1.5397609872738305,1.2229553603352912,0.9230841595736039,1.1339424176143194,2.1211895767525046,1.7733895934518724,1.0656975575358356,0.9135490763714336,0.9067352534021926,0.9904757000811976,0.9777279877422087,0.9711103254855886,0.853939782742452,0.8305706000452153,1.0406942640189003,1.2554682987361256,0.9416228754371945,0.8761100296889536,0.8933980390558178,0.9780701579726832,1.1842892856942902,1.6028878037590728,1.0539997003569486,1.276419018255281,0.8578045877896748,1.033080497833313,1.3978544972549316,0.8895777288658074,1.2226971746818123,1.1720284600209714,0.9850452137457728,1.6948945482493307,0.9687694567159,1.4252687813354692,1.2700479193865588,1.2066563815051732,1.2931855188866401,0.7994951785428908,1.101677133089804,0.8727847666046082,1.0960476629016558,1.1352017858953172,1.208445904599164,0.9115064420008749,1.0686747254891364,1.5031476739200165,1.0159251578627546,0.8792987171736069,1.006819762687864,0.892798790487392,1.2449843429006953,1.0568073555225477,1.3260196353465834,1.4239423177547716,2.243704095443927,1.2535974956101321,0.9389006108008051,0.8361232963676876,0.9543979565976941,1.1998841865927046,1.2785237527214104,0.9636484251727893,0.8499763178950138,1.0900154794139423,0.9595041550034153,1.1106515334771085,0.9306981108810545,1.0349775546332607,0.7323901644966715,1.0459639779587322,1.2529246688992677,1.2617018807540439,1.0077833854919143,1.147205516868149,1.1190053286631554,1.0602881490794656,1.0475755630826091,1.1204229719834746,0.9520936494777176,0.8961538635870913,0.9257820183858328,1.154932096025492,1.2008338723957548,0.9800482179813998,1.2970568862020018,1.2188437012342852,1.1538496541169256,0.9429397079931139,0.8190125231370498,1.328399926857345,1.1740073788331853,1.0447927510572288,1.0807999415500629,1.065258446331658,0.7542966610581275,1.1742795745732164,1.1991259336304512,1.0605113723460515,0.9900254173801186,0.8723201516738075,1.068440603901991,1.070537502335862,1.0632961576308446,0.881208227994499,1.1232023775496416,1.0045182838909892,1.1127169474084542,1.1703198389669285,1.0425108479334857,0.9902766827890006,1.1166693616255978,1.1409288642962494,1.4418687584745247,1.064310626636622,2.822994158556114,0.699643017195094,0.9378612384310541,2.214887010620905,1.2163360584589258,2.173250684944973,1.1458939205736862,1.0165889230574279,1.3025761985829982,0.9388187005603442,1.1611858641370465,1.4204168931159589,1.7623506024305087,1.2306089546143992,1.3222830477994143,1.1769822822029674,1.5452537705361258,1.0271798438648903,0.8679669662184546,1.215761471688749,0.7095623990852288,1.1780393923240104,0.8800976844055581,0.9516104793409619,1.6947645341407527,1.106107321925006,2.499117066502948,0.9419568265758923,1.3693893208370378,0.8523248492178745,0.9703984425313428,0.9248774229908012,1.2035462273173356,1.450634931729025,1.0118978368160516,1.0411515443854344,1.0484969627375191,0.9394395488031014,1.1680857542411895,2.497364229685889,1.4978633186861172,1.8637152522447877,1.9191858827035528,0.7031380360578112,1.738122826610483,1.5060122552252975,1.3425839511682258,1.1556670156016493,1.3580748972176975,1.3577257558639655,1.3806408152189846,1.2137527673185229,1.9546428288177982,1.2135637085573703,1.6658393606194672,1.3288062949631865,1.3870997368420972,1.7717082353466658,2.5477102208695372,1.2611720036980927,1.4053489420352032,2.2699679989320725,1.6235506908395994,1.0769421546812055,1.1106694939998552
1.0,1.0,1.0,1.0,1.0,1.0,1.0,1.0,1.0,1.0,1.0,1.0,1.0,1.0,1.0,1.0,1.0,1.0,1.0,1.0,1.0,1.0,1.0,1.0,1.0,1.0,1.0,1.0,1.0,1.0,1.0,1.0,1.0,1.0,1.0,1.0,1.0,1.0,1.0,1.0,1.0,1.0,1.0,1.0,1.0,1.0,1.0,1.0,1.0,1.0,1.0,1.0,1.0,1.0,1.0,1.0,1.0,1.0,1.0,1.0,1.0,1.0,1.0,1.0,1.0,1.0,1.0,1.0,1.0,1.0,1.0,1.0,1.0,1.0,1.0,1.0,1.0,1.0,1.0,1.0,0.9342283220482843,0.8627495801873603,1.0480213529700215,0.9386413331261958,1.133894558087305,1.027963493924081,1.0734508842866337,1.0262270660214465,1.8585268134983939,1.4095040064405724,0.9338685608475666,1.1577998388075401,1.260186840312437,0.9565816081809791,0.9934018527344153,0.9667119536615145,1.2335268213051152,1.096536775926979,1.1641251394819214,1.0211073036355554,1.0933763711699571,0.8048030141945023,1.1252133458354323,0.8410509526147311,0.8656263123666377,0.9772691828740625,1.197275553057929,1.0715587291818338,0.9520828474377983,0.8087458259188041,1.0970947715234614,0.9256327239946625,1.2927667507807918,1.2363235414040632,0.9310310274097359,1.060111072231974,0.9125850153023943,1.470064462696395,1.2466335524492087,0.7129255128582137,1.378482340127325,0.897217160478321,1.2426537519819532,0.7976777507448904,0.9501972731192474,1.0765477793520581,0.9261508607153808,0.8964903940496662,1.0189774130155864,0.8007498840800461,0.8034315258564052,0.6737679292101301,1.1416988546413809,0.8910193969407274,0.757331666470569,0.9379964222241092,1.059751491229096,1.0651883235419808,0.8774064336511672,0.8655693292822495,1.023631768090695,0.8936539603965821,0.8851425559079825,1.1703989864662656,1.262483120107685,1.4772206039029387,1.6588261537807425,1.0504494057037195,0.9804014408618983,1.0087708060884828,0.9152553860713843,0.8266347729154342,0.9354561566238917,0.7977468631436028,1.2538255773735787,0.8981842605302417,1.1497122196034537,1.830739833340913,0.7412404759705828,0.8990981832054722,0.8624245567261211,1.032611046332332,1.3524704069015596,0.894117443431079,0.8514624683216723,1.1441576605145145,1.0664135026012216,0.9620203038147558,0.9497682503069625,1.03064029721247,0.838126059955865,0.9931873297772078,1.5219115238487249,1.5678052844408321,1.0437037427176534,1.0326408284626054,0.788718497267231,1.106660486079302,1.2874228730341106,0.8788598360091757,0.9074689499714688,0.7828585443354894,1.655316573130099,0.8224901351554611,1.2128708580138758,1.3256804915631035,0.7802171992634027,0.866753181216199,1.1517570063364788,0.9723315198101345,1.1422833732232631,0.8105691106399995,0.7517711076382894,1.0173295254961097,0.8724598965137466,0.8350360290040939,1.0617163516163926,1.2524490042583913,1.0975295396092186,0.8114445830952679,1.000518563830195,1.7953590450166976,1.0555792652494131,0.909728202065041,0.9926834982982263,1.0249926245693155,1.9010969395350905,1.2631457098704542,0.849436386095915,0.9511101193601277,1.050123219901805,1.3721509890398635,1.1872159901548027,1.1371856815767192,1.0112060884866958,0.906045448444452,0.5170415760297036,0.9870231952816719,0.9461059729659994,0.9232998420505262,1.030158364546487,0.8166828074839048,0.9516883697420611,1.2942132685570995,1.2120854279776783,1.1234957881319287,0.8012969551201603,1.5804131294372008,1.1169303471870522,1.18685141738076,3.7620209420182458,1.5361045594266687,1.00273571246364,1.3336693660999304,1.772615921641351,0.8270859779073301,0.8105062814332594,1.09978502962465,1.0808305187761924,0.9898356029156898,0.8318102221736259,0.9668316131344233,0.790745767693996,0.9847956476336601,1.0948403298137506,0.8578229644096149,0.8509250933895014,1.079020750398806,0.6971479112163983,0.9827695706243536,1.0471257997407348,0.8738402892582312,0.9039613157140525,0.8719834667352315,0.8838693721367874,0.8725162778902075,1.0601957506260287,1.158125087566493,0.9390874367332933,1.217264006264918,1.6550699449425224,1.178564692319272,0.9908698670476654,0.7801018231908949,1.2332393989082933,1.0004053179378212,0.8913453235271391,0.9083031186081527,1.0991584265587446,0.9723489392113762,1.260415357720473,1.2297571932143252,0.9737974676413219,1.4093081433655068,1.116719919168821,0.8442973639402751,1.0374506248179387,1.938583721776178,1.6227645035565719,0.975513103023552,0.8361238538494168,0.8290216401927711,0.9064918089693603,0.8930154259727014,0.8879440249798592,0.7805519087643362,0.7594544685569629,0.9526719732021083,1.1486819606458507,0.8616749366188913,0.800738553230773,0.8165546290782892,0.8945705297622448,1.084178293600974,1.4678800213711913,0.965178373966453,1.1682740061433183,0.7846929268569738,0.9452190174325545,1.2748672231317162,0.8126642294910168,1.1188728877457734,1.072475802101588,0.9003618249621528,1.554076059611984,0.8862998502221072,1.3055405594532217,1.162141243704101,1.1039153197908387,1.1818223399027512,0.7307116389259299,1.0075908810050587,0.797994903933904,1.0008363208734,1.0383508078962749,1.105041977688294,0.8336415271469897,0.97909930517919,1.375957107183467,0.9288918611811247,0.8024153956092102,0.9182844865045314,0.8167944599101726,1.1391684222926537,0.9668575150815889,1.2125703657112685,1.3036027887438237,2.050360792379827,1.1453718349501045,0.8584640384272084,0.763780986989763,0.8726619207871855,1.0986815125422633,1.169995986241883,0.8811820877243923,0.7770910505765144,0.9978657447266749,0.8764505967756906,1.016003910453485,0.8516738037330323,0.9459756980289868,0.669616203344332,0.9601428075431467,1.1444996061816302,1.1551061135824767,0.921118440694225,1.0491426480679895,1.0230476697162314,0.9692115262297143,0.9584542130732023,1.0248496611887372,0.8709733315993784,0.819622393341012,0.8474637568550655,1.0586143142954276,1.0954778713417834,0.895838621872552,1.1868177139758287,1.1171849276972832,1.0553863141221655,0.8613845722070719,0.7483676995469914,1.2151362602325588,1.0721344578495968,0.9548172902156686,0.986666902510974,0.9732501182890634,0.6896385974433866,1.0741439166941922,1.0928249506307905,0.9681222542030533,0.904013728375943,0.7970410648498105,0.9765170241454524,0.9779060352634108,0.9721809366769508,0.806378985200134,1.0261623290512083,0.9166950195347285,1.0160013916948127,1.0670707022555619,0.9505139688497573,0.9028223127657709,1.0203633517681467,1.0419993474257332,1.3204578968461096,0.9722090734990743,2.590049163061607,0.6394083195414106,0.8566152942407304,2.0243094058044626,1.114077956807455,1.9907540599808828,1.0473904744139886,0.9281889882025401,1.191058923470299,0.858649357367897,1.0611490279226432,1.2975442324408042,1.6062868457974495,1.1244688343925529,1.2091321404850857,1.0755465031635978,1.4076931031463409,0.9393311546303631,0.7932713788493024,1.1108677651963905,0.6475725450930305,1.0744985776123275,0.802682414279402,0.8691508546934673,1.5472782025086598,1.010820431386936,2.2823965724568196,0.8617207575179842,1.252871491218984,0.7794174384551684,0.8868029155324405,0.8460183316139815,1.1010736197480182,1.3268656251397344,0.9249802427827789,0.9524360725614276,0.9589711477401791,0.8573496368811242,1.068822353852065,2.2817278160410357,1.3696191404828744,1.710373508378879,1.7581233882479834,0.642451442755022,1.587155412442597,1.3781985190882027,1.2279246361895189,1.05871965947885,1.2426645434262147,1.2419408283113977,1.2627378823885211,1.1116720868645698,1.7863482600227123,1.1072505934588524,1.5248735057303773,1.216997546189661,1.268651770321798,1.6193671705708717,2.3154941576134,1.1499711026881183,1.2852906223184344,2.0760021079433875,1.48510534432984,0.9837284311912468,1.0153624149670297
1.0,1.0,1.0,1.0,1.0,1.0,1.0,1.0,1.0,1.0,1.0,1.0,1.0,1.0,1.0,1.0,1.0,1.0,1.0,1.0,1.0,1.0,1.0,1.0,1.0,1.0,1.0,1.0,1.0,1.0,1.0,1.0,1.0,1.0,1.0,1.0,1.0,1.0,1.0,1.0,1.0,1.0,1.0,1.0,1.0,1.0,1.0,1.0,1.0,1.0,1.0,1.0,1.0,1.0,1.0,1.0,1.0,1.0,1.0,1.0,1.0,1.0,1.0,1.0,1.0,1.0,1.0,1.0,1.0,1.0,1.0,1.0,1.0,1.0,1.0,1.0,1.0,1.0,1.0,1.0,1.0,0.9229494818131418,1.1221742669859391,1.0046192225612076,1.212942136872017,1.0998552812447333,1.1489796975922282,1.0993144656583265,1.9889289049094825,1.5092219401988918,0.9995072604955366,1.2397301090010506,1.3491634943454867,1.0242052023345964,1.0634615999242134,1.0345389322166243,1.3208364372731993,1.1732384281084434,1.2468479586880032,1.09291010463597,1.1701343664895496,0.8611188732551311,1.2040621072378093,0.9002646244470632,0.9261926870124197,1.045883872545102,1.2815645904543085,1.1463671267898676,1.0184914611377123,0.8653595945683679,1.1748499516928566,0.9903708140182074,1.3833864342459097,1.3205047184821144,0.9966027668902566,1.1347143026045052,0.9765752332222846,1.5737047092884304,1.3332541635700392,0.7628321451314041,1.4757324079684722,0.9606251457263073,1.3294972911647234,0.8535776476989725,1.0172016200946472,1.1523580465288115,0.9909941219541146,0.9595850909228967,1.0899396613462797,0.8570358421285661,0.8595859498199785,0.7214389630312508,1.2208004296405006,0.953714166976378,0.8103747809597985,1.0033256240231934,1.1342507632119725,1.140757471656066,0.9386253832665833,0.926485871377968,1.0950827210721865,0.9572809329954436,0.9475126415081006,1.2529064440664408,1.3512807287516864,1.5814387397830436,1.7771890747952328,1.1238060553471403,1.049752615732714,1.080628445948957,0.9789305798442032,0.8853285220697104,1.000980382922694,0.854055396211363,1.3417058489057951,0.9616610228898075,1.231703138311067,1.958370967816093,0.79332591624633,0.9620268475036259,0.9230797517035136,1.1053610316561446,1.4474971511401007,0.9570103073244766,0.9108579243576845,1.225769602088333,1.140987603654422,1.0298242379329827,1.0165517625898,1.1025281227419126,0.8970350056747354,1.062902359638991,1.6287686136675295,1.6782884396972308,1.1169241959999265,1.1062859891746872,0.8441561229036987,1.1838301801940616,1.3788060809949467,0.9405751992585498,0.9705646781942308,0.8380332912409186,1.7709221970955307,0.8797865266083177,1.297529422173226,1.4186116528088284,0.8345321318138623,0.9273259122156254,1.2309227813697132,1.0404833865720462,1.2227073225253737,0.8678784240213159,0.8044404285723358,1.0888378425557563,0.9340521858524325,0.893017619228146,1.135852782737924,1.339323566477441,1.1749324252292443,0.8688125677149047,1.070713405581377,1.9214535138349547,1.1294685598607292,0.9748125122167479,1.0624609395647657,1.0964948712313878,2.033414178324699,1.354894057221744,0.9101186960268017,1.0180755293507007,1.1236253512947068,1.4677528010630423,1.269741433333306,1.2162392114610405,1.0818228079665428,0.9695504777503118,0.5534887478791592,1.0554107146340908,1.0127873136002414,0.9883089075700243,1.1027204757590208,0.8744672289060953,1.0191817201520719,1.3851668370554269,1.2961294989799517,1.2021038799165285,0.8577503719999726,1.6912877631435603,1.1947657983024453,1.2694688984511813,4.055513614846646,1.6418731479349822,1.0732666247808658,1.4293725658543233,1.897408167917035,0.8852178275799373,0.867198578362436,1.1765138620760203,1.1565367668822712,1.0595057644470696,0.8901084549907814,1.034773465429672,0.8461486909837834,1.0545100827807583,1.171601577705212,0.9189029215556224,0.9108577283180787,1.1552412673796217,0.7469106106089805,1.0522364110262126,1.1208187401254421,0.9354773207141933,0.9682308554937056,0.933303533948865,0.946354202388056,0.9328335470837641,1.1342020418990084,1.2391403349141763,1.0054010056874527,1.3020737130202251,1.771886698539423,1.2616354510578636,1.059950453701775,0.8351902183878309,1.3203578391648865,1.0704536386961603,0.9548100524879506,0.9722186351777278,1.1757752077391297,1.0405425968736213,1.3484533621742936,1.3167166577607259,1.0417161335429461,1.5076717150225754,1.196282502259657,0.9033460747229709,1.110270537867393,2.0771783377616337,1.7363072864179792,1.0435699763898318,0.8945189194666152,0.8877209772355044,0.9698607183971777,0.9565770372704521,0.9502970016930159,0.8357269778941041,0.8129174418762399,1.01910921997368,1.2296170579705987,0.9217677882542862,0.8572735722948946,0.8742228625414907,0.9570566503212345,1.159613898704591,1.5693892906034448,1.032934704244949,1.249795036947813,0.8397568852745851,1.0112548846408633,1.3673314680135957,0.8700443616820965,1.1975531623177984,1.14719747734489,0.9640685931451887,1.6604947062965543,0.9483095796978553,1.3962181225957209,1.243317386461373,1.1813014121509466,1.2664430114864533,0.7823976384288188,1.0781605180650513,0.8539214244428618,1.071978884020365,1.111443898866572,1.1827083893113381,0.8922737456861036,1.0472352164153131,1.472033002608343,0.993912265494753,0.8597690706399376,0.9845921127981372,0.8740553422018258,1.2190025383141356,1.0346943059647216,1.2975887487799458,1.394510187265066,2.1949501709080814,1.2264043543749121,0.9188093895715284,0.8180008299793115,0.9340243863582964,1.1748804279874867,1.252186146963401,0.9432618675166402,0.8318977167400881,1.0671311099627383,0.9389294756934384,1.0876800689242505,0.9111268225066335,1.01318006496665,0.7169229734488394,1.0251900443031279,1.2253731645708597,1.2354080561985854,0.9858022090109757,1.1228845571878625,1.0956363938609712,1.0374038734609397,1.0254171854518943,1.0964079986782629,0.9319505681456132,0.8768104727671111,0.9060382514822571,1.1310197427994668,1.1742890869466613,0.9590286925031082,1.2699178758976726,1.1938565054091028,1.1293255301528586,0.9226303231695583,0.8015217853321004,1.3001505283127586,1.1489544163853478,1.022563770969353,1.0573225480393202,1.0421024269675376,0.7382049648902124,1.1493899189397507,1.174259113477199,1.037607136224476,0.9682928922852656,0.8534672271560688,1.04578426288826,1.047553962612494,1.040662610950454,0.8629694476974539,1.098257458831505,0.9826231019205602,1.089020429556833,1.1439083427620966,1.0189894095485712,0.9679784851097041,1.0925311626688048,1.1164456114794634,1.4122925536043143,1.040811943347158,2.7677529680193387,0.6845958676305688,0.9177075324218743,2.1685260794330343,1.1916854267529666,2.1286006338071566,1.121223505824612,0.9943737569734383,1.2749230010296837,0.9188301703460093,1.1361484889666662,1.3910189169261262,1.724209215080967,1.2044407932045735,1.2931681666091905,1.1511942272965725,1.51144417689868,1.0053973696145664,0.8497128153840705,1.1897025951382214,0.6941647582691639,1.1523216427677305,0.8607118719440258,0.931373553543594,1.659104893806636,1.0825932301659063,2.446442913401826,0.9218437883468535,1.3407260803572651,0.834115139216114,0.9497560810493798,0.9051051114430274,1.178325457648889,1.4202506221337567,0.9905831855129039,1.0193103439909845,1.0264223653584583,0.919251017809372,1.1437024117536434,2.44134863393269,1.4654665021357844,1.8271842443305073,1.8784179336854558,0.6881586191706032,1.702425696412699,1.4752812861356197,1.3142808791518068,1.131849520528915,1.3296946383157937,1.3283884775908663,1.3511046384718104,1.188451070469572,1.9137839845567384,1.186860559362063,1.633313683015559,1.3013871695353871,1.3578670290540307,1.7336162296911495,2.4861384913086972,1.2335847548345589,1.3754212501663583,2.2225917473763195,1.5898082566133436,1.054564333708016,1.0867861939720789
1.0,1.0,1.0,1.0,1.0,1.0,1.0,1.0,1.0,1.0,1.0,1.0,1.0,1.0,1.0,1.0,1.0,1.0,1.0,1.0,1.0,1.0,1.0,1.0,1.0,1.0,1.0,1.0,1.0,1.0,1.0,1.0,1.0,1.0,1.0,1.0,1.0,1.0,1.0,1.0,1.0,1.0,1.0,1.0,1.0,1.0,1.0,1.0,1.0,1.0,1.0,1.0,1.0,1.0,1.0,1.0,1.0,1.0,1.0,1.0,1.0,1.0,1.0,1.0,1.0,1.0,1.0,1.0,1.0,1.0,1.0,1.0,1.0,1.0,1.0,1.0,1.0,1.0,1.0,1.0,1.0,1.0,1.2127853370042379,1.0869436785479203,1.3135615974043902,1.190278566588618,1.2417993177725424,1.1877690566488814,2.1485481099572787,1.628767278386175,1.0815778118527963,1.3398229966497093,1.4581480099731534,1.106864420250874,1.1488763006497056,1.1192893574261622,1.4261557029309098,1.2692956235164197,1.3466772919902958,1.181543365509521,1.2653478583155837,0.9315707635276452,1.3024797811900877,0.9735117849092874,1.0025867323369837,1.1311447603793545,1.385903890334823,1.2403344405017602,1.1016411843563907,0.9357961899398975,1.268471993997729,1.072037637771196,1.4963276547174063,1.434382574529209,1.0772608017558742,1.226133149157173,1.0564289076979396,1.7013799054320886,1.4442404209609565,0.8257029099940826,1.5942567928566531,1.037832858370817,1.4397356352966164,0.9233905040852717,1.0999508270010123,1.2460849833920844,1.0726191080029677,1.0380704083976509,1.1801713496153703,0.9274665629724955,0.9307207286747409,0.7796692809978276,1.3225372381687752,1.0306013389838409,0.8770449614207796,1.0863282745294438,1.2264644990544107,1.2332468832389971,1.016492669881927,1.0024755037365134,1.1846144290021385,1.0340517491843655,1.0248380925143616,1.3542447417239027,1.4607666138562594,1.7099513603046126,1.9164703171606834,1.2161316844977925,1.1340188539370029,1.1665789627581395,1.0588548325731282,0.9562179770078337,1.0834895012854282,0.9233474780978713,1.450774259223532,1.0394001126116956,1.3297661998870502,2.1206528421819435,0.8578951389924729,1.0410872347554467,0.9982311320128336,1.1946536766212152,1.5650791996115188,1.0351672179498481,0.9851613779857232,1.3213297493245517,1.2350629803163478,1.1129154352883095,1.0990712953392296,1.19305189760576,0.9703460188057556,1.1491890905480606,1.7609534326492273,1.8112348107325449,1.2076386238357093,1.1930660060301574,0.9132351339948688,1.2811156262679557,1.4894067443891665,1.0172307069782205,1.050472983408377,0.9061875299230364,1.916507748290425,0.9525973642803646,1.404300732732505,1.5336846438116924,0.9032236687367774,1.0029206962552997,1.3335256954418133,1.1265763527195491,1.3217129679640256,0.9373033439547089,0.8706722466082555,1.1765915452334057,1.0092163553120705,0.966907910695723,1.2283349022775107,1.4518559037602798,1.270232550797048,0.9389636865236161,1.158078990634742,2.0770319459369704,1.221973309551402,1.0519656272936275,1.1491527448469756,1.1864855503303504,2.2020544999602496,1.4557862977114011,0.9817164416915916,1.1012097047102816,1.2156893590628135,1.5893877584184006,1.3748019066701982,1.3167055592472074,1.1712875731081513,1.0478909150734745,0.598355277201136,1.1418781955255384,1.095332525250956,1.0679377416640206,1.1916754734996609,0.9448808106706121,1.1006163575451042,1.4972918857975044,1.4043694319397955,1.3007717306274225,0.9270162327934731,1.8291546694893248,1.2927181416292601,1.3732767088386062,4.3229529218215745,1.7847182619936088,1.1608871603264506,1.544617697065628,2.048504625701809,0.9577549063159395,0.9392427003830537,1.2735782208735986,1.2517901237447142,1.145763428148669,0.9626641756031777,1.1189202853744495,0.9157148438332963,1.1391100761918214,1.2668922103220006,0.9933458392343298,0.985216510497761,1.2473879762378073,0.8067458676848198,1.136664857312075,1.2113738699613852,1.0118992689176323,1.0461699437385232,1.0100788688117244,1.0233818275488082,1.0102314878204153,1.227105744109767,1.340169861586102,1.0876399915050587,1.4094366422130764,1.9127085470891325,1.363697387380646,1.147613954740521,0.9029116599604823,1.426667892596181,1.1578226073943616,1.0326979171917512,1.0516482398531943,1.2713233837844728,1.1257879178431542,1.459323472160939,1.4223348982929749,1.127646480373994,1.6315252197419903,1.2925713009105153,0.9778290560032608,1.199911492152391,2.2359598179381006,1.8767043959213474,1.129565892808393,0.9678625725423067,0.9586299151868348,1.0495734299761148,1.0339937922103126,1.0281972138193334,0.9032850569329299,0.8796228273147709,1.1027666350130487,1.3280903764573495,0.9976317695987125,0.9263257453955869,0.9458381406674565,1.036527215264567,1.2556248713274738,1.7000329359707673,1.1167395391129913,1.3512981233394936,0.9089314583373205,1.095289309591379,1.4711371232704535,0.9415263225752859,1.2947070530447413,1.2423823648041072,1.0423317380727366,1.7993817910085914,1.0263878291469994,1.5132976993770786,1.3452922626236483,1.277546153900376,1.364185327924512,0.8458492803505009,1.1668200966434528,0.924442523295941,1.1585325298125615,1.2016573901575767,1.2789903273648378,0.9653548428837547,1.1330931090133824,1.5911227671747694,1.0763601927358557,0.9290278285714543,1.0616964520726433,0.9454193196358148,1.318863952450633,1.1185381672758905,1.4034013708175572,1.5095078564261284,2.3726716980036264,1.3262252769168372,0.9939613163136048,0.8835909456088986,1.0104521510589182,1.2723022398162573,1.3537490045146574,1.0200933918890067,0.8993058617021584,1.155786052285041,1.01349771685061,1.1753952877380862,0.9865735002549162,1.0936859449609224,0.7752028899276813,1.112658958038784,1.325462033242908,1.3383523771266885,1.0661942413894354,1.2148639513519535,1.18329489672097,1.1229195302631734,1.1096881573349564,1.1878361155343657,1.0084195240839624,0.9498610449473468,0.98396890422749,1.2270215918304328,1.2683002785706021,1.036865868732076,1.3727667629493143,1.293328466292363,1.221583787059037,0.9968972155349516,0.865582914522449,1.4066973190385403,1.2389819310654884,1.10504623801171,1.1406787525282311,1.1264707986794391,0.7984822455402076,1.2433740732137961,1.25784644904035,1.1192771846251022,1.045645282783982,0.923517690083334,1.1296403165443987,1.1312003338232963,1.1257037374339387,0.9327489391282335,1.1878273065054872,1.060038443826872,1.1745552969982138,1.2339678673524528,1.0994148394558854,1.0444671345190588,1.1810385920502922,1.2048005934733923,1.5294598362827507,1.125802317461523,2.9957679162622375,0.7398815576224682,0.9897738395836417,2.33878031794932,1.2899390294706967,2.305114464149036,1.212351337341375,1.0745715056570635,1.3777540343134325,0.9941119351752159,1.2289521610979908,1.4978788632200861,1.849180964842141,1.2993945022949758,1.4020129340340408,1.2454086628966778,1.6229205539309683,1.0870150652342607,0.916841269773429,1.2871193031423087,0.748657733382688,1.2394872589887258,0.9275010221726949,1.005011034857747,1.7876682892995732,1.1692157853320586,2.635207826632495,0.9983030736411014,1.4506696668173467,0.9027975532289976,1.0273089889865308,0.9797982309449866,1.274687760341906,1.5352195752334377,1.0703770793892844,1.1021224190428938,1.1102118080285164,0.9906309727629962,1.2368583597895193,2.641513977652567,1.585317064909825,1.984720633674323,2.039862327776132,0.7432209072401784,1.8306560278945954,1.5933582122675274,1.420890314191741,1.2262239815071745,1.4383293326183197,1.438715064492511,1.462464162609125,1.2883791774211626,2.0649086851723224,1.2806317316328895,1.762613239011817,1.4081425811949289,1.4679014052629522,1.8753369014161954,2.669332370311614,1.3282999152396942,1.487923596204909,2.4053975348001457,1.7187792954801338,1.1363932712346034,1.1759187215315916
1.0,1.0,1.0,1.0,1.0,1.0,1.0,1.0,1.0,1.0,1.0,1.0,1.0,1.0,1.0,1.0,1.0,1.0,1.0,1.0,1.0,1.0,1.0,1.0,1.0,1.0,1.0,1.0,1.0,1.0,1.0,1.0,1.0,1.0,1.0,1.0,1.0,1.0,1.0,1.0,1.0,1.0,1.0,1.0,1.0,1.0,1.0,1.0,1.0,1.0,1.0,1.0,1.0,1.0,1.0,1.0,1.0,1.0,1.0,1.0,1.0,1.0,1.0,1.0,1.0,1.0,1.0,1.0,1.0,1.0,1.0,1.0,1.0,1.0,1.0,1.0,1.0,1.0,1.0,1.0,1.0,1.0,1.0,0.8942088264584891,1.077721654226388,0.9769932444476239,1.0215040670214945,0.980999861102293,1.7662622895507885,1.343014061126956,0.8895491740769106,1.1034812430990888,1.201108765907836,0.9123024650129343,0.9467996284949889,0.9198983991392217,1.1747323407461903,1.0429263743566406,1.111804160549228,0.9720313648094947,1.040427869320794,0.7655553809225373,1.0699281456826926,0.8013120790116139,0.8235248064054809,0.9295447352166671,1.1400124853247082,1.01848784689468,0.9038320953328752,0.7683280180633663,1.0453643723031558,0.8803935384853385,1.2297426376942655,1.1678323162193704,0.8865550931372815,1.0087914180806488,0.8683411465585622,1.3987400647408779,1.1827410226517885,0.6782852790576512,1.313965615816842,0.8551097291389708,1.182607277624077,0.7586641574719135,0.9057251780645587,1.0246986515214798,0.8807862405882817,0.853672155029553,0.968178687042645,0.7622058108224613,0.7640944456686058,0.642814837295933,1.082911175345066,0.8486108772101233,0.7209325789409993,0.8909052430823063,1.0086023472822079,1.0164108266106493,0.8337044754429908,0.8242472880655263,0.9724695841100843,0.8537699954559168,0.8429505641567763,1.1156822217610376,1.2008542455954203,1.4074387815465705,1.5844137953716877,0.9976821672792553,0.9348870335038508,0.9635227033215885,0.8680571254931345,0.7891659604992087,0.890088506869283,0.7606832553842797,1.1922066361256598,0.8566090384339861,1.0979174188298297,1.7384655450110769,0.7054442578784059,0.85443309010356,0.821160279483135,0.9835354398899983,1.287149169108728,0.8515117714013241,0.8070580253245399,1.0925688593286955,1.0140540039931771,0.9165185272648992,0.9044781928352728,0.9791785859875041,0.7980700881378655,0.9449003667579531,1.4482916055341193,1.4919388170303733,0.9936940385868398,0.9865366459116429,0.7511261266976357,1.0517916686608992,1.2292599035808127,0.8363635683699648,0.8612924386130711,0.746045641898307,1.5709975650531849,0.7809051231711186,1.1533705636480844,1.2609607376150735,0.7410012883211079,0.8232577386779343,1.090099370639821,0.9255648617866443,1.088099147885051,0.7725798764601279,0.7151289071660083,0.9677522847958301,0.8308616207306759,0.7911943179899501,1.009272900614381,1.188021335470363,1.0459348315370733,0.7744045823740668,0.9524021842151719,1.7087108101488604,1.003521192714155,0.8699454360848167,0.9449563930980902,0.9740480357574088,1.8061611619529878,1.2133212222868535,0.8122218005798587,0.9061425633385771,0.9977122130199501,1.3043045261794055,1.1244686888549844,1.079493696295645,0.9608375714784969,0.8614313895528616,0.4921093738109177,0.936559812035429,0.9019422371588094,0.879253439089752,0.980846511411344,0.7790929391784551,0.9080388885106723,1.2315524552032637,1.1492102563608781,1.0685001262395422,0.7630896315989302,1.5041927815484821,1.0598403728485422,1.1268310221122124,3.69205066407979,1.4560035613197218,0.9559815774530092,1.2796420336261263,1.6868986835941477,0.7875106003313526,0.7704446465984292,1.0452539648429484,1.027882796746614,0.9425919285888845,0.7912349563752352,0.9203009287186714,0.7521900069441643,0.9391088297729792,1.0420253191877014,0.8190785839402954,0.8110143882966732,1.0284786523372542,0.6665832543098963,0.9371951505454943,0.9963847606787264,0.8332042796541832,0.8633901466722139,0.830610254110971,0.8426952603639822,0.8274568497710391,1.0075226409901559,1.1012044332715099,0.8952721867405271,1.1567180983730923,1.5753223086998713,1.122164544854334,0.9415342705011334,0.7437612048304933,1.1753952533476388,0.9514881630259424,0.8507765135959111,0.8653435858803732,1.0425274235225337,0.9254077895531447,1.1976731164862593,1.1716712792521318,0.9235513933459369,1.3399612611984277,1.0677220629706978,0.8030011117926725,0.987553265691031,1.8541887441103717,1.543071142684052,0.9264104956745445,0.7949130287008697,0.7907080856920162,0.8622238263437232,0.8530500354184496,0.8454735563489864,0.7442163163954627,0.7228370353842677,0.9044663692132424,1.0937267731754603,0.8190275782577079,0.7638390151460108,0.7780083883851194,0.8509894735765952,1.0291561448789865,1.391494313483777,0.9179965312828043,1.1105676700440008,0.7467987168270809,0.897806398404442,1.2240750011528987,0.7755882276925936,1.064764334309006,1.0187834481882887,0.8589231442330612,1.4695791367585531,0.8432718840238205,1.238978044770474,1.1044916745761348,1.0500757016323432,1.129150444706339,0.6967920417014399,0.9583683943380685,0.7594250119327581,0.956305764104843,0.9881857578854043,1.0517882713430635,0.7936159607838418,0.9296062580614765,1.3081851104744286,0.8835858771414811,0.7675576648092345,0.8806556349688337,0.7774991504332396,1.0836414844746336,0.9199445519048185,1.153556803056367,1.2390819401058584,1.9540734754595839,1.0933657595134978,0.8177806175045451,0.729153944490035,0.8308868838961425,1.0421718478538509,1.112748266484576,0.8392090069317047,0.7405478004108264,0.9466429661151353,0.8374830563858633,0.9677522838889899,0.8088429913994551,0.902834875209964,0.6387011948407599,0.9061297137801769,1.0921770278950163,1.0965899134819341,0.877496316641218,0.9990082907722996,0.9751485351642626,0.9230571528850593,0.9110794399745774,0.9742118614874268,0.8285165103306741,0.7790292973590766,0.802284701979678,1.0016797433155322,1.0498904454832692,0.8538502082479362,1.1292812727408417,1.0565220531323276,1.0038240809054528,0.8225401910866686,0.7141971601161413,1.1564972549846573,1.026056154430266,0.9100226886170723,0.9444361019064211,0.9288226864188002,0.6573805969375713,1.0223675991665848,1.0570742801011064,0.9264352057977057,0.8644790369908161,0.760801739343297,0.9316676915032343,0.9341807126249002,0.9263081886698723,0.767363762329557,0.9780780781028129,0.8778639730396185,0.9726901569643792,1.0248389833907567,0.9118412562834739,0.8667352636960519,0.9734461986016306,0.9958328858381142,1.2527857449067525,0.9278096864658383,2.456615266199713,0.6098200839661437,0.819592192471773,1.9300705029868346,1.058001312303689,1.886252990605362,0.9974552913621603,0.8865094781951273,1.1352962879036548,0.8170824226040657,1.011055896006899,1.2414371915290592,1.5463144284521781,1.0729332763265513,1.1487522006347035,1.0255624962399361,1.356795848081918,0.8941165966019554,0.757370585299701,1.0605474768962395,0.6207288383811327,1.0319519105211854,0.7703474819944409,0.8310806427507926,1.4818942685713359,0.9654800619792059,2.1859118294571473,0.8190948888259372,1.1925305517479012,0.7420448477310693,0.8471168299789322,0.8044837392653972,1.047595909538163,1.2633934485969456,0.881629747635158,0.9067247567267216,0.9121126388847267,0.8215228028741963,1.0163800480053897,2.173116721043579,1.3030118325836653,1.6104378919497035,1.6669117552449366,0.6137428014776668,1.5220893248329952,1.3125391882826571,1.1690154119122407,1.0035773798482934,1.1816085899272823,1.180471969237675,1.2010926608381207,1.0539114020866802,1.7070093740661763,1.0600588021618926,1.4555902459045293,1.1541034462870678,1.2079523383859885,1.5428050718057338,2.241656835523313,1.1039561631216552,1.2231115002560524,1.9741754924903674,1.4130396036558703,0.9414877735797647,0.9673313286317622
1.0,1.0,1.0,1.0,1.0,1.0,1.0,1.0,1.0,1.0,1.0,1.0,1.0,1.0,1.0,1.0,1.0,1.0,1.0,1.0,1.0,1.0,1.0,1.0,1.0,1.0,1.0,1.0,1.0,1.0,1.0,1.0,1.0,1.0,1.0,1.0,1.0,1.0,1.0,1.0,1.0,1.0,1.0,1.0,1.0,1.0,1.0,1.0,1.0,1.0,1.0,1.0,1.0,1.0,1.0,1.0,1.0,1.0,1.0,1.0,1.0,1.0,1.0,1.0,1.0,1.0,1.0,1.0,1.0,1.0,1.0,1.0,1.0,1.0,1.0,1.0,1.0,1.0,1.0,1.0,1.0,1.0,1.0,1.0,1.2062197615306094,1.0930059385691235,1.1415738795907622,1.0947220506143265,1.973950035450817,1.499425219477386,0.9942154074017748,1.2323243190366084,1.3420475374077894,1.0188372917711614,1.057239094099195,1.0286681486427294,1.311957284307749,1.1660843194528794,1.2410405038170484,1.0863939456377945,1.162957193012193,0.8555916524991942,1.1963780465086704,0.8954064867474648,0.9209282815041835,1.0390596923848394,1.2742974133388292,1.1391410506365358,1.0111044721480673,0.8591264760883667,1.167046019602092,0.9847626618065897,1.3750438777302185,1.3109857653907577,0.9906725354289294,1.1270072396142239,0.9710227922511446,1.5633610474101773,1.3241018500233581,0.7585752091157022,1.4668969391178666,0.9555443431826351,1.3223063740523529,0.8483252167542956,1.0116941870942746,1.1454399832781021,0.9849668695653828,0.9543672134711988,1.0833773110947371,0.8521549003418349,0.8543109566659111,0.7178523013830954,1.2126945414859047,0.9478583557182527,0.8058974599424721,0.9965039150990159,1.127703534654945,1.1352284144409595,0.9326861477340223,0.9211002380567749,1.0875546182357698,0.9530863901121511,0.9421020911525166,1.2458783308255499,1.3419264805840854,1.5722285441297004,1.7665420205400013,1.1161808895819108,1.0437006759533163,1.0747235276427123,0.9712311630726451,0.8808275665331354,0.9954056665437181,0.8496352724731673,1.3322271363157792,0.9570128398417577,1.2257347323426917,1.946815912331303,0.7884591082500745,0.9558273550064047,0.9174725418558329,1.098895551643587,1.438664086424741,0.9515804876534155,0.9032089927687693,1.2181872794689492,1.1341673036145066,1.023734605037354,1.0106881890080666,1.0949600944833766,0.8921852599080251,1.0563863445085087,1.6189982055515535,1.6669475472577417,1.1101958436789516,1.1004511787447964,0.8395944640575831,1.1768839047754651,1.3721180924383563,0.9347701345894851,0.9637041338711527,0.8335442285201471,1.7574031547281452,0.8740407419527831,1.2895868733951286,1.4089908381031915,0.8288970638898318,0.9207865660756858,1.2206375509410987,1.0352414226801756,1.2154798759961527,0.8625997061490362,0.7994992005408534,1.0810073819926846,0.92800875079687,0.8860844502483005,1.1276990911986249,1.330606437213831,1.169227127027626,0.8643576114566076,1.0646147400627581,1.9081361187842736,1.1223251818863942,0.9704821838499499,1.05639626242177,1.089588718085286,2.021009211198175,1.3506078295598578,0.9054836625548749,1.0128298020514381,1.1153784993672704,1.459335518502411,1.2593080749814738,1.2083298346725553,1.0751874135062678,0.9629527958360333,0.5502528606896735,1.0478698443113355,1.0076762242548285,0.9822375946554611,1.096377695159933,0.8704499582929999,1.0135951057880344,1.376214566148912,1.2868649272338235,1.1949606408337727,0.8524236904251898,1.6820256481530103,1.1860155389830997,1.2604509372346762,4.073800838249186,1.6345251550956137,1.0681429335058763,1.4286183302558795,1.8842675089228496,0.880300078942453,0.8620035625577391,1.168840933616569,1.1491488765609001,1.053529591617032,0.884552093421078,1.0285896676421704,0.8411228507116543,1.0485422297961127,1.1647630892373444,0.9146170286362922,0.9064096087123399,1.1481054141657658,0.7437928165174532,1.046266062821351,1.1131356797924559,0.9307281493431884,0.9639348144470067,0.9283747248514121,0.9415995086613203,0.926349953102326,1.1267368592270044,1.2312691558207272,1.0004580815776691,1.2934033513297392,1.7591082734120072,1.2539415056414493,1.0532475807075499,0.8307863782531321,1.3126826921190644,1.0639292029580543,0.9513433646033798,0.9669242259914977,1.1654820714827436,1.0351301642734754,1.3401524183669737,1.3083459233486376,1.033922431431768,1.4980214620539567,1.1918396909903404,0.8979272071363539,1.1036694993221945,2.065297619774629,1.724881961780511,1.0364724286954383,0.8887200384821828,0.882575534499072,0.9637958468212973,0.9524242363937558,0.9450174372512521,0.8313392758277385,0.8081195167926571,1.0119090299822102,1.2217939977392507,0.9160352220805275,0.8528812736075766,0.8698294374981258,0.9520321176100204,1.1517816027972159,1.5579877666355193,1.0252404892193123,1.2419845235480889,0.8346851350499117,1.0050689964933461,1.3617532714519458,0.8664343925232765,1.1894851076140935,1.1397487597026528,0.9591702698141743,1.6463111113281998,0.942609330899483,1.3861059465810244,1.2354344149122771,1.1736948487210155,1.2584780475787736,0.7783163118878874,1.0715278976372231,0.8492901302250428,1.0678760017382776,1.104342668493975,1.1757319475454717,0.8870782177569216,1.0387582357363008,1.4622817945314197,0.9886048043728495,0.8565049497563086,0.9811519105679407,0.8687271239700445,1.211339516392091,1.0281795267217024,1.290117854149578,1.3855597246223894,2.1830017803555806,1.220797878330882,0.9138874738126307,0.8144161370381511,0.9288429810773597,1.1665345157365201,1.243493222534691,0.9378504414907463,0.8273883372616675,1.0596049024110141,0.934444363792198,1.0808140659351124,0.9052517434412097,1.0076762315294903,0.7129433718413616,1.0162710024248853,1.2197442100074036,1.2270916006569728,0.9813508188430284,1.1162893018636155,1.0890621051079818,1.032034620979636,1.0189904721739094,1.0896962942339954,0.9264065368565406,0.8719132770397955,0.9000089318852784,1.122558647291569,1.1710016079644257,0.9539021130265094,1.2620030120331323,1.18437079361606,1.1224598208100027,0.9186506913255881,0.7973626529012844,1.2925559630185717,1.144098468608321,1.016633609426758,1.0528622950451958,1.0375173303216922,0.7344724962613807,1.1425766802685564,1.1706428504228263,1.0329687390101812,0.9650047513229872,0.8500111322317863,1.0401147642996453,1.042449476539672,1.0349109551824882,0.857472008375737,1.0937724187724018,0.9790144794909341,1.0841935944390253,1.1417496250152372,1.0163684859780888,0.9659311796005543,1.0876372203692855,1.1107225030677965,1.4024850498660946,1.0368991850230445,2.7439385228268516,0.6811023029049297,0.9140407940972267,2.154219143840087,1.1831917514997077,2.1119901346596093,1.1149115367415938,0.9901526127327727,1.2678059711319527,0.9135199223604598,1.129889255034516,1.3828630793138097,1.7212839819473924,1.1973219097902223,1.286518268343939,1.1466115875577791,1.50706648283322,0.9993099560591244,0.8449211246927479,1.184958682260153,0.691598980258073,1.1487002260395514,0.8580721796613888,0.9268279882422612,1.6507562522235804,1.0771611598116941,2.435300886085238,0.9164606057765936,1.332809036614169,0.82947535402804,0.9457836254152496,0.8997711498798758,1.1711870768249126,1.411642069498753,0.9846904455277268,1.0132510451821246,1.0204194368250414,0.9156163660745782,1.1359533904993215,2.4313608987154605,1.4571292866608516,1.8106895723604737,1.8666141532078848,0.6851355927415286,1.692781693956655,1.4657506469264,1.3064295109462072,1.1234451192395338,1.3211313404879093,1.3206984672657205,1.3429993842375758,1.1805768593266084,1.9038395810012387,1.1819174643396813,1.6208830893206603,1.2920969423395632,1.3499234064765437,1.7249650798567568,2.4899679861098987,1.2294278375530727,1.3674231627477442,2.208289487318177,1.5793414124079934,1.0491467119803377,1.081107219960768
1.0,1.0,1.0,1.0,1.0,1.0,1.0,1.0,1.0,1.0,1.0,1.0,1.0,1.0,1.0,1.0,1.0,1.0,1.0,1.0,1.0,1.0,1.0,1.0,1.0,1.0,1.0,1.0,1.0,1.0,1.0,1.0,1.0,1.0,1.0,1.0,1.0,1.0,1.0,1.0,1.0,1.0,1.0,1.0,1.0,1.0,1.0,1.0,1.0,1.0,1.0,1.0,1.0,1.0,1.0,1.0,1.0,1.0,1.0,1.0,1.0,1.0,1.0,1.0,1.0,1.0,1.0,1.0,1.0,1.0,1.0,1.0,1.0,1.0,1.0,1.0,1.0,1.0,1.0,1.0,1.0,1.0,1.0,1.0,1.0,0.9057843008593283,0.9448031850020598,0.90285972007641,1.6351670673638163,1.239153022748231,0.8224429747797568,1.0188154069644113,1.1100551376528272,0.8420228681231074,0.8738022792887088,0.8518439543284642,1.0849577858281,0.9654443825678671,1.024642802507964,0.8989947868447523,0.9628539754323967,0.708425770295001,0.9911533901269494,0.7405504455571728,0.7622816804461754,0.8603782524088635,1.054913804478917,0.9437250781661294,0.8380799500772718,0.712193539278496,0.9648662071750442,0.8157910323527311,1.138961366330555,1.0915163314832803,0.8196328649108079,0.9325423347898183,0.8039247069062603,1.2944015662115302,1.0991517753770261,0.6280443816769542,1.2119751460748276,0.789846869558721,1.0947819594814139,0.7024277441782989,0.8363706832338362,0.9483018210199657,0.8160427162212524,0.7898187785198807,0.898147575300252,0.7056947845376027,0.7078861092106101,0.5929660136408453,1.006390454394017,0.7838686497685097,0.6670507358846286,0.8261234657175971,0.9336020061030914,0.9381564546755545,0.7733510637323018,0.7623455959553327,0.9013307613253547,0.7863808186550515,0.7796179108037333,1.0302832078835746,1.1111814159418507,1.3000595206497454,1.4581045031739315,0.9252741271446021,0.8624351703148634,0.8873976032865146,0.8058383548341652,0.7274679098809137,0.8242318899182856,0.70229441354188,1.1033428601070636,0.7907874399958892,1.0119102269593925,1.614441666506026,0.6524338162489693,0.7920665605679951,0.759506524874172,0.9089945561744033,1.1910213031344297,0.7874905856364534,0.7494146128181074,1.0047668857005139,0.9393814984482274,0.8465187153221163,0.8363128974645093,0.9074766858567118,0.7382951528427928,0.8745718878455915,1.3404251354422776,1.3784986753021273,0.9183619623116531,0.9079203302834528,0.6948389027397257,0.9753348932883729,1.1332177975430735,0.7737302234613797,0.7992894115819202,0.6894063833928613,1.4582723137047737,0.7250017939906002,1.0683514227099784,1.1667886023418745,0.6868849338846312,0.7629326915904936,1.0141563231590651,0.8569423244610076,1.0049925429414146,0.7130990533496928,0.6621312542922673,0.8948830275401729,0.7676357318584928,0.7357346170386714,0.9339545447125761,1.1041179851535483,0.9671484127489045,0.7140933826136502,0.8810740828416448,1.5789863640573234,0.9297472238150717,0.8003002892948685,0.8746481672825033,0.9029181137785804,1.675190398258414,1.1086289113741983,0.7467638334600901,0.8377422815112316,0.9244323666597675,1.2090973200023656,1.0457283701882893,1.0020714036316207,0.8912144420181602,0.7971592841720885,0.45529869562128766,0.8686122962233002,0.8331436232719559,0.8123304686552816,0.9071042973377863,0.719169171681967,0.8372000360518886,1.1388468704305676,1.0681977909807268,0.9898826923451803,0.7049428183479255,1.3918792828229836,0.9832290456206755,1.0449727060579193,3.2930197529505785,1.3572528070884142,0.8827742194047138,1.1750985109374206,1.5582471843437944,0.7287600702702015,0.7143335602415173,0.9683162680821089,0.9523602151376899,0.8713543465713478,0.73229732634466,0.8507174768769071,0.6966669093604576,0.8666901877555417,0.9639068038836446,0.7554359756376494,0.7492929490840969,0.9487706068782786,0.6134872689685629,0.8644707977955555,0.9214388355767165,0.7693734798502152,0.7956297297661521,0.7681063065499771,0.7783208618040256,0.7686529046621233,0.9338339123268338,1.0192275064044303,0.8270821874766003,1.071704123608441,1.455008872716903,1.0373613517416866,0.8732116715511172,0.6868073570467195,1.0849300919907794,0.8811958957198296,0.7863945170427981,0.8000032906312406,0.966266854137622,0.8563397054996305,1.1110561357520783,1.0818919457379192,0.8579361299106352,1.2408562746041012,0.983016025192538,0.7439915736592553,0.9128460393508607,1.7009430997669894,1.4284915759822985,0.8594141948800483,0.7361649864001081,0.7291329728752298,0.7980317146159785,0.786220482774777,0.7821863748661895,0.6870827373196637,0.6691697277686015,0.8392059671510039,1.0104010510668693,0.7589983255002372,0.7046470913226501,0.7195437801357978,0.7884929039307594,0.9553044274428022,1.2936286261635412,0.8486230108563917,1.0283033897425105,0.6911240605506246,0.8333551078974972,1.1195299247225858,0.7159134388474955,0.9844628848037897,0.9453086493834981,0.7925055717624827,1.369198765287208,0.7804876366616355,1.150062534314392,1.0237386508241373,0.9720627137529538,1.0381554750522326,0.6433715477288857,0.8878127793541783,0.7033696316831666,0.8813509044552628,0.9142442196836409,0.9733433091041863,0.7342099247353955,0.8613235893428197,1.2107175292917653,0.8190594465292264,0.7067825304893813,0.8076164422562757,0.7189086883400342,1.0031064805996683,0.8511093357235394,1.068397493271108,1.1477481984169253,1.8059907980263543,1.0084104645530902,0.7560202649799342,0.672454403889007,0.7686620892777885,0.9682874852038263,1.0296739172014957,0.7760006497021767,0.6840954640028486,0.8794000863486069,0.7709952061341248,0.8938992268898315,0.7506925134676727,0.8319671087675784,0.5891198413471541,0.8461831051618433,1.0081273520433665,1.017673297834391,0.8116392002840126,0.9239267555131419,0.9002667403864776,0.8540642072645434,0.8444174755105356,0.9035854121105883,0.7671891556085496,0.722709790243417,0.7486371386317623,0.9332921120310042,0.9639233421756925,0.788894107421262,1.0444682318433665,0.9847433598533276,0.9296675048677843,0.7582901106409994,0.6585845376454984,1.0699152177639653,0.9422692480037972,0.8408232550332988,0.8676485819983232,0.856824604941205,0.6071118860502815,0.9456550736194296,0.9549956296954971,0.8514457763491039,0.7955297304799276,0.7018972147795208,0.8592362151815583,0.8603578163985545,0.8560888395558196,0.7093298880773915,0.9043124006981323,0.8065399841139439,0.8930391246102001,0.9385720065607176,0.83657828720864,0.7942921101459539,0.8983829341236119,0.9166445444618341,1.163246795015549,0.8565556231281707,2.275234436812668,0.562897201079037,0.7528188408324101,1.781132302524767,0.9807081805605566,1.7543324668365652,0.922859273216482,0.8176716009065148,1.048010348749893,0.756326492155726,0.9350877887712733,1.139353497523758,1.4089303076335673,0.9891672990287497,1.067027817973299,0.9475527876086449,1.234968225152909,0.8272099786285533,0.6974887335723327,0.9781274853062749,0.5692123915155508,0.9433586972119936,0.705527732871964,0.764299757997565,1.3592648088061874,0.8889017463576034,2.003742608304865,0.7595617875426418,1.1029414166566407,0.6865678343508934,0.7803541991820933,0.7454519159618991,0.9696024829072738,1.1679050523256604,0.8143456450629962,0.83830477390448,0.8449972596501549,0.7536783990271834,0.9409416733080992,2.0114652785495135,1.2069350509430747,1.5108750248373832,1.549727544171049,0.5652911590181933,1.3919838974141083,1.2115370542055044,1.081072089502674,0.9328172251790459,1.0941732971642901,1.0948294317666312,1.1127056259500028,0.9801208064694362,1.5702593010344366,0.974240704796273,1.3381725977802565,1.0719067871825567,1.1168541901022726,1.426783366914421,2.0329528900397955,1.0107574024319759,1.1321261518062884,1.829922400238869,1.3076388979692386,0.864157335545108,0.8944311843272906
1.0,1.0,1.0,1.0,1.0,1.0,1.0,1.0,1.0,1.0,1.0,1.0,1.0,1.0,1.0,1.0,1.0,1.0,1.0,1.0,1.0,1.0,1.0,1.0,1.0,1.0,1.0,1.0,1.0,1.0,1.0,1.0,1.0,1.0,1.0,1.0,1.0,1.0,1.0,1.0,1.0,1.0,1.0,1.0,1.0,1.0,1.0,1.0,1.0,1.0,1.0,1.0,1.0,1.0,1.0,1.0,1.0,1.0,1.0,1.0,1.0,1.0,1.0,1.0,1.0,1.0,1.0,1.0,1.0,1.0,1.0,1.0,1.0,1.0,1.0,1.0,1.0,1.0,1.0,1.0,1.0,1.0,1.0,1.0,1.0,1.0,1.0435098834729206,0.9964004942512179,1.8065926682358184,1.3694610653907162,0.9077772768833191,1.1251924331129182,1.2251388593048707,0.9295208811007728,0.9649786849454688,0.9402166262973733,1.1988452344746456,1.065909400351003,1.1309263874710274,0.9926860494582559,1.0631037558207819,0.7822594701920751,1.0944171137688083,0.8174704846492403,0.8414285191007335,0.9502350646498474,1.1643783264321108,1.0418570657933364,0.9259036631040132,0.7867100769674897,1.0659892875374177,0.9002855343869912,1.257302246085222,1.2039725409309363,0.9050878595915047,1.030364925999481,0.8873156752250748,1.4298077159777915,1.2131177818116068,0.6931221494448708,1.338920142812257,0.8720307900690392,1.2080454543091745,0.7755216957746698,0.9233009768997915,1.0469638604303217,0.9006529147686771,0.8716692982440832,0.991207973398892,0.7787619466119243,0.7812383979895856,0.6545329045297814,1.1107837816184545,0.8657421491109619,0.7361740347202053,0.912018438624351,1.0306491382168388,1.0356502270172752,0.8534984129438299,0.841476249661347,0.9953334142725427,0.8681125795082452,0.8606108807346817,1.1372569140541446,1.2275137425957605,1.4354166480323738,1.6109862427765262,1.021770896256307,0.9524737703389988,0.9800302651358817,0.89043165031765,0.8031629122140829,0.9096307961427645,0.775223973162373,1.2189752566095242,0.8728702124715622,1.1171843390501168,1.7812681903991903,0.7205130153942708,0.8745906440590581,0.8384315830799685,1.0036728265400026,1.3150894734524765,0.8691991412918483,0.8283225517774699,1.1105029175705803,1.0369082465315345,0.9348310133770994,0.9231962567497949,1.002085749059098,0.814876559560833,0.9656034368165964,1.4799072309878893,1.5231885458091114,1.0138764463780374,1.0027934954273583,0.7668467536334904,1.076376854823649,1.2507226945970762,0.8543787209656389,0.8826150384294749,0.7609986113218294,1.61095623454923,0.8003379048383311,1.178961809548796,1.288507932148526,0.7583878808069793,0.8428593872036478,1.1203498227555084,0.9454011112854929,1.1097944971665066,0.7875833270916938,0.7309830878030096,0.9887893568204464,0.8479720151687634,0.8126962105002434,1.031618001964142,1.2187666572527962,1.0671667528699624,0.7882590552923168,0.9725196062825583,1.7450130072911842,1.0265265503435317,0.8835163029080519,0.9654169145333227,0.9968287536600678,1.8486604932679218,1.224062854341987,0.8245276927486058,0.9245575676471725,1.021048507731928,1.3340907921536846,1.1552117873548884,1.1063640982844776,0.9836364501844279,0.8806151505114423,0.5027767575393037,0.9594065728435808,0.9194718900715312,0.8971173078606297,1.0014965565963556,0.7936250084597276,0.9244795459488965,1.2577992367068915,1.1792888098611185,1.0926591655124707,0.7787639282330474,1.5362557546880895,1.0862366144375901,1.1540898339976304,3.628395738253159,1.4956212729292186,0.974130837324083,1.2945338867663339,1.7222085832182628,0.8042335237317721,0.7884373338903856,1.0690456297866635,1.0512388518431588,0.9620440828020242,0.8086372385243954,0.939422214217339,0.7689770817110804,0.9570425096938421,1.0640083752574971,0.8338241571978606,0.8269522899987012,1.0480904775997781,0.6770887326368674,0.954552217275098,1.01792743025557,0.8490754393187699,0.8781149330558512,0.8476525908065857,0.8591872434882615,0.8484502319372225,1.030912258560421,1.125618547092876,0.9127590358784554,1.1832917678651185,1.6075287218020886,1.145649582464109,0.9637964434019979,0.7581064505875241,1.198206345359885,0.9728291711875444,0.8672627476468406,0.8829021892254991,1.068293174409809,0.945282475446072,1.2263328924095331,1.195047500521388,0.9478514181842861,1.37004874580367,1.084525615887369,0.8210968346480381,1.0080555843331638,1.880048261586952,1.5776521153903187,0.9487576429768392,0.8127268861662974,0.8051882445376788,0.8809837852398554,0.8676817666955309,0.8632388656955956,0.758443902350455,0.7386485520616821,0.9266870869349908,1.1161532096804487,0.8377838117626402,0.7778115602785995,0.7941166612232233,0.8699695390497406,1.0546709669264622,1.4281181576297741,0.9375804356779154,1.1353016310285504,0.7629713224997046,0.9197748749747678,1.2363244393535653,0.7896321869608607,1.0874431670536158,1.0433088635731136,0.8748237631391114,1.5120913440323889,0.8615308004185076,1.2698632028563694,1.1302307075361955,1.0731997175562542,1.1475497637505419,0.7101911918143233,0.9798905808221139,0.7760981087291026,0.9722572345367387,1.00964234716674,1.0745766136277757,0.8104800891020609,0.9518828054766293,1.3369276119288587,0.9036046456902137,0.779644475411538,0.8913270745108539,0.7936889822083303,1.1074934502103035,0.9398805912184988,1.1793342228665555,1.2673239846794402,1.9927498657769123,1.112636113441129,0.8344259521497951,0.7421194719061683,0.8483979842941491,1.0690225518323093,1.1374316323533995,0.856661573668906,0.7551212003179928,0.9707347669592357,0.8512378146501663,0.9874897403792884,0.8286139571714239,0.9188860657511715,0.6504086345712514,0.934424006494436,1.1122052560053235,1.1233989753409002,0.8953062530613525,1.0198515200813572,0.9943645446380189,0.9424478779845655,0.932149888834866,0.9971609869682472,0.8467867776794336,0.7973287000331095,0.8259278024725296,1.0300009847668243,1.0632757554797774,0.8708659946373298,1.1531850231071537,1.087466992446208,1.0263412212087175,0.8368120923578299,0.7272315535484617,1.180727700570055,1.0405914342396267,0.9284336391808027,0.9577238935085819,0.9454723665475595,0.6700969168095132,1.0439911626213267,1.0560303500121235,0.9399955928273516,0.8776208249976564,0.7744659859395389,0.9486088192257365,0.9497870944742949,0.9449516185721888,0.7834956424954334,0.9972151885937268,0.8903317121094447,0.9861773928936265,1.0348849550078543,0.9228250687438261,0.8760095163001196,0.991396315151757,1.0119669720437239,1.2842453124290572,0.9446836207219373,2.5138249752460937,0.6212910085633294,0.8309476413350321,1.968151836023735,1.0830801523402998,1.937539702133324,1.018701502982046,0.9023545512058594,1.1570189216725733,0.8347349425912036,1.032208985619194,1.2592532229835227,1.5565549544200405,1.09263095114866,1.1765365904543805,1.0449733749435512,1.3638488707508276,0.9133601296920677,0.7704121948783611,1.0790749484181625,0.628328869227603,1.0415280180969193,0.7787459506660794,0.8440911360506687,1.5015548186879244,0.9813719145964975,2.2135672139737155,0.8382517312976898,1.2175147108241886,0.7577360579784225,0.8610937951373374,0.822673096538669,1.070592692506676,1.2897359568627675,0.8995281576340117,0.9256790592869713,0.932856166352016,0.8322301414124649,1.0393009893240726,2.2185270976136136,1.3320544938240917,1.6689865891832583,1.7090035397767565,0.6239239493181361,1.5390583922251178,1.3385097469352623,1.1937259374412224,1.029800075933999,1.2081201749314832,1.2078425720568513,1.2279869183348966,1.0815894862430546,1.7339418514359362,1.0752076546878233,1.479781095437269,1.1837735527899425,1.2331271113839388,1.574551777866548,2.2407533692319683,1.1160018628452089,1.2496853039758529,2.0221739755874157,1.444440729133909,0.9547140254415765,0.9870625843585465
1.0,1.0,1.0,1.0,1.0,1.0,1.0,1.0,1.0,1.0,1.0,1.0,1.0,1.0,1.0,1.0,1.0,1.0,1.0,1.0,1.0,1.0,1.0,1.0,1.0,1.0,1.0,1.0,1.0,1.0,1.0,1.0,1.0,1.0,1.0,1.0,1.0,1.0,1.0,1.0,1.0,1.0,1.0,1.0,1.0,1.0,1.0,1.0,1.0,1.0,1.0,1.0,1.0,1.0,1.0,1.0,1.0,1.0,1.0,1.0,1.0,1.0,1.0,1.0,1.0,1.0,1.0,1.0,1.0,1.0,1.0,1.0,1.0,1.0,1.0,1.0,1.0,1.0,1.0,1.0,1.0,1.0,1.0,1.0,1.0,1.0,1.0,0.9560895815033892,1.7316102286456854,1.3146476785351031,0.8693566560326731,1.0784560961973457,1.1738799862889815,0.89104777540853,0.9254075158155033,0.8998793061129484,1.149916962909205,1.0207618412348727,1.0848157715567655,0.9508909854161234,1.0180358676381132,0.7490417248656993,1.0475691893420251,0.7831552674647811,0.8055977149768239,0.9100138932082116,1.1150720212697802,0.9973550033105705,0.8864790017419444,0.7531835393508288,1.0225204664690595,0.8614772300141118,1.2034819901672815,1.1477752828143564,0.8672452723150595,0.9875604591023716,0.8496470603711325,1.3696546804998577,1.1597029303765147,0.6634304694678642,1.2842975344497944,0.8360400911739334,1.1560761154013366,0.7425490236876361,0.8847642760689021,1.0026070814628034,0.8619580757927948,0.8346350297096428,0.9482136891959274,0.7454091441307751,0.7474878543217254,0.6275190201747578,1.0619390347326045,0.8299126509638788,0.7046562436150294,0.8726872029217208,0.9869236482869259,0.9924298418125423,0.8163249959278169,0.8056395357486703,0.952759471130233,0.8326620207772432,0.8242195000523987,1.089952491452444,1.1760103489367553,1.375399803022056,1.5466584891796713,0.9777810810415608,0.9134720640039126,0.9402544836721087,0.852148166104671,0.7703067046302361,0.8706692449109799,0.7428646530854945,1.1673706438376075,0.8366855615080278,1.071700642626757,1.7032094047036388,0.6901934418630704,0.8369972726327447,0.8029931198972873,0.9617639865410261,1.2594887726809845,0.832397995883247,0.7928530381626282,1.0670720321669553,0.9922604743712986,0.8961207133614911,0.8843740234007853,0.959189609785059,0.7803309303664386,0.9248480532016254,1.4172472799341915,1.4613379073628998,0.9714201330132168,0.9630162607746671,0.7342445761873391,1.0299443380710407,1.1994247208412787,0.8183225510174118,0.8443746345623404,0.7290304821433763,1.5414876069972747,0.7654035497323513,1.1285727389644737,1.234365409933169,0.72597291386026,0.8069717749594485,1.0707580127802938,0.9048071760809728,1.063694550658758,0.7552895254286786,0.6997201375770934,0.9474981301330936,0.8128091643116321,0.7769787341081229,0.9879233317771954,1.164739087994699,1.0221851046554418,0.7556927509317739,0.9312524603847125,1.6721065739602954,0.982543692795312,0.8481563993245982,0.9243497225461149,0.9540112476802455,1.7686952956043824,1.1798501387717732,0.7920316058604933,0.8854900322644589,0.977408433643325,1.2762725740519514,1.1045396198750563,1.0582376232273016,0.9409208608291386,0.8438590644072002,0.4816149232331971,0.9185007031114367,0.8808310689419129,0.8599432957284383,0.9597881529356028,0.7606958320490593,0.887015151825119,1.2050854246681455,1.1273806496369985,1.045729871628724,0.7463724450944729,1.4712606764831926,1.039890104006244,1.1047626591471884,3.5285916863630478,1.4260469303132264,0.9333575443389888,1.2425627333891889,1.6521214747057908,0.7699928753895403,0.7540942101891466,1.0231723141193612,1.0059241096156812,0.9216252466923756,0.7744577966109687,0.9001476344354427,0.7360204601717546,0.9175695686848457,1.0193194937425747,0.7992593799374388,0.7922149804404616,1.0053961258568942,0.6495675684184008,0.915352905172134,0.9754018118505712,0.813428495557788,0.8420906011498572,0.8116077025028442,0.8231551121884537,0.8113711350492783,0.9867264643042769,1.07822990085664,0.874309126959838,1.1325851955082686,1.5418247037189827,1.097819586968114,0.9219391157489091,0.7264784192814345,1.1488857618167165,0.9313059382513481,0.8304403276833943,0.8456332721244681,1.0233604201101016,0.905218860685157,1.1730755393688321,1.1457466290979084,0.9065457638733152,1.3116564783381157,1.0403491746713662,0.7857045342062255,0.9661263020909636,1.8096219249767758,1.511327853058686,0.9076969003745881,0.7780304660074957,0.7723992796229411,0.8434144740635479,0.8318367775339228,0.8265097823964189,0.7269825398957448,0.7071310388724241,0.8868737735243729,1.070307498445622,0.8017380757463296,0.7458569538991934,0.7603643947629122,0.832091053448168,1.0087591710378163,1.3652272165119554,0.8984408948754351,1.087430733929196,0.730396043294723,0.8796852216066735,1.1902107184372492,0.7562723913199969,1.041889500226425,0.9977270216432589,0.8384081773074562,1.4446691891676395,0.8247253861098072,1.2137629847748137,1.0816492236171462,1.0277666219653532,1.102968951161749,0.680510538515836,0.9378218918190024,0.7425985729529724,0.932416713096816,0.9669912330053279,1.0290012985407648,0.7760471161341771,0.9105398165719898,1.2810461640904034,0.8643923884102308,0.7476287893196536,0.8566148221437341,0.7601905274224523,1.0604568082951635,0.900420737205085,1.1291056194081617,1.2130215515063378,1.9095220129766872,1.0663028747418695,0.7991510892447072,0.711650429730545,0.8123739918266601,1.0220119647210597,1.0895659013105752,0.8206042366119383,0.723628446703817,0.9280293707632296,0.8169617712228711,0.9465018086093367,0.7925810700550127,0.881736892384775,0.6233579654213657,0.8913566828128254,1.0654201045160185,1.0744880963111458,0.8573562799137341,0.9765419124553057,0.9539000067028204,0.9021214806684537,0.8919208928199998,0.9533938460841289,0.8106700446611601,0.7623055897368136,0.7874640162090686,0.9834466761689744,1.020587451187613,0.8343563100751064,1.1050678364723878,1.0391530445398993,0.9825801038790013,0.8025020904675206,0.6973569611171466,1.130696170290108,0.9997268108422326,0.8897607911115106,0.919721198858899,0.9063179259784224,0.6419174752537491,0.9998190885936947,1.0224962714563492,0.9028825816232402,0.8421003582062173,0.741794231745601,0.9097462867919008,0.9112709149758478,0.905180068775503,0.7509452193524202,0.9551349221220401,0.8550598682421255,0.9474758827462916,0.9946365141479916,0.8863169913632888,0.8416244279549261,0.9503307191435573,0.9712318256625929,1.2284474960163823,0.9050187988685274,2.404717916651674,0.5954452838456509,0.7984395162200414,1.8887389816496065,1.0364618661679867,1.8520333914531792,0.9755241477141847,0.8648630538254376,1.1092723075656683,0.799164782990722,0.9882395578968499,1.210951596850975,1.5042834909776628,1.048477315419301,1.1239371837408465,1.0009665307397566,1.3160931960833566,0.8747992954744701,0.7396419830836942,1.0337869660210641,0.6037979541953695,1.0030839540316467,0.7489598498905785,0.8104315781073412,1.4439086723979118,0.9413814520428703,2.130390030103359,0.8018142011976879,1.1655335709800108,0.7253968975754641,0.825320227346843,0.7871573790664158,1.0250212816705755,1.2355879448441627,0.8621686351779605,0.8869164019375079,0.8931045608532897,0.80013957516225,0.9952669798158349,2.1240823096572226,1.274816165290602,1.5896818063933917,1.6308986494642925,0.5985991280645397,1.4823156733030374,1.2838495364933724,1.1436896542524069,0.9842660524741749,1.1566556613611896,1.1550586799492202,1.1751676499662254,1.0331753990628927,1.6648733002155454,1.0323030959513582,1.4200844339433378,1.1326396608577611,1.1814419665396843,1.5078535829449982,2.1637782840904602,1.0739980931652007,1.196421181306559,1.9346100811975386,1.3836782417074875,0.9178956939891998,0.9451011009250483
1.0,1.0,1.0,1.0,1.0,1.0,1.0,1.0,1.0,1.0,1.0,1.0,1.0,1.0,1.0,1.0,1.0,1.0,1.0,1.0,1.0,1.0,1.0,1.0,1.0,1.0,1.0,1.0,1.0,1.0,1.0,1.0,1.0,1.0,1.0,1.0,1.0,1.0,1.0,1.0,1.0,1.0,1.0,1.0,1.0,1.0,1.0,1.0,1.0,1.0,1.0,1.0,1.0,1.0,1.0,1.0,1.0,1.0,1.0,1.0,1.0,1.0,1.0,1.0,1.0,1.0,1.0,1.0,1.0,1.0,1.0,1.0,1.0,1.0,1.0,1.0,1.0,1.0,1.0,1.0,1.0,1.0,1.0,1.0,1.0,1.0,1.0,1.0,1.7906955701779217,1.3638783236261065,0.9039312373009065,1.1214032272409107,1.2202327231758157,0.9275246836086006,0.96227110771246,0.933582735436487,1.192965934810932,1.0586219738317073,1.1314589390997485,0.9868046439331445,1.0558637444026748,0.7769561681187913,1.0851932881221713,0.814145024922457,0.8364866880000068,0.9432045296274184,1.1572610967735735,1.0333033965752352,0.9160415760540013,0.7785718925470753,1.0621331939492396,0.8933263086714227,1.2475634181757536,1.180838141549491,0.900130028621328,1.0237355196231497,0.8816017357849941,1.4191856755200463,1.1982693902432096,0.6887835679499834,1.33541973022838,0.8691174461559412,1.2011817808942835,0.7701183416121125,0.9207781230159093,1.0398838543727085,0.893764746565919,0.8670239114563558,0.9818180405350708,0.7738970997749945,0.7754017431402311,0.6539963979985342,1.09708993070534,0.8620113706316758,0.7320818629977119,0.903615747543808,1.0236830779385304,1.0331851704247985,0.8455254882844243,0.8373060955376715,0.9859483392180268,0.8692378383340182,0.8561587685016585,1.1338632277965444,1.2184575783828886,1.4302384442230816,1.611469383775389,1.0114921322467774,0.9502358028631707,0.9799541733569893,0.8787127200366353,0.8026365742231086,0.9037696830492034,0.7732908983012656,1.2091518555794245,0.8709885073608536,1.117288522132998,1.7628922597277645,0.7163023118300971,0.8664948524720392,0.8337028311670813,0.9988448074690164,1.3062898772832436,0.8649008446619404,0.8172013751282464,1.1120021092370993,1.0292753708918283,0.9311285620735642,0.9185950292779863,0.9930130015804886,0.8105494930249053,0.9590561976994217,1.4695649625904375,1.5147483364529597,1.0095931953567803,1.0039728775605519,0.7628794866003321,1.0667582229704373,1.250624163018483,0.8489817253808273,0.8728080334223903,0.7579603081050755,1.5910963076654103,0.7913685173968028,1.1707664433679508,1.279437719787138,0.7517310803304973,0.8345438861048241,1.1025665112258458,0.9404124500243278,1.105722815521376,0.7849900626764676,0.7258674521104487,0.9817436859514899,0.8437262807647605,0.8008176601581465,1.023988499019546,1.2039637223437571,1.062613413563732,0.7876222090869953,0.967221082111595,1.733390774094932,1.0180757498558606,0.8862103283094542,0.9591865040667169,0.9878428378293302,1.8324248357836772,1.2404971077239662,0.8273136422423246,0.9207611841778192,1.0117001158673913,1.323900729021628,1.138169893117019,1.0938915439664596,0.9745899704797412,0.8740597321752923,0.4997034590539655,0.9493925611276203,0.9168111922486926,0.8932448717471004,0.9960729316217599,0.7923729051101384,0.9237784210985815,1.2504288523594083,1.1642500522098311,1.084134746104621,0.774856645582827,1.5277946138389273,1.074268872394629,1.142034345453045,3.826623029744876,1.4774930673162219,0.9724331318699787,1.3086116066022573,1.7120044843021467,0.7997337730259158,0.7816530945067725,1.0608589352512134,1.042685118479704,0.9575562203388175,0.8030850905010761,0.9353303723390837,0.7633736753064362,0.9543993131255801,1.0583437919769612,0.8334685130414209,0.8246543078881294,1.045004181702071,0.6791464758225398,0.9528592560088145,1.0111259414450178,0.8473832009177356,0.8791089044336177,0.8441001882166035,0.8567234612844552,0.8385427286265794,1.0218038814456551,1.1177511263677626,0.9104277507887497,1.1734798402120425,1.5998372323734782,1.139654359064952,0.9546715925377894,0.7561176342096771,1.194768688689162,0.9652926104127214,0.8653246557676864,0.8792225348098376,1.0565209598107081,0.9400269395731452,1.2142458998199634,1.1902325176642528,0.9350815436306767,1.3595599046432856,1.0881833227155404,0.8147753996299383,1.0030167293889924,1.8886762782990913,1.5651060275204007,0.9393472295752212,0.8066598293369232,0.8041465194944601,0.8754355798848332,0.8686585985776842,0.8586912329405263,0.756819347337148,0.7338908158942454,0.9166014476441959,1.11070804565174,0.8309447644385803,0.7768129958939152,0.7904574513241538,0.8638871174768467,1.0430077803529945,1.4089876211516221,0.9320566853577121,1.1272230392715463,0.7580921366362563,0.9105572623540923,1.249710697032171,0.7895747974959393,1.0809373322951554,1.0327734584653347,0.8736919513403834,1.4860298652929003,0.8562359361186556,1.255677474776412,1.1201660185488445,1.065606632447167,1.1485864140735509,0.7083679184703237,0.9724500798686988,0.7709454543314613,0.9741464260646064,1.0029176289341983,1.0675558804179497,0.8060201600215511,0.9415867027593289,1.3273998301170744,0.8969226820348357,0.7818154192627165,0.8987658192174788,0.7897063986721593,1.099673375838223,0.9335761724976961,1.170546315144327,1.257233695225529,1.9863143377428232,1.1129791069002246,0.8309037762297354,0.7419680043704354,0.8440679176713444,1.055279100529188,1.1288734613453442,0.8524508667401393,0.7527780764346583,0.9591209857028256,0.8527219310132169,0.9828093089872284,0.8201271425469309,0.9183050156911148,0.6496545661111812,0.9149869287725294,1.1109706598807745,1.112121688596191,0.8919333921416989,1.0145206829158009,0.9911871883946958,0.937889483651732,0.9240210255140631,0.9878130484891268,0.840994615565472,0.7903920817400574,0.8117904216582433,1.0137558550689696,1.0724355118435978,0.8674284233219556,1.1465922998488298,1.067934447167025,1.018501622778036,0.8376142351558173,0.7261549596372895,1.1747832963285054,1.0458977997953827,0.9246123596364103,0.9626986248812957,0.9454125748532279,0.668427240626705,1.0381934517734952,1.0858744164324934,0.9441792446853587,0.8812440119431487,0.7746185262956937,0.9477738131461486,0.9511608308037278,0.941256958844295,0.7793536332797164,0.9947961947031896,0.8949270970778654,0.9918672920213929,1.0478210147719995,0.9307095376973662,0.8858587795340416,0.9905533458934848,1.0138148757172203,1.2705418462477156,0.9444160316167938,2.4891308261165483,0.6201100776403333,0.8360230185843437,1.9594157125819491,1.072767800616301,1.9086544434010042,1.0125253368072666,0.9020879093138097,1.1539511378354317,0.8296068562383053,1.0264467943516853,1.2647773667741284,1.5833714245912114,1.090518554746747,1.165505052815214,1.0435964558848783,1.3888430557710185,0.9075201633911123,0.7705243586728943,1.080778972444876,0.6334999135712949,1.0545103411473655,0.7867634371697547,0.8462865355842422,1.5115381160863077,0.9830071330645187,2.2304320698501527,0.8308331698191445,1.2113025197941567,0.7537119006345552,0.8633292956116774,0.8163445748602891,1.0631924450332908,1.2827497857419148,0.8953343165748612,0.9206170117286931,0.9258473747448162,0.8379464328210002,1.0308311183279053,2.2073919743001476,1.321950090466398,1.6226839886758655,1.690040396282769,0.6250338688523265,1.5526306026732817,1.3336711930673477,1.1870078739777017,1.0163813767236296,1.1990278666960021,1.1977519810883,1.218881394855079,1.0678458226765146,1.738432385557131,1.0807771477813928,1.479797219503357,1.169028453435733,1.2265950991560164,1.5677617734723883,2.303429750542758,1.1275237712954604,1.2415720316628285,2.00040525100914,1.4336805646581419,0.9596468395193798,0.9828588949426774
1.0,1.0,1.0,1.0,1.0,1.0,1.0,1.0,1.0,1.0,1.0,1.0,1.0,1.0,1.0,1.0,1.0,1.0,1.0,1.0,1.0,1.0,1.0,1.0,1.0,1.0,1.0,1.0,1.0,1.0,1.0,1.0,1.0,1.0,1.0,1.0,1.0,1.0,1.0,1.0,1.0,1.0,1.0,1.0,1.0,1.0,1.0,1.0,1.0,1.0,1.0,1.0,1.0,1.0,1.0,1.0,1.0,1.0,1.0,1.0,1.0,1.0,1.0,1.0,1.0,1.0,1.0,1.0,1.0,1.0,1.0,1.0,1.0,1.0,1.0,1.0,1.0,1.0,1.0,1.0,1.0,1.0,1.0,1.0,1.0,1.0,1.0,1.0,1.0,0.7582723559850447,0.5004201579408463,0.621045539635833,0.6760784391081662,0.5129769001397937,0.5331386341031102,0.5183419652473537,0.6630143299833122,0.5882270583442769,0.6243320026849704,0.5478653094156023,0.5866183369967417,0.43161814837614576,0.6037595893015875,0.45097812390475256,0.463939935070702,0.524529668007115,0.6423749184217378,0.5748918321444665,0.5114231840097693,0.4344910640231515,0.5892781106084608,0.496283633940225,0.6935240930775077,0.6621331771093717,0.4997108232125717,0.5693804755838443,0.48951846633406654,0.7895429462438281,0.6686719338013951,0.38207520165334186,0.7398849943742307,0.4815611446511933,0.6654555019469482,0.4278607276154761,0.5092808805161252,0.5778012434830714,0.4967039252910726,0.480629906896661,0.5464926660795192,0.4292610779665009,0.43060160634234623,0.3611088556007541,0.6125231866002845,0.4782035207578452,0.40577705347009785,0.5030655222444926,0.5686188964557419,0.5712107293022417,0.47042417866412584,0.46380007001002155,0.5494903005378167,0.47889401371904583,0.47464793854841064,0.6276507292218901,0.6779345993117916,0.7922290902068693,0.8906924826891424,0.5637688886514203,0.5261391987323086,0.5412433052594057,0.4919821615765223,0.4434059693239343,0.5014274184076262,0.4276100350923068,0.6730201904838864,0.4816445938232161,0.616782518209311,0.981666193814353,0.3976660629733678,0.48249823019734406,0.46258062972853053,0.5541230956882266,0.7257826058328087,0.47937245323078925,0.45786308987939384,0.6146771192204017,0.5715380768638076,0.5162510303511205,0.5094353314279405,0.5530559698233888,0.44939376775532586,0.5330396395209691,0.8167948787838002,0.8430214837379549,0.559614518521429,0.5545120819104266,0.42279419762803533,0.5936142970564329,0.6902651474271431,0.4715468032878402,0.48696617415122134,0.4197670200217634,0.8894040212921905,0.44126286232954093,0.6503089534774709,0.7117861656814153,0.4185914234179169,0.46547752074156057,0.6182532799917461,0.5208355982501736,0.6126829201266588,0.43519392454568073,0.4030933978985477,0.546375489583645,0.4684017023182324,0.44846985666022576,0.5695492378386671,0.6713141807119819,0.5886118495214729,0.43488685457966064,0.5363363316486229,0.9638847360475892,0.566245518209685,0.4878371890505223,0.5324763122201512,0.5499414191884084,1.0192493198311814,0.6783897446652927,0.45591073292835094,0.5098400983351279,0.5636597128536098,0.7352247554076003,0.6376576284850021,0.6102215771157017,0.5422247112576297,0.48668737575812915,0.2774797929261055,0.5299222990466299,0.5070221780656252,0.4954795580462436,0.5531368879655134,0.4378486793191456,0.510657083709526,0.6944470173884519,0.6502437249642419,0.602502598156623,0.43005222440911006,0.8474920059221861,0.5999751452547913,0.6373497857795294,2.014313983648571,0.8202943599649757,0.5370784289680994,0.7124735604518679,0.9532336321158115,0.4434298798321528,0.4343563557925842,0.5894332537109239,0.5795978641411959,0.5308708662723701,0.4463283369576962,0.518329306443981,0.4240560983050127,0.5283588221666793,0.5873289016269116,0.45968316039484747,0.455939857421656,0.5794080121817633,0.3734368988512061,0.5271374330954548,0.5622913751387135,0.4680392062439225,0.4843074115941015,0.4671285717812633,0.4736928970739661,0.4680227627000223,0.5688373362091229,0.6215062509803042,0.5030697944162861,0.6527713734846865,0.8890483157853026,0.6325315710615508,0.5313955458073962,0.41819557552695463,0.6617054957505092,0.5367287141645334,0.477530170095135,0.48687885599171593,0.5907990224170221,0.5213104644052685,0.6760633692532261,0.6601590370523045,0.5230859236125696,0.7560056067486821,0.5979763491876011,0.45264860455165346,0.556750879056016,1.0430190207014025,0.8715824017999746,0.5233049930910539,0.4483929652452707,0.444805570655157,0.48584425913543816,0.4782387731261497,0.4759227574976162,0.41850043579594326,0.4072725028371069,0.5116620478458084,0.6169659019821159,0.46204835379188214,0.4294587501116348,0.43767792157406016,0.4790539261314836,0.5817203382856964,0.7877473817611329,0.5179200495466534,0.626943301334759,0.4207217246201448,0.5069166668382642,0.6843149276691702,0.4346339939207284,0.6003798236913809,0.5750914230331787,0.4823909698845491,0.8343357393666352,0.4750026036786644,0.6995256749277221,0.6234750816371819,0.5924030022864905,0.6355351510953235,0.3917021272157276,0.5403701366987257,0.42761011163785057,0.5361301736092501,0.5572160262232668,0.5928528501800141,0.4469154905912739,0.5250748563949192,0.7389395065808453,0.4977170754144257,0.4297289680217921,0.4922039423498348,0.43789515483868646,0.6111895375245617,0.5190555912593985,0.6506583054790649,0.699005980574644,1.0994770570742678,0.6131653870045942,0.460062413712623,0.4095385247757934,0.46774549406080723,0.5895185953451545,0.6281979618992666,0.4725797112192981,0.41666615678817753,0.535165899822235,0.47000328201226516,0.5453393681547268,0.45687703111394906,0.5077068735712715,0.35870640719980784,0.514918377635148,0.6128458491758142,0.6192708775995764,0.49353053710700495,0.562421847838241,0.5495376703034194,0.5191950317599148,0.5140354024040352,0.5492601303707974,0.46708498509252505,0.4390252987319629,0.45372353999583653,0.5673577310050117,0.5857099913612724,0.4804125555718437,0.6369979540075721,0.6004276879236039,0.566267021664637,0.4615602087382651,0.40146535881673395,0.6513051633320786,0.5749417763593043,0.5123962033123823,0.5288394992678567,0.5213550345496759,0.3693940720290543,0.5759779001947444,0.5868668734284171,0.5193069540689763,0.48405324622750107,0.42631351439231885,0.5237057347368331,0.5242492207327302,0.5211103430399557,0.43279152888100403,0.5496876714531977,0.4914238915546468,0.5447752036982176,0.5706346086812083,0.5089058371808216,0.4828815646248105,0.5467778049774645,0.5589008388880149,0.7081690782163035,0.5203461110767591,1.3871909281828565,0.3427134808363351,0.45917187310058927,1.0889654736069707,0.5976225851031522,1.0689099685937868,0.5619495210240149,0.49734782460533267,0.6388554076446396,0.46036682825504427,0.5690396948586587,0.6970862579911625,0.8650453717291663,0.6040476423761506,0.6469693886582286,0.575841998827332,0.7560821107127782,0.5040780225158521,0.4259566861087239,0.5938952218452576,0.3469088012743915,0.576556893961869,0.4302797536917006,0.4662961159947876,0.8304870757520135,0.5415287489386654,1.2259670581453324,0.46200229277291105,0.6711184426526733,0.41765853164159206,0.4741796156244015,0.4534881583344567,0.5905683101770691,0.7118545300588639,0.49655953092185234,0.5111399925888487,0.5144953444609811,0.4601101371125187,0.5737981310021407,1.223385524425238,0.7344823141752541,0.9189472198251882,0.9390047893478616,0.3443461236895919,0.8530295450402622,0.7400145572888738,0.6589607893984486,0.5677185563667886,0.6666366057565587,0.6652439421154135,0.6770322115806249,0.5954782189594369,0.9581687531610614,0.5934073272993237,0.8175247193189779,0.6536902374097868,0.6807015104966458,0.8680021986762755,1.2395555133546827,0.6170602794646993,0.6892080839851025,1.1146884280428488,0.7976354740603993,0.5282233036705283,0.5440181124051688
1.0,1.0,1.0,1.0,1.0,1.0,1.0,1.0,1.0,1.0,1.0,1.0,1.0,1.0,1.0,1.0,1.0,1.0,1.0,1.0,1.0,1.0,1.0,1.0,1.0,1.0,1.0,1.0,1.0,1.0,1.0,1.0,1.0,1.0,1.0,1.0,1.0,1.0,1.0,1.0,1.0,1.0,1.0,1.0,1.0,1.0,1.0,1.0,1.0,1.0,1.0,1.0,1.0,1.0,1.0,1.0,1.0,1.0,1.0,1.0,1.0,1.0,1.0,1.0,1.0,1.0,1.0,1.0,1.0,1.0,1.0,1.0,1.0,1.0,1.0,1.0,1.0,1.0,1.0,1.0,1.0,1.0,1.0,1.0,1.0,1.0,1.0,1.0,1.0,1.0,0.6585358962408265,0.8175129172307156,0.8898418672197081,0.6756149384590273,0.7022104405086078,0.681330679482801,0.8730279724688921,0.7734623421380351,0.8230886917633156,0.7206337812377543,0.7713163376775737,0.5673536079782018,0.7933485169447372,0.5935400015766955,0.6100696871810598,0.6895981950371132,0.8449567560874619,0.7553667608762207,0.6718574356758588,0.5707156700306251,0.776071100060961,0.6521326318777529,0.9113475383823115,0.8651988889007196,0.6576266439850178,0.7492031100699073,0.643680472726446,1.0384809872397285,0.877064002078719,0.5022193791840083,0.9749517944771017,0.634361315897161,0.8748827219958719,0.5624211381049999,0.67063735922067,0.7597276549819516,0.6524721895216481,0.6321685332462981,0.7177398269136156,0.5642496370019268,0.5655260053136324,0.47581706121885503,0.8032022432936006,0.6294868368517708,0.5332888682724259,0.6605162072532997,0.7477420696308805,0.75228415137974,0.6174529532308053,0.6098937908108994,0.7215775143729285,0.6316692416763494,0.6244118171964963,0.8261902056697974,0.8916173474304812,1.0423261865955853,1.174670015541008,0.7403954557630021,0.6931615592990227,0.7136554162996045,0.6456273323888784,0.584499678298195,0.6591571527680742,0.5630163888760528,0.8845693762700924,0.634520933143278,0.8131279598431467,1.2880458842544198,0.5230562540061762,0.6338042113115228,0.6082955886156769,0.7291332125326055,0.9545241467505202,0.6304600725853143,0.6007706755745933,0.811381635715593,0.7509745419284448,0.6796611166097488,0.6701291544267831,0.7262715514933198,0.5911042372040476,0.7008525872359547,1.0740363950849585,1.1102387646548353,0.7360175131664083,0.7317873994544579,0.5560305499913409,0.7797895563831211,0.9097707722927377,0.6201357346240017,0.6391692023052937,0.5524967186463169,1.1675355607243265,0.5791844245425501,0.8543579219558457,0.9356725775863886,0.5498096361255027,0.6114935081412751,0.8097984998226451,0.6847999488986032,0.8065011618590089,0.573133768162282,0.5297837282940565,0.7185438529402969,0.616444521570465,0.5878514338103485,0.7481288608591177,0.8805167856546326,0.774552575046421,0.5729312654505354,0.7052704251374211,1.2685088218694887,0.7439977266395378,0.6440507751876503,0.7001654007185496,0.7224119432406075,1.3384231299420386,0.8997668745896624,0.6018339837878552,0.6707699916380014,0.7401102344320447,0.9653138189124342,0.8357681645408703,0.8009463773898953,0.7119001852923061,0.6400754553749003,0.3650317905232736,0.6959242430497022,0.6673734532334527,0.652164034117279,0.7280343564605372,0.5768081636450929,0.6733668481879247,0.913348281312759,0.8526109640385479,0.7917453201603475,0.5661714821617952,1.114551099868888,0.7880212245084236,0.8370237884477898,2.7093387210962074,1.0740364266840063,0.7071982963289143,0.9428411440107125,1.2552559816720814,0.5830975233676993,0.5704512363861529,0.7743802459509996,0.761279965514259,0.6984991816048038,0.5868576418267579,0.6823238360387976,0.5572515247369187,0.6961789585729183,0.7726276555685399,0.6059300005077326,0.6002194143284523,0.7631996026262959,0.49274453348686853,0.6942001363668269,0.739524574361695,0.6161825044529268,0.6385931842509848,0.614461922372508,0.6238678903082107,0.6137829511440869,0.7471559296182951,0.8172745752999273,0.662283107348542,0.8575909123345913,1.1702739104236848,0.8323520390249288,0.6976031593513615,0.5505888604764666,0.8717059350801695,0.705420916608403,0.6290033591722396,0.6405217163025845,0.7758812526130981,0.6859540245671194,0.8876571586241284,0.8690160657585071,0.6862626930469674,0.9935733689606021,0.7891534523670485,0.5946325999134726,0.7326894780561806,1.379127229603621,1.1460938278588846,0.6869210423713131,0.5891347276477206,0.5861775788601891,0.6385403730923631,0.6305321051061804,0.6258412814334557,0.5510928312719175,0.5354585856757881,0.6717261895981657,0.8123844976629127,0.6069188397247469,0.5657636216715121,0.5759650043518855,0.6293305769217336,0.7634549957606132,1.032521197084638,0.6809371293943072,0.8241011223243698,0.553159057068515,0.6655517867478358,0.9064662621593303,0.57230643673633,0.7896382687970414,0.7547035035600915,0.6354183447573569,1.091817695062652,0.6243344228399896,0.9172472044248441,0.8190078252984576,0.7787102301122875,0.8391714810101896,0.5157396497991741,0.7098846257406243,0.5619359374972257,0.707168660508009,0.7326859607028089,0.7795974040881983,0.587737011099319,0.688656004294699,0.9714614267042008,0.6540016527958561,0.5668709556211082,0.6510855668756537,0.57581933503985,0.8034099814502998,0.6827143835360459,0.8554189435072479,0.9184358306804639,1.4467937322665514,0.8078225442056527,0.6053345538862296,0.5398751061397358,0.6152016437496621,0.7731566090502362,0.8258103613384422,0.6218428862136562,0.5484731734049516,0.7015372880938024,0.6201688816158882,0.7178214827779263,0.5997657671817996,0.6694383790324776,0.47231123040415074,0.6726846137552975,0.8067858811857953,0.8127016511201048,0.6493973953814585,0.7395410269252596,0.7243730944131979,0.682774884029611,0.6751263519441247,0.7208704354625175,0.6139505662579249,0.5762651654200527,0.5934630038292423,0.7426007564161898,0.773913185957836,0.6324195022040401,0.8379237155900044,0.7862601994217452,0.7442820873091893,0.6087008580138102,0.5290679264575551,0.8562009346915199,0.7597974217666541,0.674556297919537,0.698443862923444,0.6868650601869255,0.486257795512734,0.7573405654135463,0.7832068424456358,0.6860233042918678,0.638918392624843,0.5616179483434148,0.6900763829543302,0.6914578864899926,0.6858260124115391,0.5694869480414256,0.7234497069119252,0.6497110703989581,0.719891411338337,0.7557040704586673,0.6730939482191729,0.6391661918165268,0.7204431295829059,0.7370754840620612,0.9295631654447158,0.6856328470825304,1.8177593935080987,0.4512963094706046,0.6067592943488327,1.4352631401856728,0.7846307654808273,1.40082610067844,0.7391128152461889,0.6555704842202374,0.8413988707646276,0.6051433175230307,0.7482630522483781,0.9212582883561409,1.153320474912532,0.7961075960646207,0.8485569537384787,0.7581863903321124,1.0051056445802802,0.6629283283131697,0.5619481788831181,0.7824931158960085,0.45882257560145134,0.764410482070438,0.5697711024652725,0.6156486371168064,1.0980552510863693,0.7137873350517873,1.6226207168842814,0.6067901937007933,0.8820880508651434,0.5491504868579481,0.6250325068409934,0.5956305480762089,0.776497034899621,0.9365530965075686,0.6540285580149303,0.6726016661710573,0.676633487372708,0.6087541937391225,0.7541310767211999,1.609027272565724,0.9651479141351165,1.1990446614253951,1.2284374370933593,0.454288610724203,1.129636896520854,0.9744513505909715,0.8670784685658308,0.7439561058084827,0.8759639847757258,0.8732528575032601,0.8893780895281127,0.7804916996500507,1.2643992294954103,0.7833434202405551,1.0770879999638416,0.8578095924953505,0.8957061538164072,1.1422223243205973,1.6530394120058007,0.8180264218507214,0.9061190903119098,1.4653018081759197,1.0491250574749142,0.6983726933735599,0.7156465531470243
1.0,1.0,1.0,1.0,1.0,1.0,1.0,1.0,1.0,1.0,1.0,1.0,1.0,1.0,1.0,1.0,1.0,1.0,1.0,1.0,1.0,1.0,1.0,1.0,1.0,1.0,1.0,1.0,1.0,1.0,1.0,1.0,1.0,1.0,1.0,1.0,1.0,1.0,1.0,1.0,1.0,1.0,1.0,1.0,1.0,1.0,1.0,1.0,1.0,1.0,1.0,1.0,1.0,1.0,1.0,1.0,1.0,1.0,1.0,1.0,1.0,1.0,1.0,1.0,1.0,1.0,1.0,1.0,1.0,1.0,1.0,1.0,1.0,1.0,1.0,1.0,1.0,1.0,1.0,1.0,1.0,1.0,1.0,1.0,1.0,1.0,1.0,1.0,1.0,1.0,1.0,1.2393060083941896,1.348600382874423,1.0241135775452146,1.0629886783548192,1.0340106568112055,1.3191329311785727,1.1725421111077723,1.2472135738540966,1.0921040587269109,1.1692827744426886,0.8606982293331458,1.2029623990811005,0.9001400560849612,0.9262026577175858,1.0450845797894788,1.2809798667649916,1.1453789817540945,1.0167925682535082,0.8641224459099008,1.1734829510818479,0.9900180193636446,1.3822642216202499,1.3184789016871332,0.9960076541446208,1.1334577291157641,0.9759765486793794,1.5723615997806286,1.3319987657008243,0.7627381453022499,1.4755479790143258,0.9600751167070225,1.3301948169608606,0.8529523201948126,1.0173595476449764,1.1514953723943566,0.9905072729752538,0.9593582956157097,1.0894087299662158,0.8568897712349169,0.8595563676534759,0.7215710019055714,1.2193938614341548,0.9531644784486044,0.8103228613861987,1.0025554576308426,1.1333806739168288,1.1412206801805787,0.9381086199743085,0.9265324924893293,1.093615066447288,0.9576880511397522,0.9472746686164554,1.252861982459005,1.3499979081386047,1.5810623682323568,1.7760904345899695,1.1225139444695933,1.0494353362649176,1.0807962873357555,0.9769921379853249,0.8854091867187919,1.0008392535836392,0.8541758976155431,1.340285044284248,0.9616552620549929,1.231331200270287,1.955926970575041,0.7929084064139265,0.9611814772618985,0.92276717659298,1.1045909687032442,1.446438623532905,0.9568760207855266,0.9085220665050866,1.2245194631726992,1.1404694566465343,1.0293276092370172,1.016066226371193,1.1014432254260278,0.8967783674721903,1.0618735045920662,1.6272468709566892,1.6748618373987587,1.1163166759292056,1.1056619042810194,0.8440822940709476,1.182859165768455,1.3790365995023388,0.9400559100526026,0.9692782579384214,0.8380075791046167,1.7688800630022072,0.8789015522446892,1.2968912724961315,1.4173104558998473,0.8335804893532812,0.9259633465199154,1.2286631937350112,1.0407827369303728,1.2222621682242107,0.8672423192458654,0.8042656008966058,1.087564076105108,0.933273967149905,0.8912279573696493,1.134859135237913,1.338696050481288,1.1744525510115689,0.8692632883234802,1.0701036740022511,1.9208167379176206,1.1284406653995416,0.9751173632862412,1.0619207274996887,1.09549008467335,2.0323486395657477,1.354579093351606,0.9103949762639336,1.0179785784393318,1.1223462034848541,1.4672519468016767,1.2667239543665694,1.2148583522460998,1.0809939181378243,0.9682106411863244,0.5529974527157706,1.0538768152191134,1.0130573870615784,0.9875942543910408,1.1017806435457151,0.8744281481484231,1.0192984745431888,1.3838605167654487,1.2946096859775382,1.2013912467182246,0.8572628895243561,1.6901818330629657,1.1928547945267827,1.2676612280013608,4.06977828590907,1.6425061964110825,1.0738154532213442,1.4330994240903008,1.8943505356956547,0.8850648991837914,0.8668847109085605,1.1757704454921314,1.1561423941606281,1.0590676534292383,0.8894304115730137,1.0343779405033924,0.845787917805708,1.0543749586766342,1.1710019633800868,0.9194882448588488,0.9110490879680333,1.1543091639838632,0.7475542399543282,1.0517113941552987,1.1196251687008871,0.9359992501463297,0.9687536101270688,0.9336949407689179,0.946616130835654,0.9316512493842039,1.1330907348033845,1.2379343255791406,1.0057742995112817,1.3015713329309708,1.76852675166415,1.2607632982584454,1.0593200930062086,0.8352329529668419,1.3199785726166442,1.069564203485335,0.955150310042409,0.97224473475338,1.17334547339757,1.040220803093233,1.3470810567707225,1.3156054069441991,1.039948521979189,1.5071570998208892,1.1974636453222334,0.9030953187500309,1.1094120462789836,2.075456798280844,1.7342256024624978,1.0422835334972715,0.8938623858708119,0.8875230565020549,0.969482556708589,0.9574345239000751,0.9502167303346953,0.8356478549969135,0.8126704144020207,1.0177218301817326,1.2283518519036911,0.9211696135606723,0.8573597493418219,0.8743010223382364,0.957141850250477,1.1584463773071334,1.5673909514898101,1.032156815168499,1.2482616883673145,0.8398953161295413,1.01057236056772,1.3681865830393303,0.8709829887557388,1.1965315384324224,1.1464891318076602,0.9645131719975344,1.656822491328812,0.9483216250172511,1.3958739016320867,1.2421247415317636,1.1804064345027603,1.264893549630147,0.7824944640069957,1.0776990982152017,0.8539045154163696,1.0728479173484926,1.1105049313074344,1.181935238814317,0.8921180604104155,1.046065634162753,1.470073692951708,0.9937814668088583,0.8607235413478209,0.9858779039420131,0.8739262028173485,1.2183978430042974,1.0337715008762194,1.2965263199926902,1.3939830274500529,2.1944392845136194,1.2276135346450807,0.9189339998916173,0.8180573602265953,0.933901690903825,1.1733542691976055,1.2508188384227472,0.943083974499622,0.8316738965879384,1.0657542156835829,0.939098848449905,1.087305835517247,0.9102764849425908,1.0126630116055217,0.7174045986901426,1.0231242463762347,1.226460218103961,1.2348913138685316,0.9855838588035418,1.1228075882950401,1.0953217153673624,1.037656252925424,1.0245667292706149,1.0963952513302107,0.9315110961970862,0.8764800196630904,0.9052712192855497,1.1298083530434153,1.1764233918919347,0.958979393882576,1.2688068428366854,1.1909244233152414,1.128481444598313,0.9229140903377855,0.8013865523895187,1.2998547616982155,1.149208631947537,1.0219422483271376,1.058051683280679,1.0424438712877038,0.738467637739165,1.1493026732949314,1.1762230271513028,1.0380506568768657,0.9690105009517063,0.854520149492801,1.0456741791725208,1.047845082034984,1.0408857858518723,0.862294763324624,1.0982180903912253,0.983386903052071,1.0897650527735847,1.146475440739846,1.020647977329809,0.9700289490483461,1.0927711516059544,1.1163573342890092,1.4105996246566708,1.0416900477842728,2.764961277204677,0.6846155473305999,0.9180471600059217,2.164941994657005,1.1906184423567523,2.1245815278218734,1.1206231936991915,0.9946177317711689,1.274555197731722,0.9184222579636389,1.1357582990506896,1.3898270346292114,1.7241497963806989,1.2033604724375353,1.2929112171648574,1.1515151721536712,1.5128130425996338,1.0046639989592516,0.8493613939721878,1.1909299492450725,0.6949947660944056,1.152609763782655,0.8617204442011286,0.9316538033400977,1.6589054436160926,1.0829645550826918,2.4467954678420716,0.9215625151637159,1.340336175828229,0.834266069880251,0.9510892766230341,0.9047065201178368,1.177671144463494,1.4193412752407866,0.9902053746068287,1.0189729536732102,1.0254582046433087,0.919483207529033,1.1429160781643728,2.440935908766172,1.464504311304338,1.8212713362331339,1.8782860392005778,0.6883794413803215,1.7014215859801216,1.4738111899419573,1.313651434865616,1.1303253039628187,1.328443001698259,1.3279423982097383,1.3507281451395972,1.1873902739896167,1.913437128806022,1.1876086091798423,1.6336607970230639,1.298970098988032,1.3570367018728042,1.733211467929637,2.492994417044324,1.2344317752695377,1.3747951025201295,2.221628386452819,1.588440404908754,1.0544391721350375,1.087004575626319
1.0,1.0,1.0,1.0,1.0,1.0,1.0,1.0,1.0,1.0,1.0,1.0,1.0,1.0,1.0,1.0,1.0,1.0,1.0,1.0,1.0,1.0,1.0,1.0,1.0,1.0,1.0,1.0,1.0,1.0,1.0,1.0,1.0,1.0,1.0,1.0,1.0,1.0,1.0,1.0,1.0,1.0,1.0,1.0,1.0,1.0,1.0,1.0,1.0,1.0,1.0,1.0,1.0,1.0,1.0,1.0,1.0,1.0,1.0,1.0,1.0,1.0,1.0,1.0,1.0,1.0,1.0,1.0,1.0,1.0,1.0,1.0,1.0,1.0,1.0,1.0,1.0,1.0,1.0,1.0,1.0,1.0,1.0,1.0,1.0,1.0,1.0,1.0,1.0,1.0,1.0,1.0,1.0877205559300258,0.8261182927565348,0.8576785787038104,0.8334772403658648,1.0647475658680716,0.9452176567249987,1.0063371115406765,0.8807999512185098,0.9428361032379496,0.6938906686986119,0.9698548010500293,0.7258360302157081,0.7463384125462248,0.8426606543800984,1.0327336110051142,0.9232160386878883,0.8198312130923343,0.6967712862190039,0.947251462086051,0.7977996824631526,1.1143995634157087,1.0602572481264485,0.8032842806516615,0.9144750346816666,0.7867758599677113,1.268057909327708,1.0726357162750113,0.6146874057430984,1.1903512887698917,0.7744881385735654,1.071411570924011,0.6876849080550339,0.8203044288657785,0.9285534127027593,0.798332268841504,0.7733605938017756,0.8776075406417998,0.6905916926024098,0.6925440138091519,0.5820293752439345,0.9822606439280906,0.7689369296154278,0.6532332285812472,0.8078647619919237,0.9138840505111369,0.9205784884041375,0.7558878588913631,0.7468507132592871,0.8817577649135695,0.7727798978719845,0.7636920517754737,1.0104452754397126,1.0885882135314595,1.2754775023766136,1.4345926066818717,0.9047065645404344,0.8468004930395444,0.8723239333089332,0.7876509493522521,0.7144192509344034,0.8065740224782282,0.6888891519277215,1.0809249425862528,0.7756388600110624,0.9941528623028427,1.576218140862907,0.6393779940125086,0.774701997572447,0.7439971223571961,0.8911157086410019,1.1663492640497068,0.7714380533847014,0.7326670212998468,0.9893584977486019,0.9191278935818428,0.8304020003241677,0.8193910964571485,0.8879194500817009,0.7229965064287665,0.8563258009615227,1.312324175040208,1.3520469627020086,0.9003576611655733,0.8929975338039979,0.6804576900993051,0.9532024855837994,1.112613162091546,0.7579834624079624,0.781121369537721,0.6757260482721298,1.4252798731626135,0.708131536551823,1.0452615985240008,1.1429711524948845,0.6719500617473824,0.746669892156448,0.9897146547189719,0.8385123032850097,0.9859208883292623,0.6998674979317758,0.6481972189154567,0.8773265345989218,0.7529987800919045,0.7181385513181986,0.9151734029102234,1.0777640270402036,0.9471087778176119,0.7011034965689087,0.8627951338815323,1.5488612284607886,0.9096670875919252,0.7870983012427701,0.8561419866777237,0.882962353148377,1.6374024638110765,1.096057525913595,0.7349292159683067,0.8207786367748199,0.9049415316039944,1.1823259750401773,1.0209126065248206,0.979012845751192,0.8711140398675687,0.7810081345297333,0.4459725060336511,0.849471292041265,0.8168145889642817,0.7967127985514675,0.8886478087176147,0.7052739807021852,0.822208859694999,1.1162910306734979,1.042844076891237,0.9683095534168435,0.691482996904957,1.3628796895918565,0.9615994792166204,1.021913997411159,3.3104402708935234,1.3205940454051799,0.8656201593291291,1.1555285400708226,1.5290418684097207,0.7134323474218978,0.698428394741873,0.9476824131408083,0.9317164691756434,0.8541319637423035,0.7171930959705497,0.833971023424652,0.6816834788504988,0.8503852704490202,0.9441210130933183,0.7415217824198578,0.7345099768355785,0.9317610072681942,0.6031595727502018,0.8487989873766808,0.9032510201600308,0.754579118551983,0.7814860208914942,0.7524581072281749,0.7632007042212497,0.7505441890028639,0.9132894888526075,0.9983076093451033,0.8107865896795897,1.0487327774718571,1.4275195842111366,1.0169590564392883,0.853562446493088,0.6736022704847758,1.064723547650485,0.8622684286918756,0.7699904173438399,0.7838429294390465,0.9462304688990616,0.8385103033941035,1.0857258027456318,1.0616198782722068,0.8381705929250904,1.2145421707996151,0.9658672817468714,0.7277486224777303,0.8948339377344184,1.6782881140911645,1.3984932127409724,0.8400500819780665,0.7205255793849237,0.7161012062674317,0.7814444347847624,0.772129816600224,0.7659630970262277,0.6739947024327297,0.6550382022803841,0.8203283528733241,0.9911068068933208,0.7423983566684947,0.6916251903755514,0.7047612820929292,0.7710853075311548,0.9333737227267301,1.2625509845193812,0.832417047964911,1.0065876285868876,0.6768444981884576,0.8140916860154581,1.106162790862263,0.7020138409828223,0.9651520902534179,0.9236690089476113,0.7777791635592415,1.3344819060561286,0.764260521450658,1.1240240659957796,1.0012337803235782,0.9516940900847501,1.0222584636331629,0.6310338658315231,0.8686170853042952,0.6880997083838435,0.8652887111580669,0.8956174948955276,0.9530173043133789,0.7191376853365041,0.8434571554202894,1.1857343711921433,0.8005971041036876,0.694285244553279,0.7961095550307642,0.704567134850079,0.9822139836918663,0.8336938373493327,1.0452663130821125,1.1232788608423363,1.7696059538686835,0.9897244215674996,0.7407695016622797,0.6599312543245403,0.7528036544266584,0.9452863551674765,1.0089075851253217,0.7602934595555676,0.6707339615893855,0.8588408851664904,0.757936156872538,0.8769224995043032,0.7334528432153982,0.8175045300744486,0.5785076018737394,0.8233110088019259,0.9887956016076695,0.994591106726781,0.7944953796290999,0.9051720595985344,0.8834116577722917,0.8362770167829019,0.825832936245767,0.8831713917879336,0.7508279386404422,0.7061357549416232,0.7283276404425187,0.9092470975081239,0.9493828812151094,0.7732933731820941,1.0232314233655964,0.9592742248631143,0.9097462823658206,0.7444377984143882,0.6466585520703995,1.0478841706348447,0.9282020522818784,0.8245517523992234,0.8542065456717876,0.8408846206205464,0.5953798569192177,0.9264318642003464,0.9536688345204772,0.8381445446296049,0.7818290810497442,0.6888339112963471,0.8436511221164871,0.8456223201616608,0.8390984285767965,0.6955184240996188,0.8853960492664568,0.7938349645406275,0.8800068671504188,0.9252929208525831,0.8237810618776639,0.7829274042684788,0.8813635052150477,0.9012897742470731,1.136465716682554,0.8396330436690485,2.228842420076939,0.5522031709435619,0.7412730282184672,1.74841036881522,0.9595939226177457,1.71178578248555,0.9036177049789621,0.8024194223595037,1.0281648760457736,0.740375691677233,0.9158280199143508,1.1236519591182443,1.39559194117601,0.9716425541032891,1.0411357431530617,0.9283234411105874,1.224357839382176,0.8102121595134513,0.6857073322619183,0.9600735501361745,0.5611995730584445,0.9320666139996949,0.6961218358354262,0.7521163537400543,1.3409620891987653,0.8739505919715272,1.9774783484320073,0.7424037091338938,1.0806362988381266,0.6723566538163921,0.7668184764367438,0.7291038764191261,0.9494537112436338,1.1447786394480408,0.7987370493460078,0.8216070998831244,0.8266508716095886,0.7428563146790153,0.9214397921572737,1.9680088716725095,1.1805652951345529,1.4648437939560037,1.512308788926115,0.5553588244161475,1.3767790639257433,1.1894188326568886,1.0592900478494118,0.9105535077965339,1.0711551652006408,1.0696821189213042,1.0885400498760291,0.9559295613683352,1.544846489529193,0.9589601526098315,1.3188747036075361,1.0469420846694186,1.0943912371325808,1.397359353759706,2.0174950394664126,0.9976250726107216,1.108318650117684,1.790222036461648,1.281029867409312,0.8518744205509166,0.87621588094978
1.0,1.0,1.0,1.0,1.0,1.0,1.0,1.0,1.0,1.0,1.0,1.0,1.0,1.0,1.0,1.0,1.0,1.0,1.0,1.0,1.0,1.0,1.0,1.0,1.0,1.0,1.0,1.0,1.0,1.0,1.0,1.0,1.0,1.0,1.0,1.0,1.0,1.0,1.0,1.0,1.0,1.0,1.0,1.0,1.0,1.0,1.0,1.0,1.0,1.0,1.0,1.0,1.0,1.0,1.0,1.0,1.0,1.0,1.0,1.0,1.0,1.0,1.0,1.0,1.0,1.0,1.0,1.0,1.0,1.0,1.0,1.0,1.0,1.0,1.0,1.0,1.0,1.0,1.0,1.0,1.0,1.0,1.0,1.0,1.0,1.0,1.0,1.0,1.0,1.0,1.0,1.0,1.0,0.7588178932889835,0.7874305471167198,0.7658991224233076,0.9776763355005902,0.8679397833622144,0.9247069806018157,0.8089931622051243,0.8660981977903185,0.6368988945542629,0.8908820010589054,0.6666804143665113,0.685118640547035,0.7736337082054862,0.9492009248055245,0.8480225442879704,0.7526629323107534,0.639946551402173,0.8695613014092165,0.7330406899497767,1.0241025919941675,0.9738548960219788,0.7377832041556127,0.8393462178257065,0.7229656168855347,1.1644484473727528,0.9853993872828661,0.5645087825733968,1.092325509183773,0.711793502523428,0.9836984692683082,0.6315123127707709,0.7530497328421932,0.8531858069469951,0.7332272481087507,0.7105085594067866,0.8063730592386233,0.6344468751378627,0.6358683092113705,0.5345213352261595,0.9024104684762149,0.7059502212363031,0.5998428169473501,0.7415087300029439,0.8399308019992799,0.8455362314141577,0.694203747791756,0.6855808590660113,0.8097094249246544,0.7097122999044726,0.7014121131697266,0.9280525653012801,0.9994080214404918,1.1705432924527366,1.3173644713554395,0.830872549215278,0.7773993806709898,0.8009754269030063,0.7233241358316214,0.6562843910849039,0.7408455701879733,0.6326502834960857,0.9920598739594262,0.7126695105624457,0.9135125446422852,1.4490064518560275,0.5869621465005004,0.711517936078307,0.6833412019321901,0.8185061640050351,1.071524998761885,0.708526991209294,0.6724192395927308,0.9079610376097478,0.8439073961329808,0.7624147489113614,0.7527589439681038,0.8151460467553594,0.6642196536517199,0.7867782210392632,1.2060242872013667,1.2421023798346387,0.826568861307351,0.8204918471760172,0.6251182736225507,0.8762577375157431,1.0222409242570127,0.6959458537164189,0.7173073335430782,0.6207061229472247,1.308700966686269,0.6505592063802257,0.9600116724107132,1.0494843305591417,0.6168250853055609,0.6855018259567698,0.9079435065721783,0.7702791880778443,0.9049276684789167,0.6427690282087953,0.5950404362057616,0.8051881657439472,0.6912560457095079,0.6593979581933386,0.8395878572371605,0.9893508992305323,0.8710670303592578,0.6438069408693483,0.7925250509623069,1.4206128487758292,0.8354962070872818,0.7231984475819425,0.7867791397195905,0.8111882408451904,1.503841911249601,1.0083497282546166,0.6750767830139935,0.7540419039200157,0.8303376237215229,1.0860229374442216,0.9368294837912308,0.8993692527013739,0.8001948959295514,0.7170486450642231,0.4097035110369812,0.7798767662188504,0.7502198187074878,0.7315153753442732,0.8167983483710456,0.6483653740865332,0.7551072047579613,1.0246903550326132,0.9572446273974309,0.8896652763445179,0.6346760488775616,1.2521789801692922,0.8826762519907094,0.9385167687315125,3.052912676771287,1.2130288553921724,0.7949121960471068,1.0631315239634407,1.4036438358284569,0.6554741588420058,0.6412508050750543,0.8695827716827191,0.8556338331231126,0.7841773009727333,0.6585376705857628,0.7653431877049831,0.626156370953525,0.7811151592130492,0.8672810967531323,0.6809934341485815,0.6746042489500166,0.8553887102127902,0.5539643367883402,0.7793208792622388,0.829121887245362,0.6927055143427843,0.7177784222046171,0.690876892644841,0.7009152986725554,0.6893391208694393,0.8389339805198538,0.9163632656827825,0.7445690154282392,0.9624269235364985,1.3102814451274325,0.9338343007442258,0.7840227648424376,0.6187015305752337,0.9774817805936484,0.7923022896822388,0.7084771643450849,0.719931732466649,0.8674640591980648,0.7702359706020583,0.997828845017811,0.974687165325131,0.7694685124856528,1.115051252304354,0.887410993917684,0.6684508007922314,0.8218218994733772,1.541125865219299,1.2850254021390608,0.7714223879144697,0.6614985826663979,0.6575269513987798,0.7171653060952392,0.7090637155111653,0.7035048384568998,0.6190727282118966,0.6016179506683027,0.7534868453359471,0.9101070474734823,0.6818314102011371,0.6352939568843289,0.6474515662356286,0.7082657742741744,0.8571886830679862,1.159593137995294,0.7631824546416919,0.9247214347548038,0.6212134428099088,0.7478456489453558,1.016627356023038,0.6446636275309288,0.8856322193707307,0.8483491553111256,0.7140354290972148,1.2249863300809036,0.7015041980194313,1.030667079143429,0.9197732801159518,0.8741084494891318,0.9389197144295279,0.5795630375069203,0.7978445819239646,0.6321549758737579,0.7952024255845821,0.8224471341417325,0.8756392405289057,0.6602839557487076,0.7731679623929901,1.0889832265620405,0.7356891628411288,0.638043404271503,0.7315363553673246,0.6467079600841457,0.9017399813418407,0.7657901999609661,0.9608562675490823,1.0309097413282189,1.6264438926148015,0.9087449621951433,0.6802914307874917,0.6066503916605273,0.6914427884295966,0.8682265273675513,0.9260900803710348,0.6982733789456157,0.6161012023865595,0.7886453296429495,0.6962562431288193,0.804922871293748,0.6737172692295352,0.75079343786158,0.5307140499836325,0.755263505039188,0.9082187647545409,0.9128352104905055,0.7305519636197739,0.831042292668754,0.81142616905982,0.7680522797177702,0.7586041001223537,0.8109969128008752,0.6896211739780567,0.6487311126865154,0.6689314003390885,0.8345689938272969,0.8717391653427251,0.7104091692628156,0.939874547184162,0.8815196406730126,0.8358841068334236,0.6840370289355182,0.5940919205084165,0.9621738010342211,0.8525649337017107,0.757361898830052,0.7847160160982638,0.7724589389029272,0.5465926574361679,0.850669508633902,0.8743991319026057,0.7700190026091652,0.7186059230487433,0.6322229840441712,0.7748107754605306,0.7766399781634614,0.7704199271087374,0.6384922859134898,0.8144129733310905,0.7295076942620524,0.807932461955537,0.8505655979477106,0.7574334361514279,0.7195378934697207,0.8096974714683149,0.8279935845273999,1.0432803355886802,0.7717831500393669,2.041090015876143,0.5072585481148112,0.6809815776380622,1.6070650896968424,0.8802885373496896,1.5721220292255647,0.8305251851207183,0.7373982832953185,0.9442266890925655,0.6800592137699675,0.8414316960164676,1.0314835848386024,1.2855469709249725,0.8928974616418353,0.9568823742321045,0.8532822393249664,1.1258113087852166,0.7443334684100842,0.629781444537401,0.8811495405775233,0.5153454431542276,0.8571448989642708,0.6397642211094223,0.6907012648235223,1.2308339467327625,0.8022132832029505,1.8158226577305723,0.6820419344396678,0.9917128469266161,0.6173484278636037,0.7033997301779957,0.6697259561596477,0.8718286108573763,1.0512352340920983,0.7335435178882185,0.7545134145237262,0.7596158240739104,0.6826351038200579,0.8460112349968449,1.8106973558456692,1.0852285780625774,1.34524968423356,1.3864129516110966,0.5101852395669868,1.263362366028835,1.0916418496409181,0.9729672301687162,0.8358121416511868,0.9836102220313698,0.9828049909847065,0.9998480835875831,0.8777290408643749,1.4184612899902673,0.8810579341806245,1.2070182806679632,0.9619438257048551,1.005286530939544,1.2839777119629732,1.8597172283543086,0.9169859431786638,1.0180928560971556,1.643947137815049,1.176356601704378,0.7821800085527273,0.8047335904976569
1.0,1.0,1.0,1.0,1.0,1.0,1.0,1.0,1.0,1.0,1.0,1.0,1.0,1.0,1.0,1.0,1.0,1.0,1.0,1.0,1.0,1.0,1.0,1.0,1.0,1.0,1.0,1.0,1.0,1.0,1.0,1.0,1.0,1.0,1.0,1.0,1.0,1.0,1.0,1.0,1.0,1.0,1.0,1.0,1.0,1.0,1.0,1.0,1.0,1.0,1.0,1.0,1.0,1.0,1.0,1.0,1.0,1.0,1.0,1.0,1.0,1.0,1.0,1.0,1.0,1.0,1.0,1.0,1.0,1.0,1.0,1.0,1.0,1.0,1.0,1.0,1.0,1.0,1.0,1.0,1.0,1.0,1.0,1.0,1.0,1.0,1.0,1.0,1.0,1.0,1.0,1.0,1.0,1.0,1.037799001168104,1.0084658267737847,1.2879147120672931,1.1433269475667398,1.218598757154318,1.0656227856949252,1.1405882699038312,0.839133293030366,1.1730193328685221,0.8783460264792993,0.9027271594930761,1.0190002898991781,1.2497518412748654,1.1166949085606592,0.9910735086279789,0.8424286409230073,1.1458439218869831,0.9652050976492963,1.348259267094491,1.2810327478986037,0.9718557248296568,1.105831721000472,0.9520199322285567,1.533413096887886,1.296826125917562,0.743585606824268,1.440000133813995,0.9375100018821013,1.2961696582200184,0.8317512404709269,0.9926017733602079,1.1233429778387733,0.9656106823785949,0.9357325491082931,1.0615233006510172,0.8354947762381095,0.8375606895905614,0.704508655339133,1.187613089945234,0.9302341095452787,0.790272033219163,0.9766509813881381,1.1058432591373935,1.1140864116665954,0.9140580447961248,0.9033612576985354,1.066258922369959,0.9356140420928792,0.9239759467856454,1.2228675344262836,1.316406201693345,1.5426818001949505,1.736372073774305,1.0938985442663114,1.0246647341969406,1.0558636579830332,0.9519580858111543,0.8648696959334221,0.9757704522466775,0.8337192229654776,1.30684347574288,0.938975057236667,1.203506632654482,1.9066429711165798,0.7733304683051319,0.9368235736506734,0.9000952646417603,1.078218372178107,1.4110470023000925,0.9333675310793008,0.8851217385561058,1.197389760403393,1.1116620771316976,1.0046750574014371,0.9915439031254957,1.073560859997074,0.8748919823232789,1.0360254101611954,1.5878773507648487,1.6358737883258585,1.0892668798263694,1.081326698596453,0.823385256191497,1.1533156125448827,1.3472076524518528,0.9168274638201823,0.9443743761761902,0.8177256877079415,1.7224757317299626,0.8562658861801707,1.2644543584607415,1.3823066786151972,0.8124292466627234,0.902678540281344,1.1953980452322182,1.014636919179819,1.1926794428624514,0.8468773233369263,0.7839031796698637,1.0607398223608802,0.9107536931845912,0.8677184732607084,1.106390531777595,1.3025882625248715,1.1467463259344144,0.8486263959827194,1.044006990853196,1.8725005582396403,1.1002343179781475,0.9533177290055137,1.0359629804886428,1.0680227752815252,1.9804265928848293,1.329965469862717,0.8900550005569873,0.9933024751841302,1.093743991855936,1.430112457879332,1.233135125757069,1.183802131618796,1.053506302518218,0.9444908270677956,0.5395584959259603,1.027030325983699,0.9885429384547461,0.9638747863688967,1.0754563665418135,0.8540284368582994,0.9951874798528848,1.3500842697892654,1.2602604872453047,1.1714233865711692,0.8363881829297306,1.6492097190150157,1.1622209780171864,1.235601818748107,4.039451516599867,1.5968588223931972,1.0477980367897135,1.402045391019875,1.8493823573406374,0.8632730169322781,0.84456825968991,1.1457519466850745,1.126735850118103,1.0332711860754098,0.8674761455372441,1.0087324288439343,0.8246197583713206,1.0291646689204879,1.1423543812305894,0.8975386459551719,0.8889628169420615,1.1273354576142607,0.7303986950649772,1.027223117714005,1.0922397483606145,0.9130876809446815,0.9461642098297512,0.9103754486673092,0.9235569449603609,0.9074403507840989,1.104622878753522,1.2073413164252975,0.9812088623134848,1.2679991750152153,1.7268059790981851,1.2301694564290693,1.0322569037178448,0.8152141877009039,1.2882533871570696,1.043179104411369,0.9326132187939498,0.9484945394035542,1.1429379899927516,1.0145679444017615,1.3132876920853342,1.284285872580745,1.0128149645076034,1.468965794364884,1.1699435020112368,0.8803056342332819,1.08266441578994,2.032297333384143,1.6918512390938392,1.0157360555143384,0.8714033513903752,0.8666055347983947,0.9450786895741694,0.9347605649133297,0.9267567303029519,0.8157508498643873,0.7923681955261281,0.9918163514074562,1.199022186222657,0.8979545107168736,0.8372457495712977,0.8527614895070869,0.9328778828506747,1.12841173885906,1.5260736212979893,1.0060587688329403,1.2177928839954508,0.8184947931834963,0.9844272252422077,1.3409789648922945,0.8499193435407943,1.1670449634357458,1.116909487744652,0.9412310045212882,1.612005392743819,0.9243256819913483,1.3580194411976145,1.2109793387784096,1.151163463848758,1.2374907456015731,0.7636847960334091,1.0506579382492673,0.8325017875348941,1.0480698901825667,1.083288345265742,1.1530679504511683,0.8698756001330818,1.0189069414106418,1.4343407251540825,0.9686414357440227,0.8409554225080856,0.9647838549498995,0.8522170306007062,1.1878987945909625,1.0085229416788573,1.264852402652674,1.3583299941183737,2.142227406569405,1.1980747247984942,0.896338020353975,0.799234579299981,0.9107990029517912,1.142708852698464,1.2198547801703064,0.9198630354981538,0.8117530079752708,1.0381373476568623,0.9177822887810413,1.0607474089491,0.8868846586678083,0.9895456183325109,0.6998316420830256,0.9938742676551438,1.1969262130338907,1.2022787176371124,0.9620379469710669,1.0948969961045547,1.0689338730953846,1.0117984361285086,0.998849000894865,1.0679358553034835,0.9082756404310297,0.85409847498229,0.8799087337313964,1.0984937038788387,1.1501800768079973,0.9358861279930368,1.2380708225605668,1.1592123547214768,1.1005736568683298,0.9014784740591986,0.7827442283402242,1.2677338721061107,1.1242809871270747,0.9975619786985394,1.0347894496873162,1.0181296456339064,0.7204598402731234,1.1207455463964973,1.1570016645271881,1.015141698355541,0.9474340596227888,0.8336685454965416,1.0210949398479356,1.0237642482472602,1.015215282207033,0.841226003233622,1.0723943124871078,0.9618363127796098,1.0657651579690508,1.1224617953976184,0.9989181858242834,0.9493997775219458,1.0670174793537546,1.0913280360097746,1.373663129249366,1.0168874573838744,2.6922130297833275,0.6684019880053161,0.8981426920485512,2.115825682387417,1.1598238365760325,2.0686492279815174,1.0934915004745802,0.9715513024250888,1.2443629809806764,0.8957281202462235,1.1083151924129608,1.360341574885151,1.695077884214345,1.1761731977669154,1.25958309976016,1.12422927308688,1.4859300760441614,0.9802208716234355,0.8300789907440371,1.1621401883379874,0.679951287763731,1.1305881412139818,0.8439715454358789,0.9106221512776811,1.6237221884244801,1.0579527576371792,2.395562299652455,0.8980031071820354,1.3070831551931412,0.8133723712169036,0.92802764523279,0.8819623055841948,1.148369362159544,1.3848861240414996,0.9662879218932054,0.9938970919153665,1.000007597544247,0.9001737342325702,1.1142356317354556,2.3831790539127025,1.4286263939811148,1.7674156045076388,1.8274651049305537,0.672593587617556,1.6672838670481034,1.438861301735919,1.2815550034897714,1.1004303391989614,1.2954677788796654,1.29426228787305,1.3167605307557175,1.1555980261579561,1.8704893350205718,1.1616053516149067,1.5940610673173707,1.2658622727397268,1.3241624851878835,1.6911250542414153,2.4552844912380687,1.2093599221998792,1.3408671993350638,2.164158679190389,1.5490908012017541,1.0315672832936422,1.0602245625204576
1.0,1.0,1.0,1.0,1.0,1.0,1.0,1.0,1.0,1.0,1.0,1.0,1.0,1.0,1.0,1.0,1.0,1.0,1.0,1.0,1.0,1.0,1.0,1.0,1.0,1.0,1.0,1.0,1.0,1.0,1.0,1.0,1.0,1.0,1.0,1.0,1.0,1.0,1.0,1.0,1.0,1.0,1.0,1.0,1.0,1.0,1.0,1.0,1.0,1.0,1.0,1.0,1.0,1.0,1.0,1.0,1.0,1.0,1.0,1.0,1.0,1.0,1.0,1.0,1.0,1.0,1.0,1.0,1.0,1.0,1.0,1.0,1.0,1.0,1.0,1.0,1.0,1.0,1.0,1.0,1.0,1.0,1.0,1.0,1.0,1.0,1.0,1.0,1.0,1.0,1.0,1.0,1.0,1.0,1.0,0.9709682245813829,1.2412640986816652,1.1016063141031025,1.1730801496221284,1.0264235592635433,1.0986191251223745,0.8084872202872662,1.129853183803581,0.8458214850848847,0.8695298043930544,0.9818187407366661,1.2033668605204495,1.075837437555059,0.9554730763322958,0.8118877222908053,1.1041915547002752,0.9294073737019983,1.2983629132954784,1.2340304187531248,0.9362395608438365,1.0659254431489045,0.9168498222509933,1.47743533031378,1.2492965218885506,0.7160717609835804,1.3879125374445254,0.9029171364219828,1.248029004136491,0.8012065060599961,0.955897429611487,1.0818808730114253,0.929971197387892,0.9009735047535594,1.0224677900113797,0.8043456515180403,0.8065907367785046,0.6783227969867383,1.1442406329193795,0.8963557231924574,0.7609270290182395,0.9411192623954279,1.0648549005059125,1.0724484187201249,0.8802477558368481,0.8698162476948645,1.0275093349553448,0.9005969697171137,0.8897219128794878,1.1776054943528311,1.268538425994895,1.4860184047062783,1.6725855466919568,1.0540090022560071,0.9871422973013309,1.0167162244724375,0.9178638653088069,0.8327280879788326,0.9395756492468079,0.8027310308803056,1.2593902022312675,0.9040448440139729,1.1583692049379668,1.8358444465867412,0.7450397662003113,0.9024849734836955,0.8668369220431211,1.038555169413915,1.3591340138066867,0.8987500051412576,0.8536954447484995,1.154063864213708,1.0706297811830852,0.9678838057551549,0.9548704153019731,1.0344815310617155,0.8424039179874258,0.9979642406202198,1.5293465724475626,1.5771895054114642,1.049355680161862,1.0414745760811515,0.7927250214974368,1.1107500732023277,1.2968676454902728,0.8832606515291538,0.9100750192309781,0.7873642255346954,1.6602151127737381,0.824821203593542,1.2179257947008137,1.332195302585572,0.7830136691626721,0.8700991066804112,1.153031635810377,0.9767430925833481,1.1490739652228645,0.8158439256768453,0.7550295943659664,1.0225316928818593,0.8775263674630267,0.836434538028001,1.066388063961466,1.2548845128423467,1.1036958123254181,0.8170598350776641,1.005298974645323,1.8051744822610085,1.0597944579099836,0.9175994899142466,0.9974760585325493,1.0288483334967686,1.9076465467344477,1.2802834426118879,0.8571649596991711,0.9562913690004083,1.0541276445839585,1.377168417002986,1.1890378965518202,1.1405275655659963,1.0145994548462092,0.9105372523396812,0.5196598160703234,0.9902710557626948,0.9517335913035279,0.9286916635266451,1.0359480702095147,0.8221045709331656,0.9585840005439291,1.3008680504154033,1.2145307446816926,1.1280976876508433,0.8059535404945752,1.5882514595983768,1.1205813255947898,1.191069044143016,3.8725717888880937,1.5359661409579097,1.008820944552768,1.347286205357679,1.7835292986781346,0.8311287303438988,0.8133000606977248,1.1038850479838662,1.0851134509630604,0.9952856511675313,0.8357835428132074,0.9718831342939499,0.7941269757593479,0.991272668136898,1.100512093074473,0.8637798658701685,0.8558580778016891,1.0864369095836581,0.7028785257913079,0.989356233722433,1.052566668858514,0.879088573298465,0.9106867495653053,0.8764576281442393,0.8891347871855234,0.8744929364850984,1.0641920582002151,1.1635694257865812,0.944531270108887,1.2219478442193452,1.6646631013494169,1.1850763279639094,0.9942466791506226,0.784894492306097,1.2411164825912424,1.0047656490701196,0.896746712143621,0.9132283501074066,1.1027693090635495,0.9771396228469169,1.2646322860174484,1.2372630192488134,0.976191535144701,1.4154241946741046,1.1257450655612753,0.847705406637122,1.0432052712281923,1.9596058879476261,1.6304289517182462,0.9785566288523637,0.8395464447688196,0.8348426547035575,0.9104391990314906,0.8994895706936663,0.8923211038452216,0.7854388017691866,0.7629519715523723,0.9558454085396282,1.1556352618233137,0.8649967613932827,0.8062802553253289,0.8208907271290673,0.8980531107779026,1.087312251729434,1.4706748134940044,0.9699748368774277,1.1734920033969751,0.7884212638957716,0.9480761698023815,1.2908263072002804,0.8175681012715365,1.1245720074139496,1.075773623349672,0.9061784250465263,1.5543478963741029,0.8903214505728942,1.308496901975615,1.1665379950003372,1.1090468575102141,1.1925494452159828,0.7352325075028374,1.011807146566317,0.8014400877011992,1.0084978146786854,1.0434563114156594,1.1104220818223176,0.83772936889064,0.9822320129013571,1.3827095874131656,0.9324244921708789,0.8089299544638773,0.9282041716153894,0.8209797095152926,1.144496977372146,0.9717724335978999,1.218036944895729,1.3087691819119183,2.0622167477661097,1.1530650527211157,0.8630759632449645,0.7693352822874074,0.8769589099720221,1.1011519468305102,1.1755919708938865,0.8858521254552236,0.7816650577472575,1.0001464522400298,0.8835573515598867,1.0219982853837664,0.8542693849656362,0.9530690359805736,0.6739329257607819,0.9587195875959185,1.1517509660971381,1.1583173947767769,0.9259867813662094,1.0544515123894387,1.0299006321496447,0.9738909398867622,0.9620507272009766,1.0282501155068529,0.8748701161273114,0.822215048194771,0.8468454485760647,1.0587930406858979,1.1059848706874864,0.9011268864366707,1.1930109117033534,1.1178215330948815,1.0600304447361357,0.8676489562303926,0.7536768232962592,1.221059632563192,1.082418000934371,0.9605423893280385,0.9959654717426034,0.9798773768408723,0.6936739201466191,1.0795006811785668,1.1146191658635027,0.9772299706512454,0.9116219837441067,0.8021710730714797,0.9832942974468606,0.9855761034021686,0.9776399667631168,0.810738398346502,1.0319645179274004,0.9255123473582352,1.0259664197564156,1.0792438003383387,0.9604241157935131,0.9127778408716061,1.0271328185412685,1.0505616716557493,1.323694041904287,0.9784120586331823,2.597120651870265,0.6434981402038911,0.8647767394233051,2.038732503448069,1.1179745209320484,1.993701528553654,1.0527742757035858,0.9347014493625145,1.1986534592651572,0.8626211733988164,1.0666211555659224,1.3105514272039354,1.6330159053631241,1.132859865233814,1.211922249324179,1.0819168462400015,1.4300608169024254,0.944086637302235,0.799631085209572,1.118008696758267,0.6543767121731876,1.0882203996771915,0.8120295140293179,0.8768117514944396,1.5635751150642734,1.0185256771187747,2.308031368448902,0.864803565427031,1.2587578196089344,0.7831874424050933,0.8931075872075678,0.8492961414078612,1.1062140760952008,1.3340657368469289,0.9306572316652193,0.957682011494758,0.9630247998805614,0.8664947194362562,1.0736519282431252,2.2937268289428943,1.3754957851912089,1.7040904245291801,1.7597190519171542,0.6474985351511919,1.6065680724678506,1.3868769414657178,1.2345387593541601,1.0604499047139297,1.2480025400744497,1.2459165644310213,1.267964750689812,1.113134635928681,1.8014655392032604,1.117459420895676,1.536721376149444,1.2202500642446825,1.275574512208237,1.6279407504682495,2.358333169618915,1.1638493139986372,1.2913179720037755,2.0839235612687848,1.4925509959445362,0.993684229660182,1.0207105075737495
1.0,1.0,1.0,1.0,1.0,1.0,1.0,1.0,1.0,1.0,1.0,1.0,1.0,1.0,1.0,1.0,1.0,1.0,1.0,1.0,1.0,1.0,1.0,1.0,1.0,1.0,1.0,1.0,1.0,1.0,1.0,1.0,1.0,1.0,1.0,1.0,1.0,1.0,1.0,1.0,1.0,1.0,1.0,1.0,1.0,1.0,1.0,1.0,1.0,1.0,1.0,1.0,1.0,1.0,1.0,1.0,1.0,1.0,1.0,1.0,1.0,1.0,1.0,1.0,1.0,1.0,1.0,1.0,1.0,1.0,1.0,1.0,1.0,1.0,1.0,1.0,1.0,1.0,1.0,1.0,1.0,1.0,1.0,1.0,1.0,1.0,1.0,1.0,1.0,1.0,1.0,1.0,1.0,1.0,1.0,1.0,1.2750044028485057,1.1333366967518423,1.2044384467598488,1.0558279496396026,1.1305945388050536,0.8317733116606475,1.1635248335962394,0.8697817341446878,0.8947321033413442,1.010232219231326,1.2386288111668922,1.1075697997302507,0.9836176458030839,0.8360221637338712,1.1339465878936918,0.9573450799646288,1.3370809410349571,1.2772574411882827,0.9627061314509041,1.0955404351934714,0.9436841746976191,1.5201849637141465,1.2887954641822645,0.7371359658018832,1.4245554607506703,0.9279320308658905,1.2848952645643008,0.8245867262853961,0.9824637814630461,1.1135536156455808,0.9576446567500912,0.9272794551921888,1.0536053209940108,0.8283182538407987,0.8307111916035255,0.696789508940289,1.1800252211499542,0.9209304077028155,0.7831347641422235,0.9691634057367979,1.0961859291544531,1.102463697090186,0.9072371431642554,0.8950986776656684,1.0578466059346407,0.9245615137857467,0.9154634870781158,1.2102983652473558,1.3049610094771258,1.527171778656356,1.7155037062221274,1.0857822347231378,1.013595912967184,1.0435862992013236,0.9456270952122463,0.8551569636932228,0.9673778600296784,0.8250917262369416,1.2957730326988752,0.929089419462932,1.1896422236609303,1.893347476876275,0.766221358388723,0.929601200183622,0.891870633660397,1.0677592758055414,1.3986100312968004,0.924692056349667,0.8792938343854616,1.182219513092042,1.102471354731108,0.9945225332908599,0.9821527772662468,1.0650409632844353,0.8668489052513606,1.0268681731211697,1.573965501025925,1.619678981139807,1.0785622623564142,1.0679777492803928,0.8158356225037784,1.1444166202901003,1.3319153376336472,0.9085617808806612,0.9377245490711876,0.8097569526922505,1.7110593362336526,0.85043162061002,1.2536534618979505,1.3700461975218463,0.8059319660434932,0.8956366521161487,1.1889781796366097,1.0056515273491233,1.180639503120114,0.8380302830724853,0.7772395360395774,1.051220607418316,0.9019035647432319,0.8627741916599629,1.0966859273092386,1.2945475954191443,1.1358086534617926,0.8392738208244781,1.0344853394865239,1.8552963210473197,1.0912943353827758,0.9413174027378732,1.0268965441877502,1.0596312670326822,1.9650426002937968,1.3066892750610712,0.878440502883981,0.9837832464222522,1.0850507999581387,1.4186079891799241,1.2260800770357543,1.1755509625582041,1.0455716885288089,0.9360786334704123,0.534690487635813,1.0192185822232078,0.97859045058832,0.9542944905841505,1.0653145950595702,0.8449698054506782,0.9840471122066217,1.3375252197186462,1.2523778220035398,1.1618576341824733,0.8282836118876037,1.6340535552744595,1.1537002717509366,1.2262952851462685,3.9074114565909377,1.5887736070330343,1.036847743907404,1.3816196801835414,1.831098754780648,0.8555341182579383,0.8381240203438016,1.1363267621555728,1.1177372254443045,1.0233555764772393,0.8597984413388123,0.9990667437947143,0.8177143729783731,1.0185218808087333,1.1317170000432148,0.8877950819294894,0.8800074283845093,1.1151984058139561,0.721383308350514,1.0159654037455492,1.0823032341645549,0.9036842782592138,0.9351892780221042,0.9018254919171416,0.9143428535038031,0.90137306032681,1.0958789967489824,1.1965958509329269,0.9713830391985839,1.2577331649626968,1.7093810270607475,1.2184965271794228,1.024517709083224,0.8068497923755735,1.2748515110446077,1.0344717652713096,0.9235245705934515,0.9394051387858766,1.1342402105877496,1.005385312288806,1.3036098033299475,1.2713204478775875,1.0064810342934682,1.4565777316938466,1.1555695960781782,0.8731196465795954,1.0721903421868886,2.002998045703621,1.677350204536388,1.0082015814216014,0.8640505785849364,0.8570101272439846,0.9367624229729541,0.9240929370854771,0.9183217781140725,0.8072037827397931,0.7855412175281429,0.9846135858565797,1.1871066422675187,0.8906883749729096,0.8280140456292975,0.8449135116029706,0.9252479832242576,1.1205871874329931,1.5167554734915045,0.9966917333332012,1.207077908563307,0.8113569863049719,0.977454430850064,1.319319994794768,0.8408091772218017,1.1562693120857654,1.1089000930157045,0.9312013992042965,1.6043723289369303,0.9161792673279149,1.3489466845796323,1.2014579310347586,1.141186053756704,1.2218919315127614,0.7558752293669808,1.0419676625917937,0.8254904414505051,1.0357052578466763,1.0736668178612092,1.1429055852451275,0.8620260392765832,1.0113537482468207,1.4213769909337737,0.9609125057359893,0.8308499216809455,0.9507053235355325,0.8442100397409005,1.1775770851219347,0.9994886925495189,1.2541771528758994,1.3471452278484133,2.120781845069456,1.1847938249714134,0.8877935611487446,0.7902840648419418,0.9024802676409802,1.135573329124006,1.2092174342116309,0.9112757413926582,0.8035478461988845,1.031300634311108,0.9066473328762811,1.05036606230186,0.8805494633045354,0.978167756597287,0.6922842749743079,0.9908241036252607,1.184280336301737,1.1936419727785097,0.9528287849063117,1.0848588390673257,1.0578785410473324,1.0026303516082198,0.9909870951434567,1.0600961384131753,0.9004644910499616,0.8477088105391932,0.8767168002804568,1.0932134801137474,1.1339735786471545,0.9267165934430002,1.2264421899514695,1.1538932034549454,1.0913457892570708,0.8911657582109506,0.774237650838218,1.2559330997080642,1.108980106767372,0.9878029341700401,1.0208780628944893,1.0067265364910543,0.7131330236423292,1.1104427757889095,1.1296214801070326,1.0017168966171701,0.9353067875444866,0.824620812319167,1.0098049539912242,1.011544564051116,1.0053890096483875,0.8331820918938841,1.061641540855371,0.9490062025794369,1.0510752910231242,1.104771559638411,0.9845577422942262,0.9349528898535753,1.0553828138517574,1.0779938260695388,1.3641702559360083,1.0060513716118242,2.6709279150689618,0.6613603840884792,0.885649097428863,2.0940421877441624,1.150848940379805,2.057152767819984,1.0837141434672062,0.9609339938508711,1.231267286540732,0.8878012321004469,1.0983034490983292,1.341529233636944,1.662391099498571,1.1631146125353697,1.2509252900138392,1.1125028861161987,1.457432014330299,0.9714258993227467,0.8202229100723761,1.1490744484376387,0.6700531631843638,1.1117105571724455,0.8308807550858387,0.8991812241046395,1.6003448193364465,1.045248627915797,2.3593092104322784,0.8911691711316403,1.2950368293689654,0.8060098565670768,0.9170975106557231,0.8747843779629819,1.1384488589560329,1.3718779649088648,0.9569199082027132,0.9845844761157594,0.9918044128393951,0.887240390221979,1.1048678501146636,2.361121575936286,1.4167614353640903,1.7674690898301848,1.8157685834082602,0.6645275664840127,1.6408919543649396,1.4237480100204707,1.2696699544061683,1.0936740357217496,1.284486003608599,1.284212337273467,1.3058439386390401,1.1487705937124033,1.846866518734195,1.1461138119887615,1.5748594307531367,1.2573262658189726,1.3116930347357014,1.6752588306683585,2.400400997188089,1.1905125444359173,1.3291399744211594,2.1490449351188428,1.5357345671560072,1.0172642228829458,1.0502531450153878
1.0,1.0,1.0,1.0,1.0,1.0,1.0,1.0,1.0,1.0,1.0,1.0,1.0,1.0,1.0,1.0,1.0,1.0,1.0,1.0,1.0,1.0,1.0,1.0,1.0,1.0,1.0,1.0,1.0,1.0,1.0,1.0,1.0,1.0,1.0,1.0,1.0,1.0,1.0,1.0,1.0,1.0,1.0,1.0,1.0,1.0,1.0,1.0,1.0,1.0,1.0,1.0,1.0,1.0,1.0,1.0,1.0,1.0,1.0,1.0,1.0,1.0,1.0,1.0,1.0,1.0,1.0,1.0,1.0,1.0,1.0,1.0,1.0,1.0,1.0,1.0,1.0,1.0,1.0,1.0,1.0,1.0,1.0,1.0,1.0,1.0,1.0,1.0,1.0,1.0,1.0,1.0,1.0,1.0,1.0,1.0,1.0,0.8864610060478775,0.9430983536370376,0.8260145071850893,0.8841986943677994,0.6504710842238417,0.9096600050815863,0.6803082059080277,0.6994961986810877,0.7904626198472812,0.9685241586581884,0.8660114352469566,0.769935215890569,0.6541737808168557,0.8890332382290138,0.7478061313575967,1.04501695878859,0.9938678959924905,0.753503312347142,0.858261485583695,0.737873122179434,1.190093263372892,1.0061610487266321,0.5759697512664013,1.1165147391887864,0.72668811613517,1.003392612146225,0.6448622361814209,0.7686135973717486,0.8708794301638325,0.7482727541765368,0.7248282471820013,0.823005334976678,0.6471826755873299,0.6487671960575168,0.5453303011306563,0.9213811998952949,0.7212251982549249,0.6117330861054526,0.7574622969137943,0.8572093417654878,0.86233321483657,0.7084286981606873,0.6995581428017286,0.8272477020759155,0.723853098221057,0.715868382154275,0.9469900881591758,1.021749818801699,1.1949795509908838,1.3455404715557764,0.848935231758714,0.7940187497381892,0.8175625202287107,0.740015427691287,0.6696327539942961,0.7559101192420363,0.6453790941004975,1.0140082743180612,0.72707202205894,0.9319086710747884,1.47795237978242,0.5995741391301368,0.726769352389323,0.697415894370724,0.8356328863306756,1.0940402144271502,0.7229106759438808,0.688656422623126,0.9287057106515897,0.8613171304960069,0.7787574360569098,0.7682118170271592,0.8328167802722558,0.6776634668281969,0.8033844666088759,1.2310235935012448,1.2708651852670954,0.843833962631754,0.8378800406283384,0.6376073155563873,0.8941022899965658,1.0424602736626438,0.7108016267327524,0.7329310169985805,0.6332861120524338,1.338559426061011,0.6642677544472287,0.979725900659429,1.0722932329037964,0.6303192552692674,0.7009138113398551,0.928867893680086,0.7854389217814168,0.9242098456977207,0.6565986817719518,0.6075168985023749,0.8233326984219632,0.7064162837476717,0.674331461461185,0.857957265205236,1.0103669536918534,0.8880101312541246,0.6566566630046784,0.8086373849881123,1.4529348742694546,0.8531161244090864,0.737729206745749,0.8027460963146431,0.8282669805963293,1.5350186435398496,1.0287341233573932,0.6891147268469847,0.7691039304009508,0.8487139166550386,1.1076413347932466,0.9585975485632412,0.9184964019707076,0.8166633948930513,0.7332530261967941,0.4184386326103544,0.7975550466764874,0.765105052464386,0.7473025942523479,0.8340913866851682,0.6610637122430114,0.7712374087814025,1.0468999530256973,0.9781315146668784,0.9078795475214149,0.6486057463425186,1.2777924201812527,0.903126739670484,0.9593333599480076,3.0922323662324267,1.2348955308051688,0.8106898217283633,1.0801757033364003,1.4366361089502622,0.6686114737468952,0.6544048165668895,0.8881292069687632,0.873223071619815,0.8006230480469181,0.6726655173863982,0.7820066976582449,0.6390311916536974,0.7975063467790202,0.885449818540152,0.6945524004817049,0.6881311199027835,0.874102571929034,0.5647251952071383,0.7955734656984221,0.8475277583211714,0.7065102816587124,0.7319426376569941,0.7046997338581337,0.7151456971543111,0.7040576544636472,0.8566587319386942,0.9365209497968854,0.7594026203023609,0.9832319831857217,1.3402328153295162,0.9539328425174637,0.8001359166200959,0.631171423255156,0.9985683023486656,0.8087408788245729,0.7212692030212873,0.7344043496948398,0.889115380850479,0.7862089597865163,1.018187758130961,0.9958747245462889,0.7870122946324793,1.138874627992778,0.9042875677459584,0.6820045539897793,0.8395002732935438,1.5765606517255917,1.313041133093749,0.7878501661903821,0.6755067425910692,0.6715398702082191,0.7322271372162071,0.722890564586544,0.7176511218584005,0.6317363449877345,0.6140474141155698,0.770067730975918,0.9303893813485684,0.6959917202871873,0.6482321481504228,0.6603898495789846,0.7220265378587862,0.875528371159406,1.184573698315606,0.7806022670527424,0.9445399029982563,0.6341982665385603,0.7634610340281511,1.037016529568855,0.6566066080147999,0.9051184734525988,0.8657418953481795,0.7284441417973611,1.2528947717081416,0.7159960624842373,1.052854288982942,0.9391072635191062,0.8926240849173748,0.9602628761504708,0.5912417049120444,0.8141655736896656,0.6445756103647153,0.810367888528713,0.8399664962130101,0.8937287143926712,0.6739314501955607,0.7902647308245379,1.112906078970302,0.7501461350527032,0.6497494056008737,0.7455664059073704,0.6602292386637238,0.9208994931179785,0.7822608892650746,0.9805987709596989,1.053080785678893,1.6588802488372059,0.926290696010563,0.6940127195603312,0.6185980161476946,0.705484230960448,0.8867662412205535,0.9466139158098819,0.7128154914815754,0.6286997785716338,0.805165855327187,0.7104698759611782,0.8225370563870046,0.6879160440378022,0.7667766972667235,0.541575223499251,0.7722899276825583,0.925367824645171,0.9324243942343491,0.7445710156291863,0.8479823516105423,0.8295021131270582,0.7832177450480813,0.7742649829491011,0.8271856931798298,0.703889686796551,0.6613597369692832,0.6821760659984559,0.852411802150927,0.8874730424353159,0.7248332344451001,0.9600656767358432,0.9015566999912656,0.8532787396760738,0.6975337794103758,0.6062376470663047,0.981794080433045,0.8699845350525091,0.7732410436540189,0.8000623598245784,0.7874843849880511,0.5575379356730665,0.868350861934009,0.8938363181118422,0.7855858049579738,0.73207604418233,0.6442425041997848,0.7908316439553875,0.7923481812840382,0.7861985041757114,0.6525757751880781,0.8294980791480085,0.7439067578418417,0.8245209384773331,0.8652665473645326,0.7709057450081871,0.7321609452628546,0.8257739529152222,0.8446681045296082,1.0661923020014283,0.7860450642115573,2.086141933019101,0.517358392311704,0.6947105785661171,1.643026725474458,0.8996911504655573,1.607013659910556,0.8473403409267708,0.7515748468182314,0.9639411015040247,0.6938914908725388,0.8581962344931716,1.0544903748791086,1.314339602770831,0.9119204113038153,0.974412462728673,0.8692804606099236,1.1483062889024,0.7599038201378804,0.6433859910270293,0.8979119800003456,0.5253993438041504,0.8741223846560919,0.6520902349364738,0.7050566833577001,1.2571912723715555,0.8183125699075569,1.8558630736560668,0.6958921760790149,1.0119006931362557,0.629806616552044,0.7169558366200991,0.6832306324842639,0.8901495770909661,1.0734315630151676,0.749364278348402,0.7705911720412789,0.7756429071566637,0.6966124565579801,0.8644912556822035,1.8446058060956436,1.1068102630439296,1.3769323865607852,1.4125365468176176,0.5203863077121647,1.2919101840244367,1.1161922990484034,0.9936373520171697,0.8537290574509988,1.004449422512846,1.0020374528174405,1.0201158288507086,0.8958083237867375,1.4480565899673343,0.8979232602845293,1.234798495147885,0.9833221963226042,1.0263853132383156,1.309518751532758,1.8880137909185166,0.9356003434488966,1.0389160995010625,1.6803975830811446,1.2022849871551822,0.799188547286303,0.8206612407253493
1.0,1.0,1.0,1.0,1.0,1.0,1.0,1.0,1.0,1.0,1.0,1.0,1.0,1.0,1.0,1.0,1.0,1.0,1.0,1.0,1.0,1.0,1.0,1.0,1.0,1.0,1.0,1.0,1.0,1.0,1.0,1.0,1.0,1.0,1.0,1.0,1.0,1.0,1.0,1.0,1.0,1.0,1.0,1.0,1.0,1.0,1.0,1.0,1.0,1.0,1.0,1.0,1.0,1.0,1.0,1.0,1.0,1.0,1.0,1.0,1.0,1.0,1.0,1.0,1.0,1.0,1.0,1.0,1.0,1.0,1.0,1.0,1.0,1.0,1.0,1.0,1.0,1.0,1.0,1.0,1.0,1.0,1.0,1.0,1.0,1.0,1.0,1.0,1.0,1.0,1.0,1.0,1.0,1.0,1.0,1.0,1.0,1.0,1.0617111151886935,0.9310808915777495,0.996947051411111,0.7338097690135894,1.0259274407547778,0.7669693905787094,0.7894010585769733,0.8911751184122925,1.091840119908078,0.9769979938896773,0.8681517646715466,0.7374630155567654,1.0005615638276606,0.8440013636780882,1.1786054812684008,1.126566267883309,0.8491195417612616,0.9668245855649115,0.8321591050670756,1.3408069551837805,1.1366001131629568,0.650048936725627,1.2574124894353713,0.8182894702209105,1.1331250997175433,0.7273015743007356,0.8665720304193281,0.9816906942289476,0.8444651742109839,0.8175160155955588,0.9291558476743138,0.7301580126979195,0.7325380473686802,0.6144374417743886,1.040811533365854,0.8125660880565166,0.6904524921147794,0.8552573557452288,0.9663001181271541,0.971633515458099,0.7999031879564307,0.7892576129472657,0.9332320778133093,0.8150694068721683,0.8072112580870431,1.067244153840761,1.151386374336366,1.3470213201731587,1.5127068664725245,0.9578099828695061,0.8942200733473173,0.9200682584292068,0.8344707307081567,0.7539232809989875,0.8530051911461994,0.7274784211528794,1.143196396035236,0.8191365895028575,1.0483687557752497,1.6688209732630217,0.6759337669777608,0.8198495866331548,0.7864049920507694,0.9415915797874015,1.2332638882021394,0.8153004194031911,0.7763379911521757,1.0435502988972056,0.9722913558423036,0.8772961095167244,0.865988775827176,0.9396505775080157,0.7642713850310581,0.9055658166212661,1.3876620779264783,1.4296723760241004,0.9515272396602245,0.9418093683340858,0.719173760579912,1.0089366761810172,1.1740904348913974,0.8014427481041395,0.8272651563407053,0.7139163747973527,1.5096034864386958,0.7499234530804653,1.1058012907649266,1.2088070407116405,0.7113621754487287,0.7902926904631812,1.0497847371015623,0.8866545158440248,1.041709758527126,0.7391577893008143,0.685523816539134,0.92770156380712,0.7956296596302281,0.7612255999041841,0.967863312753621,1.1419740724501413,1.0007291842104298,0.7399967943906329,0.9121418249574128,1.6375222285869826,0.962407140758001,0.8297669905140009,0.9051818827773432,0.934505210889339,1.733384810031232,1.1519270434490418,0.7748136263189838,0.8672540822137921,0.9574937650330021,1.250834604792613,1.0822665540665128,1.0367896105714762,0.9219159396198066,0.826223202774329,0.47148123188500485,0.8998591012688274,0.8627441446045662,0.8419322358961169,0.9394694117970184,0.74471159495746,0.8681350781934605,1.1800386870336719,1.105109946540832,1.0243671732748074,0.7307994348052471,1.4409684867772634,1.0185402770773615,1.082130823149487,3.4327484058311373,1.4000427648553302,0.914369064770584,1.2167689570246896,1.6166985394721882,0.754198910572396,0.7390597582944906,1.0027293802606936,0.9855082336338374,0.9026206273733809,0.758494371743595,0.8816321403901646,0.7210160109560109,0.8981937798515636,0.9983364265686614,0.7824911668103607,0.7759692898083386,0.9840220292069224,0.6358304180442779,0.8960811901454903,0.9549088413986682,0.796875825747972,0.8244108779000576,0.7951858332751166,0.8060909929235889,0.7952700310046261,0.9665718655345443,1.0560741150393325,0.8564228546395576,1.1099528916858257,1.5090792157233737,1.0747734363903505,0.9033905411710131,0.711398106636973,1.1247937447959315,0.9120971494410797,0.8129739417613362,0.8282731002070755,1.00217291394921,0.8867051376617681,1.1490298838001114,1.1214207006515033,0.8879280150912485,1.2851589712498148,1.0185674624752972,0.7698129547852921,0.9459512478191926,1.7684461800725946,1.4796532549839516,0.889320074180754,0.7622644027882439,0.7560416034872065,0.8264727483579204,0.8144848602501659,0.8096479579643165,0.7117632980897584,0.6925952086027539,0.8686525537375166,1.0476024978039933,0.7855617456663126,0.7302171153232414,0.7447002583464858,0.815589237701748,0.9885097996083501,1.3380363770272266,0.8800380873438217,1.0649922184700271,0.7156258781179388,0.8619391543582706,1.162888171294263,0.7409932402493068,1.02029944952306,0.9777953151399824,0.821097767169275,1.4161713858611378,0.8081631734802439,1.1901995646441739,1.0595316763528653,1.0066074849263122,1.0779728203650878,0.6663599018839562,0.9187107600507347,0.7276248459547611,0.912871339990945,0.9468029862644269,1.0076075652306975,0.7602048724203369,0.8924194886165698,1.254521891938536,0.8470202434651256,0.7319369085277343,0.8377405602492543,0.7447276998375083,1.0388664343762575,0.8816757877544288,1.105601257404018,1.1886270123141367,1.8695051821196953,1.0444888767429354,0.7828427743932291,0.6965494763929744,0.7957248869098841,1.00162141481901,1.0668802225993752,0.8035969280050045,0.7085885690548593,0.9096049130955104,0.7993624000376772,0.926608589959307,0.7765398833091106,0.8626906455518781,0.6106146093714164,0.8748717771871888,1.0435747611325024,1.053233806799052,0.8397553372894955,0.9566939750049788,0.9334072808857015,0.8838298165841184,0.873793647052983,0.9344466689715611,0.7941910039469766,0.7472072694568475,0.7724579930692537,0.9648586666129237,0.9990616222255012,0.8169880620358904,1.082162520509781,1.0183118511046798,0.9622990226092706,0.7856415300380297,0.6824896889426117,1.10785342902581,0.9778249160018062,0.8708080414250499,0.8998722984238284,0.8874279400242879,0.6288708033839437,0.979379204025744,0.997528961848281,0.8831545056114779,0.8243322267779601,0.7268350121835838,0.8905069738696578,0.8918401027017958,0.8866704403572547,0.7353181015628469,0.9355270507835216,0.8363308846893485,0.9267604490675372,0.97338669982717,0.8670713808690184,0.823579823391412,0.9305448250222392,0.950181071338082,1.2038511286328675,0.8865478917855538,2.3593521535613533,0.5830279619277076,0.7811918540913053,1.84659942223109,1.01578666767206,1.8146471850038324,0.9550811197720466,0.8465013143990445,1.0861490472544626,0.7828810032008541,0.9676324600482581,1.1835301066651422,1.4668706118176214,1.025439474898401,1.1020835695642548,0.9806342337626506,1.2846915156276606,0.8565287208499326,0.7235478526907886,1.0128985979072225,0.5907226029796138,0.9799978939900682,0.7322960992617813,0.7928453687023681,1.411577699494902,0.921626266715643,2.0824374720277623,0.7857362483632883,1.1420996336718705,0.7107385798716148,0.8087045914239872,0.7713001418161256,1.0040554589175723,1.20988634137633,0.8437869399382638,0.8686074340428305,0.8744629111634139,0.782213786304688,0.9746188195510873,2.0802320954644813,1.2485870018754874,1.559091501177614,1.6016467886918377,0.5859742778844901,1.4479984644045298,1.2567342620646347,1.1198320351846078,0.9649056772872,1.1329484998535069,1.132135059170189,1.1513295789902664,1.0132477384611063,1.6291589806309035,1.009760450635585,1.3903994037701712,1.1094750480162738,1.1569171899571697,1.4767896630663875,2.1124756798814763,1.0494018004576637,1.1719161359188703,1.8937015674205435,1.3545279918271476,0.897495907169894,0.9258912228754266
1.0,1.0,1.0,1.0,1.0,1.0,1.0,1.0,1.0,1.0,1.0,1.0,1.0,1.0,1.0,1.0,1.0,1.0,1.0,1.0,1.0,1.0,1.0,1.0,1.0,1.0,1.0,1.0,1.0,1.0,1.0,1.0,1.0,1.0,1.0,1.0,1.0,1.0,1.0,1.0,1.0,1.0,1.0,1.0,1.0,1.0,1.0,1.0,1.0,1.0,1.0,1.0,1.0,1.0,1.0,1.0,1.0,1.0,1.0,1.0,1.0,1.0,1.0,1.0,1.0,1.0,1.0,1.0,1.0,1.0,1.0,1.0,1.0,1.0,1.0,1.0,1.0,1.0,1.0,1.0,1.0,1.0,1.0,1.0,1.0,1.0,1.0,1.0,1.0,1.0,1.0,1.0,1.0,1.0,1.0,1.0,1.0,1.0,1.0,0.872852974618719,0.9340891754781455,0.6869951479878432,0.9602337818671589,0.71971683782509,0.7390959088925774,0.8342975436757336,1.0238232005660275,0.9140851258567892,0.8106765785572924,0.689380837222075,0.9388777151248204,0.7902557815959279,1.1040708016404535,1.045201872903517,0.7961370785059247,0.9055431147244251,0.7796762836582591,1.2557075840769887,1.0605383074532513,0.6089115524690764,1.180180643114169,0.7685466678583377,1.0612973182396268,0.6809861461397732,0.813325034639029,0.9201770578957689,0.7905091092160179,0.766570544742309,0.868782041162306,0.684248586014053,0.6856534824327692,0.5776697920716951,0.9713076406393658,0.7621404261729586,0.6472898133919163,0.7988961743225342,0.9057988131965277,0.9135852306538506,0.747960413473453,0.7398512611076369,0.8725287791415486,0.7676330714369995,0.7568409958951374,1.002287943147106,1.0776555747259098,1.2640793910508665,1.4247294360386924,0.8949711251416862,0.8399326986938358,0.8661626027554908,0.7784588604281562,0.7093646391469366,0.799013892623998,0.6833929744415695,1.0695972680331862,0.7698663324266097,0.9875267896813968,1.5603233199391635,0.6333447278320476,0.7667716665934812,0.7372862831135054,0.8834506483301728,1.1556351257001642,0.7646236410146038,0.723512465830606,0.9821944605511299,0.9099332486946412,0.8232306550652939,0.8123578260134,0.8784276513017033,0.7166729487036032,0.8485043174722809,1.3005479063280625,1.3401065434299146,0.8923419357279926,0.8874214118871286,0.6745509711588518,0.9442011955954429,1.1050913587714506,0.7507956456484353,0.7724050800305036,0.6700942133597629,1.4087606346923918,0.7004483937941766,1.035165367224411,1.1319214966976694,0.6646245827138952,0.7386342019320704,0.9763964330452792,0.8310721097645857,0.9771543541939035,0.6941299939546572,0.6417297993330421,0.8684592277765444,0.746074175138812,0.7092259118510134,0.9056180846679888,1.0649581930587815,0.9401561750443705,0.6959087471800914,0.8550055350947652,1.5331561218858707,0.900575109597198,0.7826301466078034,0.8485480635693811,0.8741499196742624,1.6206267887482406,1.0953054526079467,0.7307619270409405,0.8140081805712065,0.8948680710306387,1.170841643998645,1.007530884938396,0.9684328913415698,0.8621745189219795,0.7732678487594046,0.4419720440897476,0.8400588613924014,0.8102871240009408,0.7896787981029706,0.8812539522132701,0.7005053061704827,0.816088906597567,1.1055684482772192,1.0301926181165713,0.9590492172915304,0.6851001736886343,1.3509419133537772,0.9505433125779061,1.0109500389973636,3.3603742860044794,1.3050922196276726,0.8588866243473797,1.1531104831640975,1.5147454776582578,0.707120424485071,0.6910715660880751,0.9373977005177607,0.9222995171775175,0.84645182881474,0.7102787760456442,0.8261114594952754,0.6751859563629103,0.8436915009496919,0.9357650255426112,0.7360273825075816,0.7285607493949424,0.9240187913427846,0.5995208401341254,0.8420743762434372,0.8943394705394093,0.7483479784918456,0.7762605103492065,0.7457618502272064,0.7569470780665116,0.7421345555713592,0.9040430572177516,0.9882923409152543,0.8041736103049297,1.0375536627620683,1.4141157302671834,1.0077357165614802,0.8447556152568104,0.6682206486214048,1.0557507768984515,0.8541827139246052,0.7649328838878053,0.7770999999099553,0.9343096687481373,0.8310385878560078,1.0748352018346012,1.0522876650187531,0.8280382313932066,1.2024857939785236,0.9603615574883626,0.7206643949134393,0.8869517541652028,1.6693577510722322,1.3853685696994134,0.8309173251972497,0.7132463931621069,0.7105672675204542,0.7735912082155427,0.7668283326129379,0.7590946933450318,0.6687445551239661,0.6488380620723297,0.8114564011954919,0.9823478098196171,0.735018359703026,0.6865635724886054,0.6987528337365442,0.7638205924383534,0.923042453735295,1.2477906551569977,0.8235583882191199,0.9971786599754624,0.6701941602357,0.8054699681704552,1.1033293549033925,0.6967464910931487,0.9554720502171068,0.9137810824588726,0.7716099728021748,1.3160542716758248,0.7568007178957716,1.1101624685959806,0.9911586434487434,0.9425760278790656,1.0154754323126682,0.6260090156187843,0.8601831825203943,0.6817507021618534,0.8601171913573578,0.8870763156165552,0.9444107001321138,0.7124222487579782,0.8332488530648254,1.174429513469321,0.7929860526673085,0.6903020974543079,0.793150334849962,0.6980240409409758,0.9725555401708258,0.825965180793986,1.035901191166814,1.1116454603203159,1.7559334963885536,0.9824870980781022,0.7343364218813169,0.6557699861078778,0.7460776576703473,0.9343458762678727,0.998697098553303,0.7535474342123347,0.6652708152833332,0.8489500635964691,0.7531276422350894,0.869004345900505,0.7256070648410197,0.8115605386430634,0.5736345537757076,0.8107173147613684,0.9815657528977937,0.9833595529293229,0.7885655970025849,0.8967685112294485,0.8761668454689558,0.8287971118803616,0.8175487255326511,0.8739460840154161,0.7436951545842907,0.6989946710471548,0.718569652200773,0.8970636863753704,0.9451776118842171,0.7669850913702771,1.014019946982526,0.9469183504102159,0.9011595262932199,0.7395784863078427,0.6419906669149149,1.0383297876517306,0.9234290880640863,0.8175005716552396,0.849967498436884,0.8350616745576818,0.5904242043053993,0.9180410899344824,0.955089234790376,0.8336552740509462,0.7779535549162223,0.6836061037779766,0.8373546009593691,0.8400138197703906,0.8317272087250148,0.6889943388550159,0.8793752719375326,0.7899817983506204,0.8753613648282638,0.9232966012003048,0.8211507714490474,0.78078668510663,0.8750020300197294,0.895739593212571,1.1231497485808113,0.8341093750421541,2.200954555100278,0.5480141403412992,0.7377071751722089,1.7345343717098318,0.9486731998876614,1.6905291258395714,0.895882883985365,0.79695810462491,1.0198352705033775,0.7335315463441627,0.9079305273803551,1.1168893450916588,1.3977686110537948,0.9647175670766182,1.0305151652616946,0.921808386035088,1.2247164832957012,0.8028757173667027,0.6808925212739876,0.9530011486815315,0.5587418068388215,0.9304790247063829,0.6941246556033109,0.7474827748931323,1.3336417831410046,0.8679536664594322,1.9686011017112097,0.7350436936722862,1.0703483601010078,0.6661686573116121,0.7611768810396871,0.7220060164493747,0.9402770076235659,1.1344481863538276,0.7917706620674441,0.8142551922395134,0.8187349202828949,0.7397082849336201,0.9122089887526356,1.953829287968962,1.170040047495702,1.4398568257569873,1.493414389509757,0.5518492763331095,1.3702715359828916,1.178923527969717,1.0498315198946169,0.8993770900003792,1.0605461804952734,1.0591309615485622,1.0781004650113315,0.9444620162632998,1.5347915714640357,0.9541470852675374,1.3065219015709024,1.0353084049114938,1.0847718022291755,1.3856187892419667,2.029271124210379,0.9945253725423344,1.0981192479534898,1.7711410772743468,1.268541831257836,0.847171989498313,0.8686265306109728
1.0,1.0,1.0,1.0,1.0,1.0,1.0,1.0,1.0,1.0,1.0,1.0,1.0,1.0,1.0,1.0,1.0,1.0,1.0,1.0,1.0,1.0,1.0,1.0,1.0,1.0,1.0,1.0,1.0,1.0,1.0,1.0,1.0,1.0,1.0,1.0,1.0,1.0,1.0,1.0,1.0,1.0,1.0,1.0,1.0,1.0,1.0,1.0,1.0,1.0,1.0,1.0,1.0,1.0,1.0,1.0,1.0,1.0,1.0,1.0,1.0,1.0,1.0,1.0,1.0,1.0,1.0,1.0,1.0,1.0,1.0,1.0,1.0,1.0,1.0,1.0,1.0,1.0,1.0,1.0,1.0,1.0,1.0,1.0,1.0,1.0,1.0,1.0,1.0,1.0,1.0,1.0,1.0,1.0,1.0,1.0,1.0,1.0,1.0,1.0,1.0705191896016624,0.7876602937834628,1.10146988001389,0.8236875584435076,0.84710523726489,0.9566934392323514,1.172580235166818,1.0485771417947163,0.9315279101610571,0.791614054585863,1.0746412551917859,0.9060602932135187,1.2656638162993779,1.2067967758237206,0.911855041785286,1.0380442923968578,0.8933989449663844,1.4396684949415155,1.219183521560288,0.6977845727591009,1.350230584543699,0.8790169365679532,1.216075502779663,0.7807257857343516,0.9305212502027322,1.0543100266087149,0.9064529551579172,0.8778220239171457,0.9970608099062801,0.7839387093170079,0.7861920327709166,0.6600537927508827,1.116518950469155,0.8725425785762011,0.7413962495694606,0.9173610813169538,1.0378151369564335,1.0441972949137464,0.8584697531262736,0.8473784332865176,1.0016478218347742,0.8760253025982556,0.8667541138535839,1.1463342432802697,1.2359152828130975,1.4466202967659934,1.6264338936086662,1.0277816936011201,0.9605516710594876,0.9889908168090249,0.8953486903346419,0.8102041689475736,0.9156507879205179,0.7814515769823871,1.227173455202084,0.8800384469578126,1.1271315264070687,1.7912723405371183,0.7257041400878891,0.8800056098041223,0.8444422367999034,1.0114055599184715,1.3242892668957833,0.8754800263023517,0.832723712754431,1.121453929406679,1.0435812431123273,0.9422427842497425,0.9300581342382354,1.0083253275422874,0.8207048857974502,0.9723846296451573,1.4903082273696033,1.5352149722621578,1.0216448811761092,1.0125395767521108,0.772348165529493,1.08309344394055,1.2617641406245608,0.860441882163661,0.8875951821705332,0.7667892834346348,1.6195940794136725,0.8047254093927017,1.1867251313218068,1.2976197034931563,0.763043697110392,0.8482154432561145,1.1254180639400846,0.9517666142692163,1.118513913481392,0.794040583779176,0.7357976690357784,0.9959008166261144,0.8544652826805526,0.8165361738251908,1.0387877996744488,1.2246687733849115,1.0753022467789581,0.795000766191497,0.9794160521887603,1.7579754630708668,1.0331066734285088,0.8921166467893112,0.9721013158781554,1.0030626029970315,1.8598256567831202,1.2408846858645113,0.8328269701119189,0.931483421502503,1.02742287780741,1.342518852907174,1.1605288912841996,1.112598398173196,0.989467306395212,0.8868778226196045,0.5063597741963016,0.9652098516735736,0.9266720354711822,0.9040977518723099,1.008965078064533,0.8002741111067453,0.9324448414382502,1.2669603007933623,1.1850996289591893,1.099694065422731,0.7847592470772908,1.5472699943571777,1.0925237934865537,1.1611432584491146,3.721351392896541,1.5008561167113128,0.9819554178364152,1.3086311477090544,1.7359370867326562,0.8098229955921092,0.7930957945075856,1.075733946557528,1.057824469635312,0.9692696288897471,0.8142723847107518,0.9462972318577119,0.7740355051325427,0.9648596535500287,1.0717307715103694,0.8407293517082423,0.8333336358259361,1.0570460448018646,0.6834701511723955,0.9627084717831357,1.0252582330061253,0.8557405371729887,0.885925336495853,0.853714955063064,0.8658149808910823,0.8530111768805789,1.0373859926911937,1.1334623526877774,0.9197529794952046,1.1907843248184962,1.6201795524812146,1.1541569514061392,0.9695436517450079,0.7641176681992958,1.207860586974156,0.9793395896854897,0.8738606606591142,0.8894292909304088,1.0746164172315193,0.951980563953686,1.2336079578194732,1.204502493850797,0.9527176697585542,1.3791730311783597,1.0946749352613816,0.8263509800757325,1.015742929755544,1.9015324902529547,1.5885851821132302,0.9542488658915789,0.818064658295705,0.8121195921786923,0.8869459293763418,0.8752099607306598,0.8693458120581589,0.7645739687714186,0.7435719491825679,0.9321027075999607,1.1249746467196506,0.8431415450114326,0.7844634348378561,0.7998288485456051,0.8755423840534603,1.0605083592143905,1.4352102146870311,0.9443090929305249,1.1432111133256315,0.7681423732126855,0.9248569084669994,1.2518912048707804,0.7959118646256401,1.0952546932741574,1.0492223256124116,0.8819604301454692,1.5178646689060151,0.8673753338277628,1.2764310967239294,1.1373016622220071,1.080534869600461,1.1590408203367126,0.7158338139441196,0.9862289595650767,0.781203331245965,0.9809992409680278,1.0167080361234915,1.082074747970172,0.8161402112891416,0.9577492466073678,1.3465306455129444,0.9091283032516663,0.786825964063633,0.9012962412497736,0.7994881521586548,1.1150702293104517,0.9466142368315217,1.1872668825475992,1.2755282486914368,2.00813201700129,1.1219812933636097,0.8405839220601264,0.7486255076969628,0.8543744328697401,1.0744942045187882,1.145375994842039,0.8628818629855707,0.7610186299368518,0.9758561511743531,0.8592024859158016,0.9951261110836547,0.8332670951768115,0.9271328249574551,0.655744552897314,0.9370700126122975,1.1212500444170788,1.1295897538109407,0.902000695922547,1.0270852438571203,1.0023263836463951,0.9489584438003577,0.9379739396492383,1.002942747975965,0.8524696587691388,0.8019493747870425,0.8282977798781889,1.033852974577205,1.0744641741081007,0.877602881694795,1.1617121844012435,1.0917750817251202,1.0331501789216422,0.8441245293618826,0.733499004687324,1.1891542273432907,1.0516080912598125,0.9355211195194141,0.9677230011192043,0.953566697744538,0.6753258991845925,1.051501152626223,1.0752238125029538,0.949548406059671,0.8862387396173712,0.7808254030574064,0.9567011080939892,0.9584829022496164,0.9520035624945288,0.7893381860315702,1.0049897141469255,0.8994769669367422,0.996638468416569,1.0471895361502062,0.9329855460093256,0.8861151809594763,0.9996402005464375,1.021607700114121,1.2909621935306108,0.9524436117406485,2.5303032874800806,0.6263857333498397,0.8398108157784384,1.9846900277053718,1.0897055573704362,1.9464096204552686,1.0259462341035182,0.9099720839246499,1.1664637511965137,0.8404699863039652,1.039661928367873,1.2727898287987816,1.5802483816126631,1.1023329536768278,1.1827346325590118,1.0532978573386957,1.3841649739747532,0.9198562813226258,0.7775246025342956,1.088059027102208,0.6353179575458792,1.05508677669348,0.7880373131793385,0.8523376620665702,1.5180744997026796,0.9905159314600601,2.2393616506474943,0.8432982249296788,1.2262389576990709,0.763002584898228,0.868685945438141,0.8279170843316476,1.0779309087687727,1.299358438444488,0.906408594226648,0.9325548168743094,0.9388142218935259,0.8414650692839443,1.0462992582451758,2.2349756855702063,1.340968288685973,1.669915864940385,1.7174064396588724,0.6296564602740329,1.5580498447974005,1.3495074974204448,1.2024532694127863,1.0348031570772314,1.2161974686826698,1.2149820184408506,1.2359562123894792,1.0865084588405352,1.7507993598954048,1.0861238492978518,1.4939892976904496,1.1902512783323174,1.242292734978236,1.5858990935919495,2.2794215658830828,1.129272274667703,1.2583206065833223,2.033921286676426,1.4543995546422477,0.9649578465297615,0.9942550233120256
1.0,1.0,1.0,1.0,1.0,1.0,1.0,1.0,1.0,1.0,1.0,1.0,1.0,1.0,1.0,1.0,1.0,1.0,1.0,1.0,1.0,1.0,1.0,1.0,1.0,1.0,1.0,1.0,1.0,1.0,1.0,1.0,1.0,1.0,1.0,1.0,1.0,1.0,1.0,1.0,1.0,1.0,1.0,1.0,1.0,1.0,1.0,1.0,1.0,1.0,1.0,1.0,1.0,1.0,1.0,1.0,1.0,1.0,1.0,1.0,1.0,1.0,1.0,1.0,1.0,1.0,1.0,1.0,1.0,1.0,1.0,1.0,1.0,1.0,1.0,1.0,1.0,1.0,1.0,1.0,1.0,1.0,1.0,1.0,1.0,1.0,1.0,1.0,1.0,1.0,1.0,1.0,1.0,1.0,1.0,1.0,1.0,1.0,1.0,1.0,1.0,0.7357594240462433,1.0290073099349697,0.7692481124609859,0.7912581158028028,0.8936718618793968,1.0953474894867377,0.979590071363436,0.8702262786144733,0.7395863458907557,1.0034941713573704,0.8464417299171916,1.1823535695616256,1.1284151761409569,0.8516122149590161,0.9694520657122531,0.8344979429593842,1.3448090055131112,1.139521619463026,0.6517965800839365,1.2607455413721378,0.8207882409063713,1.1360551048080505,0.7292747550428896,0.8689639114943211,0.9848319399349261,0.8468225929583657,0.8199318611026012,0.9316273980629508,0.7323483948277318,0.7345740356068612,0.6162858201761382,1.0433875723454045,0.8148415137016906,0.6924604472834827,0.8571763310064888,0.9693803354265397,0.974937822859705,0.8021253150507119,0.791505132455393,0.9357233254411821,0.8177061704757423,0.8095734555980639,1.0705598235313318,1.1545659059201023,1.350870984058683,1.5183492079322456,0.9602951214542756,0.8968615160885676,0.9233452717175907,0.8366938101622643,0.7564729586428129,0.8553525264869718,0.729722824265715,1.146418427343498,0.821686815968803,1.0522203376194865,1.6734828441632774,0.6777825679406175,0.8221101050302608,0.7888208776671071,0.9444779416590574,1.2370297659747989,0.8177315426945508,0.7780631313036735,1.0466721194722723,0.9748375376400149,0.8798701697435877,0.8686535234596842,0.9420570898430021,0.7665241573733226,0.9082451745929032,1.3920629265274034,1.4335615904935723,0.9541223981203306,0.9450890564604668,0.7213844030807001,1.011882701697426,1.1780445393596395,0.8036679878728251,0.8293779508696213,0.7161328326602093,1.5137046251468331,0.751941621722745,1.1086495280023272,1.2121885286272895,0.7128634643559635,0.7923508473085561,1.0518643331367328,0.8890381597967278,1.044510013971463,0.7414903719338573,0.6873697752935715,0.9302815013744616,0.79798603883955,0.7630702529833409,0.9703587062654062,1.1444868703417974,1.0042346156322688,0.7423786959919775,0.9147625752410617,1.642023723598988,0.9651082828498831,0.832692964329075,0.9080419598853116,0.9371138460161672,1.737588690774615,1.1568166146266374,0.777432705595318,0.8698944628408835,0.9598894318746181,1.2541452448408652,1.0845994832958081,1.0395358017414178,0.9244278520064999,0.8283083208302797,0.4728806147599542,0.9017920676462852,0.8653815787094519,0.8442962686251547,0.9423228448469441,0.74719901533753,0.8706978480214164,1.183261327374962,1.1074749442150467,1.0273595813009342,0.7328382779920575,1.444998490018231,1.0207343539429696,1.0848774363055464,3.458387989007503,1.402542059141272,0.9168837029619727,1.2207696001744834,1.6208946175772567,0.756470518704887,0.7409484530848751,1.0049659518008491,0.9884066043948359,0.9051125388141429,0.7605455794073467,0.8837341715793645,0.7230701786158535,0.9010678364281194,1.0010293733009652,0.784999917349154,0.7781567945043352,0.9869290450551671,0.6379899262945758,0.8988046453213028,0.95761577146936,0.7991371140339465,0.8270469940860992,0.7973844522443058,0.808556479515564,0.7971248172699381,0.9692201539580109,1.0585614531111536,0.858890515124022,1.112541265690067,1.5129697544176794,1.0778983900997892,0.9059172410322274,0.7135949253323552,1.1279348323317322,0.914866053109608,0.8160219002272692,0.8307176079232065,1.0040624005353,0.8890588719533956,1.152519580075695,1.124844795909989,0.8901802355775834,1.2884703764345105,1.0218528715132997,0.7720248392733466,0.9485632482660835,1.7742363727710349,1.4840102418910517,0.8915904030465185,0.7642480018845298,0.7583216873061561,0.8285100941193073,0.8171158758562178,0.8120085161207199,0.713930073437643,0.6945875612237901,0.8709375704738924,1.0505086445379272,0.7876738940016402,0.7324714434671582,0.7469765003666997,0.8178714047242652,0.9910002116252143,1.3413922095492392,0.8820982579947345,1.067764436164273,0.7175820701722848,0.8641307260471831,1.1679142434367837,0.7431949307251564,1.0230020086674891,0.9804634713901932,0.8235642039575541,1.4190166832241078,0.8102716734207221,1.1928850122162253,1.0625184757362947,1.009439966331658,1.08185401589932,0.6684735767799369,0.9213819595979235,0.7297714209035857,0.9157917990643536,0.9496603059345944,1.0107432944404917,0.7623249036067545,0.8948376765124502,1.2576396848312534,0.8493827815681809,0.734554436666436,0.841043482536102,0.746765239757256,1.0415958705638717,0.8841975185194357,1.1090483416083736,1.1915938079350155,1.8754776948396776,1.0476453465540727,0.7850948000522908,0.6988852546077072,0.7980353756280978,1.0041926362843454,1.069846592233789,0.8059525265324694,0.7106838842234513,0.9118953029365149,0.8020436761138423,0.9293584674138902,0.7785795972233873,0.8655020048789073,0.6123696405056085,0.8762431397343187,1.047081541963773,1.0555592193842327,0.842302955997985,0.9594133136540508,0.9361138906932513,0.8863810125831613,0.8763080859191421,0.9371610746641078,0.7963250496440104,0.7492501939456842,0.7744142123191495,0.9665791513076751,1.0025467376538897,0.8195879038520741,1.0850522813262478,1.0206159664363652,0.9651584276731837,0.7880769713674827,0.6848439340444937,1.1107380828300382,0.9812803715474829,0.8736451910033033,0.9031479388558938,0.8902068816310753,0.6306410618978752,0.9822101118708555,1.0015380467293666,0.8862695806250821,0.8270590276826071,0.7289799537288901,0.8933240325518559,0.894812191661071,0.8891585357410774,0.7372069304466005,0.9384414708459048,0.8393691099016176,0.9300168184685007,0.9768879069711267,0.8705363638720907,0.826691848221895,0.9332793447128738,0.9536687432048672,1.2063592611889244,0.8893388573120706,2.364110474561829,0.58489843107811,0.7836082036730576,1.8532687938399837,1.0180611556340966,1.81930463683807,0.9582929944655101,0.8494949721461895,1.0892440983240337,0.7850761328262603,0.9709716099571787,1.1877356428729935,1.47251366529832,1.0291958967653079,1.105145256903399,0.9834263274245294,1.2904790424922696,0.8591943173043989,0.7258893326282657,1.0157275626860116,0.5928068558405668,0.9839860955993649,0.7351441190739245,0.795615158397894,1.416396631291799,0.924607625210524,2.089041911491925,0.7879238866200755,1.1452151852176227,0.7127232870006232,0.810914822263104,0.7734482507658139,1.0068567167861036,1.2135318840738991,0.8464989717055752,0.8710593735971514,0.8769575745959901,0.7850644661999553,0.9774769217290277,2.087020523471603,1.2526899719966322,1.5618109564528637,1.6046073868787856,0.5877526644104516,1.4534540144557173,1.2600733403649182,1.123122470124874,0.967113015753649,1.136082198973246,1.1352161398878653,1.1546768893243882,1.0154889149300776,1.634231524020107,1.0136821454661193,1.3945667376167676,1.112178615725568,1.1602624606814032,1.4811184701706348,2.123482497948174,1.0534057583937264,1.1753715859811753,1.9002353626183508,1.3585705631890421,0.9004922302434919,0.928628979839701
1.0,1.0,1.0,1.0,1.0,1.0,1.0,1.0,1.0,1.0,1.0,1.0,1.0,1.0,1.0,1.0,1.0,1.0,1.0,1.0,1.0,1.0,1.0,1.0,1.0,1.0,1.0,1.0,1.0,1.0,1.0,1.0,1.0,1.0,1.0,1.0,1.0,1.0,1.0,1.0,1.0,1.0,1.0,1.0,1.0,1.0,1.0,1.0,1.0,1.0,1.0,1.0,1.0,1.0,1.0,1.0,1.0,1.0,1.0,1.0,1.0,1.0,1.0,1.0,1.0,1.0,1.0,1.0,1.0,1.0,1.0,1.0,1.0,1.0,1.0,1.0,1.0,1.0,1.0,1.0,1.0,1.0,1.0,1.0,1.0,1.0,1.0,1.0,1.0,1.0,1.0,1.0,1.0,1.0,1.0,1.0,1.0,1.0,1.0,1.0,1.0,1.0,1.3975858397770202,1.0447882380461864,1.0753043733905656,1.214095694881173,1.4871309991807729,1.3307455207330556,1.1823010443943622,1.0045832706891034,1.3628300457449756,1.14967202654501,1.6055416777206777,1.5343009734723778,1.15658427172779,1.3170609039704122,1.1332478267067525,1.8264354947428858,1.5482031747384553,0.8855409218565696,1.7130062169714977,1.1141607274713579,1.5439547443692465,0.9906908660493947,1.180609456607923,1.337229763125526,1.1504589039568611,1.1135824305039161,1.2654994039185912,0.9947369899619075,0.9982850923518134,0.8370199922856842,1.4176400104473987,1.106912035351571,0.940875028114841,1.1651134790099347,1.3160667307334641,1.3238358735076288,1.0898909860330113,1.0755557077229165,1.271270443945693,1.110261370399968,1.0996100396698143,1.4541776962644901,1.5684305402016894,1.8355245024722553,2.061384364201081,1.3045819110444978,1.218205602309539,1.2538557887375839,1.136596108632208,1.0271125641642591,1.16191207676253,0.9911567355248072,1.5577079651293804,1.1156397285058133,1.4278921876126989,2.2725510893913183,0.9208363523557147,1.1167912707820866,1.0715086491071997,1.2826379496841156,1.679903060736494,1.1108031720297218,1.0572442948265008,1.4212454387927513,1.3246043580244442,1.195137825346974,1.1797193614945538,1.2801655386025872,1.0409825047939323,1.233369662870171,1.8900701142272378,1.9461086876029108,1.2964582491736558,1.282638486594266,0.9797801884151707,1.3740776638467105,1.599463394836415,1.0918258433243084,1.1269396146557684,0.9725934093909898,2.0565797290148318,1.021410506501824,1.5064354754936473,1.6468427622717288,0.9688392964983552,1.0765085545671333,1.4305751072998933,1.2077174749048192,1.419104032674463,1.0069167834043873,0.9340454651368151,1.2640189369477985,1.0839143025783267,1.0368667785812866,1.3191852582304116,1.5556667225438514,1.362838115324562,1.0084028564991305,1.2425310273181651,2.231997398171521,1.310977864043161,1.130217681883646,1.2329745046974092,1.2728515974394692,2.361050206948965,1.5679433086906323,1.055548156112331,1.1814112235687353,1.3047327034796508,1.7041477837260566,1.474132526826809,1.4120889742571272,1.2558058306692834,1.1252447919537079,0.6420704677615438,1.2254813402179427,1.1754667897339475,1.1468532116378802,1.279195376893177,1.0142535112455042,1.1823539833131655,1.6075218385023904,1.50538522891354,1.3953332946617327,0.9956212091996095,1.9622811769848711,1.3869417808990396,1.4739037731428866,4.673015805066491,1.906612098847158,1.2456900448849766,1.6562515315134279,2.201629354483601,1.02738901600866,1.0067971387428487,1.3661015067844042,1.3429730453686468,1.2295742172811859,1.033188413420631,1.2008566252012323,0.9822503556529683,1.223634498762435,1.35971232693326,1.065962608450931,1.0569648878893263,1.3405294532786232,0.8662789703460327,1.220860025991681,1.3009012984815307,1.0858386912643143,1.1230739818774884,1.0834402739901758,1.0981041668789824,1.083300632847226,1.3166884474447227,1.4383089693017355,1.1667127021239447,1.5124248723200187,2.055182226597264,1.4639685657205552,1.23082989521789,0.9691409328060192,1.532101098025092,1.242444487267482,1.106819660903633,1.1284267001987658,1.365377621581276,1.2074537405948869,1.565106228677446,1.5276947037213966,1.2094684077691027,1.7509565128350935,1.3873265011972526,1.048869923648368,1.2883661975064693,2.4081749472423377,2.0152441167288173,1.2113866378459581,1.0385393024650387,1.0299815425264804,1.1261164428312944,1.1096640712394001,1.1030617717829743,0.96956889592997,0.9434806707410919,1.183149246269152,1.4267436457492875,1.0702250252195091,0.9947536685481934,1.0144004756363265,1.1112224969668505,1.3465488066618803,1.822933313257382,1.1995115583115186,1.4503434867514302,0.9752399453034387,1.1738752348946844,1.5843014051901458,1.0096145145737474,1.3900860599198268,1.3322463757956828,1.1188339690824272,1.9292243230150934,1.10125084290189,1.622758880825234,1.4432433078399178,1.3712551476446095,1.4681538594511725,0.9078737489297514,1.251718576544501,0.9913133391411758,1.2432303023707243,1.2898812011087262,1.3725290436904936,1.0357145868547408,1.2171586245187873,1.7085764869028215,1.1536207669011462,0.9971767039198618,1.141282648114594,1.0148490344575656,1.4153339515763341,1.2009055951593361,1.5056740356468858,1.619629555638851,2.5465292886888324,1.4233668860471473,1.0665336873606042,0.9485731934184083,1.0839619366275823,1.3644718765257433,1.4535841131344454,1.0947078664122278,0.9651944754281274,1.2392591518330527,1.0888492786511268,1.2625720654286081,1.057657660029896,1.1750806876633235,0.8323733875497727,1.1923081203176198,1.4223036925712589,1.4349262904358429,1.1435085841679005,1.3036311013240138,1.2709935440823674,1.204050635285267,1.1904053854460517,1.2735942899007289,1.0818428967153793,1.01788889465335,1.0524347382377353,1.3144665415566963,1.3612978673485356,1.1130061160089917,1.4738852667224294,1.3864717439546212,1.310740060710136,1.0698374922910063,0.9297522759377663,1.5094120080932751,1.3319051455550528,1.1860815519476566,1.2260656849656062,1.20882077375063,0.8568039811851413,1.33450920628665,1.3591591984193925,1.2029077838562956,1.122678242686936,0.9905097796253962,1.2131439814681595,1.2149861673053421,1.2080299328496227,1.001568151947303,1.273706013813233,1.1389222922673268,1.2626547103510732,1.3258519022871171,1.1810701792983807,1.1218165080154328,1.267229826090523,1.2946734974072576,1.6394770779703833,1.207453784532456,3.220031090560419,0.7943012192316807,1.0638299329712186,2.514354720141758,1.3841862772924485,2.471935376073281,1.3009704416762045,1.1529904964998745,1.4795027383876422,1.0664785650993562,1.3183173517911038,1.612029616880021,1.9928501581338134,1.3967595301465523,1.501199982778029,1.3353347011646386,1.749265249952595,1.1667540321784697,0.985488878484496,1.3800755261044602,0.8048027515000595,1.33420748923514,0.997327578728851,1.0801099841327293,1.9225279470147978,1.2560798981008696,2.835417726679825,1.0703700336862356,1.5565365842079473,0.9684086119257387,1.1022478612592743,1.0507975952754938,1.3678150231445918,1.648336055925114,1.1493954483729079,1.1832649162057525,1.1906187667426447,1.0650714170111384,1.3279867155192093,2.8325114748406954,1.7009090634429307,2.1226220447646393,2.1844506095824174,0.7980303554287207,1.972550199707903,1.711928959524639,1.5253381503027468,1.3147735560352076,1.5434130569986062,1.5422968635165124,1.5687324320585652,1.3803301575066516,2.2192197981377175,1.3758433028167198,1.8979396640729815,1.510615961271244,1.575807372392536,2.011050884842138,2.874901748244975,1.4285581782256571,1.5965009320952608,2.5800268711132466,1.8451253948760824,1.222343546460369,1.26148253218101
1.0,1.0,1.0,1.0,1.0,1.0,1.0,1.0,1.0,1.0,1.0,1.0,1.0,1.0,1.0,1.0,1.0,1.0,1.0,1.0,1.0,1.0,1.0,1.0,1.0,1.0,1.0,1.0,1.0,1.0,1.0,1.0,1.0,1.0,1.0,1.0,1.0,1.0,1.0,1.0,1.0,1.0,1.0,1.0,1.0,1.0,1.0,1.0,1.0,1.0,1.0,1.0,1.0,1.0,1.0,1.0,1.0,1.0,1.0,1.0,1.0,1.0,1.0,1.0,1.0,1.0,1.0,1.0,1.0,1.0,1.0,1.0,1.0,1.0,1.0,1.0,1.0,1.0,1.0,1.0,1.0,1.0,1.0,1.0,1.0,1.0,1.0,1.0,1.0,1.0,1.0,1.0,1.0,1.0,1.0,1.0,1.0,1.0,1.0,1.0,1.0,1.0,1.0,0.7470819610044931,0.7687532727220315,0.8683355832850561,1.064025362639415,0.9518861049243035,0.8459554052542474,0.7188708026707307,0.9745645218682771,0.8224662214207352,1.1488313245327206,1.0985077200667717,0.8271840064977956,0.9417750894933177,0.8107340858584751,1.3067234812073092,1.1079424298957976,0.6332290080439319,1.2240405866572037,0.797035093463212,1.1036994697953184,0.708598541874322,0.8438383341303082,0.9567386641193973,0.8228567763968524,0.7964451300308741,0.9054462007969557,0.7115303257002374,0.7137646643674378,0.598276877667653,1.0144360847271632,0.7913575426428485,0.6726375074310945,0.8331441882397206,0.9417825471038616,0.9466230756693848,0.7796739387244396,0.7689064428723889,0.9093923023480064,0.7935818703982456,0.7864155697860277,1.0395335351036685,1.1218706998388996,1.3119092691276295,1.4734930636484365,0.9334391926187358,0.8707367121104045,0.8961965122562404,0.8135477803793354,0.7343036225697287,0.8310693866928797,0.7085449442057505,1.1140328249539326,0.7978037406087023,1.02141741505085,1.6267508653842966,0.6584340579503791,0.7990112971218915,0.7662451858486711,0.917321481647811,1.2018047100315106,0.794294185535672,0.7566792402674678,1.0157656635986245,0.9472587649807593,0.8545194928633433,0.8437197163121195,0.915604141572848,0.7445888787850752,0.882369788109016,1.352404273674529,1.3924000382194313,0.9265744005851628,0.9171274161171449,0.7007247477018156,0.9833127887230304,1.1434037319557022,0.7807578477447232,0.8062760154468854,0.695498687536255,1.4718939382325016,0.7310413187416472,1.077168103120461,1.1776123048356162,0.6928288699535557,0.7701042091375159,1.0231397062334462,0.8636455085343747,1.0143523174538633,0.7200376021113306,0.66790878877849,0.9037612941864996,0.775115149211872,0.7421853523009063,0.9427521087184644,1.1128851613056159,0.9752121681281141,0.7206176152263273,0.8886156274494044,1.5951348826837912,0.9378691921706501,0.8078990581979669,0.8821728105467496,0.9107249302923307,1.688696918986865,1.12041424060196,0.7541342344343074,0.8448574018628492,0.9329254370966853,1.2186572080807117,1.0549317253784336,1.0106073677417684,0.898491923556819,0.8047633103645531,0.45941201722189395,0.8765391298328671,0.8403039565346844,0.8199958423629489,0.9152983123046281,0.7253348393409944,0.8452387363740252,1.1494864791883646,1.0769492676964822,0.9982988011232286,0.7117861476629692,1.4036427669625224,0.9923574078176394,1.0544493936356156,3.330524667748387,1.364384507036739,0.8902091997395982,1.183234954507252,1.5744319567743517,0.7348749284018739,0.7201565484584619,0.9766553961754745,0.9605040129563813,0.8791327291750488,0.7389210405452611,0.8584852173400139,0.7025727167714071,0.8748702756534226,0.9723208836440327,0.7621472809147235,0.7556610953487761,0.9582176757211622,0.6190340112438473,0.8726076677088018,0.9303923229712242,0.7759571712209035,0.8026923194638087,0.7745190735466053,0.7852174209880411,0.7749568126215981,0.9418888404455988,1.0285296456959216,0.8340626615212116,1.0811274822262882,1.4694206120411766,1.0470687428497425,0.8804624063465352,0.6928928213413178,1.0952795380809657,0.8888971946400024,0.7923846498994742,0.8068458706377788,0.9762370824125117,0.8636719616382678,1.1202603622336886,1.092436955135399,0.8657704736552754,1.251867124397939,0.9913951910793931,0.7501829964343716,0.9213060011517598,1.720653355339304,1.4418391403264463,0.8666573102380092,0.7425868480159807,0.7361584770329301,0.8049413995769228,0.7931182178637899,0.7887963235878435,0.693205892072402,0.6748980371367326,0.8466245837207595,1.0202394416784153,0.76540656509604,0.711060805787005,0.7255834766301186,0.7946467571602688,0.9633537104399933,1.3043760231437873,0.8569287499198182,1.0373688345290644,0.697182825468492,0.8400471150374208,1.1317116121541027,0.7215676216340443,0.9938760737983074,0.9530297117650572,0.7995916331391821,1.3808468577355306,0.7871956166447043,1.1598223439467832,1.0325855463159574,0.9807087840563252,1.0498641905427326,0.6490943369765152,0.8953115162053418,0.7090238571494542,0.8887077023930852,0.9226654510274614,0.9819547103368337,0.7405621877422374,0.8697372344465433,1.221769629460086,0.82539083545218,0.7127197110711578,0.8153934366278102,0.7253296522579941,1.0119789414085485,0.8589603395083695,1.077588236636958,1.1579165297203058,1.8213149688681884,1.0169690778023264,0.7625134533227449,0.6783209152961289,0.7752056407895165,0.9764025781280583,1.039499936600141,0.7828646217937267,0.6901237758562124,0.8865806957927072,0.7783317816769283,0.902662279997819,0.7568677347527795,0.8401577254401209,0.5945420436675717,0.8528710288985617,1.0165604122515002,1.0261416775094225,0.8179814606298681,0.9319450468124222,0.9090441260384784,0.8610699825389294,0.8516069370426489,0.9108900066025789,0.7736767833284637,0.7281787230046555,0.7537112870237562,0.940328422725774,0.9721596881598966,0.7959280865766465,1.0539246411044232,0.9929915693796314,0.9378003292094488,0.7648601806600368,0.6648099067882479,1.0789352976135547,0.9517232940649578,0.8486081199715225,0.8759190082080912,0.8641553320335484,0.6123701919671798,0.9540794868611187,0.9681390263829803,0.8596864287020105,0.8022962158690993,0.7077101652384756,0.8671789459018865,0.8683941725250617,0.863562624192271,0.7160870434308202,0.9111371326494453,0.8142020506964952,0.9020395168994454,0.946578877058698,0.8440085707468639,0.8012002408963244,0.9060385648816006,0.9253734260871798,1.1729530221355582,0.8632481533246036,2.2970404513836025,0.5678673607128819,0.7599327403031594,1.7997287147220629,0.9894548690745156,1.7696360157077278,0.9309248585570967,0.8247252416174299,1.0576591279359866,0.7626896472759401,0.9432572351643722,1.1521820980918163,1.4254220997048515,0.9991618500098387,1.0742357230417807,0.9547465564413502,1.2490790230523041,0.8346932338746988,0.7045329587983713,0.9859450471515004,0.5747311079133752,0.9532167267278876,0.7124858686563753,0.7719530212601796,1.3737586965589652,0.8972612148582126,2.0255112244123934,0.765733376592034,1.1124414429652627,0.692350657732826,0.7869702561824263,0.7515613643512628,0.9782168392330959,1.1787123353283921,0.8222283378420203,0.846014400042185,0.852262332731031,0.7612811685328769,0.9498111835848082,2.026962144763533,1.2170870913034566,1.5222914199036959,1.5600533851680358,0.5703480115467359,1.4089723671788557,1.2236273291291422,1.090979763781676,0.9404965094785566,1.1038647859764654,1.1032277590318196,1.1219582363714093,0.9875159713061946,1.585487095191792,0.9832913023733154,1.3535466732151837,1.081318385578946,1.126918931238401,1.4385508062179886,2.052377264967814,1.0211593115753277,1.1418727921540945,1.8477233587425106,1.3200992134216238,0.8733271962988391,0.9019373118916153
1.0,1.0,1.0,1.0,1.0,1.0,1.0,1.0,1.0,1.0,1.0,1.0,1.0,1.0,1.0,1.0,1.0,1.0,1.0,1.0,1.0,1.0,1.0,1.0,1.0,1.0,1.0,1.0,1.0,1.0,1.0,1.0,1.0,1.0,1.0,1.0,1.0,1.0,1.0,1.0,1.0,1.0,1.0,1.0,1.0,1.0,1.0,1.0,1.0,1.0,1.0,1.0,1.0,1.0,1.0,1.0,1.0,1.0,1.0,1.0,1.0,1.0,1.0,1.0,1.0,1.0,1.0,1.0,1.0,1.0,1.0,1.0,1.0,1.0,1.0,1.0,1.0,1.0,1.0,1.0,1.0,1.0,1.0,1.0,1.0,1.0,1.0,1.0,1.0,1.0,1.0,1.0,1.0,1.0,1.0,1.0,1.0,1.0,1.0,1.0,1.0,1.0,1.0,1.0,1.0282701405300623,1.160721113443544,1.4231318863073406,1.2722119545729123,1.1294326926608496,0.959887642660453,1.3041136824161246,1.0995445393749397,1.5356661434216623,1.4625893257765257,1.1065670679356612,1.2593090469812989,1.0842279050023318,1.7465667966379474,1.4785703495986078,0.8469837210940319,1.6390397285367833,1.067049049675473,1.476455691913803,0.9474005612982705,1.1298858479858818,1.279364365272431,1.0999930317060973,1.0655961724162673,1.209690874393007,0.9515475291288761,0.9542134308641459,0.801665467907262,1.3540930630184373,1.0590030708892348,0.9000062465188443,1.1129884503496417,1.2593101690866177,1.267903070326085,1.041599380439552,1.0287100299772967,1.2148394588059748,1.0642266894112886,1.052089088682561,1.3918252111017142,1.4993313319635626,1.7563444458132724,1.9747298148796193,1.2465727752481581,1.1661013223171386,1.20101632846199,1.085223218302514,0.9839575135579419,1.1114301201967074,0.9489294330125736,1.488673171319827,1.0686252612691598,1.3689616732785868,2.172938839705692,0.8806830559860164,1.0674688847435094,1.0249292959963952,1.227472064196967,1.6069333521308433,1.0627736542796677,1.0090972279210617,1.361549048447171,1.266405360073239,1.143681746088366,1.1288842606062506,1.2232224758712578,0.9962016070612867,1.1798561723056737,1.808281813145535,1.8622687441933077,1.240182770266229,1.2295551401860203,0.9375740113622901,1.3140287014896987,1.532533578484472,1.0441448897383667,1.0763800833410464,0.9309331579104206,1.9635877496001266,0.9759826444320034,1.440292772820186,1.5744087149093775,0.9257355783448494,1.028596078263465,1.3637649907067098,1.155593847193696,1.3578083061827049,0.9638265404186586,0.8929650529785645,1.2081147921010857,1.0368899241628502,0.989582388816254,1.2602842919973993,1.4854294478306405,1.3054341462751864,0.9656378877106505,1.1887649973146834,2.132781857158328,1.2533790527775188,1.0838923564548812,1.1797355982182702,1.2168341057237426,2.2567009359590275,1.5087741705956446,1.011857897253344,1.1309044246229476,1.2462562620337945,1.6294109733400086,1.4064797016275532,1.349309630291675,1.200479665420504,1.0757586726133177,0.6144031934444216,1.1705304757446529,1.1253104318287521,1.0973057098557648,1.2244468045429715,0.9718314694448147,1.1322953273959535,1.5373717865512078,1.4370550688699346,1.3343902936920051,0.9522920951477462,1.8779324179677008,1.32473930735528,1.4081093525806527,4.54990322106174,1.8216253718257787,1.1926128968664456,1.5927743335990168,2.10561096344147,0.9830456523891746,0.962371282053452,1.3053850912386542,1.2836658884456753,1.176527574688377,0.9880018386855605,1.148648039117242,0.9393175746708571,1.1713280355963271,1.3008457029195155,1.0212449447471585,1.0119427724927128,1.2829765926732497,0.8305951595567735,1.1688601959080978,1.2438253241053938,1.039365397401982,1.0763205031062177,1.0366187770197195,1.0513551053338828,1.0345294597387515,1.258477118216165,1.375154508305429,1.116967141973524,1.44484409715797,1.9655681039022086,1.4006708174299447,1.1763080567178936,0.9278829897877203,1.466352896685835,1.1882350642022046,1.061365709719586,1.0798644705805869,1.302710380028731,1.1555378279550532,1.4963720039189792,1.4618539263124362,1.1547649144991423,1.6734852532834,1.3305116588937538,1.0028234667176692,1.2327013349014648,2.309447918264569,1.9269949326647133,1.157492477736434,0.9926831878685407,0.9860990653996686,1.0764731343784166,1.0634227869269632,1.0553287216272296,0.9284014660971451,0.9024265893724696,1.1303602269566178,1.3649874349878144,1.02304809736109,0.9527086449929627,0.9710153160972959,1.0627541679379666,1.2862906562006575,1.740272269306973,1.1459120151630136,1.3870344896919709,0.9323577975166448,1.1219737171462432,1.522257486506427,0.9671333381143892,1.3290334498386014,1.2729068256014515,1.0712078158788731,1.8392062764540817,1.0528443516656112,1.548400850837783,1.3797028677983811,1.3111441135190025,1.4069046731088877,0.8692327550648487,1.1968088690759036,0.9482542326607721,1.1920973064248332,1.233620462128136,1.313098279768961,0.9906598634234387,1.1612810619015506,1.6335847153631877,1.1035030887203,0.9563028982616064,1.0960085118821397,0.9704940983670821,1.353105070347838,1.1485730954993325,1.4405926824600883,1.5476496251510787,2.438095558976072,1.363251532567855,1.0205677213975726,0.9092485047892161,1.0371653542999424,1.3028523518048227,1.389441943460755,1.0473956108301183,0.9240006339463738,1.183473168474166,1.043702185694472,1.2076204286841699,1.0107675345988811,1.1256998962344653,0.7965269883912178,1.135099014549288,1.362196710311983,1.370450728139956,1.0952260097607023,1.2468514338821666,1.2166250158664034,1.1522155517649615,1.1379886549449414,1.2170141542153061,1.0345598167559908,0.9732499474868338,1.0042701086296257,1.2534625969218833,1.3070866576873317,1.0653733677320139,1.4097675554814681,1.3227203971227484,1.2535949117865344,1.0255413045071364,0.8906273244123203,1.443654427003592,1.2778871775692486,1.1355261609996603,1.1761549905172601,1.1583551592234422,0.8201546939670425,1.2763577270299509,1.3097744141156653,1.1539050710839702,1.0771376399859007,0.9487950321162957,1.1618542733189916,1.1644271472404217,1.1558651684655243,0.957920490564641,1.2206204286279485,1.0931197558701304,1.2112405477447956,1.274436243392362,1.1346544206711369,1.0782304613627183,1.2141886781409352,1.240973171162015,1.5659290270814894,1.157243674346652,3.0686835180394647,0.760658532160706,1.020739127169319,2.4075302348572736,1.3217899197385976,2.35912270818429,1.2450921073370262,1.1052668240974173,1.4162446554191659,1.020128167317513,1.261850347584827,1.5458448902090578,1.921861957778053,1.337992887471078,1.4355154319967285,1.2795063693169997,1.6844410631867905,1.1162053049812486,0.9441169587021057,1.322317242924023,0.7725038388379992,1.2831495969700648,0.9583943485148696,1.0354879268088784,1.8447258958437658,1.2033173035118954,2.7214430356134236,1.0232935784299966,1.4884910898869408,0.9263165232154642,1.0558368106193314,1.0047325205229614,1.3080246174800432,1.5768832813909532,1.0999932462771214,1.1318870861390187,1.1390546873034988,1.0226533197959533,1.2692774881950613,2.7135711489395105,1.6271731908649405,2.0203937201911053,2.084102823398731,0.7649606265591559,1.8931818996502758,1.6378305303664007,1.4592967693279324,1.2547669541392232,1.4756630757060754,1.4744882038825258,1.4999466650843192,1.3178189183611986,2.1268456516192424,1.320154462450215,1.8134897933185625,1.443011518467587,1.5077240167993904,1.9254345506900261,2.779422537513276,1.3730394094269394,1.5271214714335577,2.4663855734493456,1.7644281268199933,1.1723516030779435,1.20720030513014
1.0,1.0,1.0,1.0,1.0,1.0,1.0,1.0,1.0,1.0,1.0,1.0,1.0,1.0,1.0,1.0,1.0,1.0,1.0,1.0,1.0,1.0,1.0,1.0,1.0,1.0,1.0,1.0,1.0,1.0,1.0,1.0,1.0,1.0,1.0,1.0,1.0,1.0,1.0,1.0,1.0,1.0,1.0,1.0,1.0,1.0,1.0,1.0,1.0,1.0,1.0,1.0,1.0,1.0,1.0,1.0,1.0,1.0,1.0,1.0,1.0,1.0,1.0,1.0,1.0,1.0,1.0,1.0,1.0,1.0,1.0,1.0,1.0,1.0,1.0,1.0,1.0,1.0,1.0,1.0,1.0,1.0,1.0,1.0,1.0,1.0,1.0,1.0,1.0,1.0,1.0,1.0,1.0,1.0,1.0,1.0,1.0,1.0,1.0,1.0,1.0,1.0,1.0,1.0,1.0,1.128102459529574,1.3820488457671187,1.2367785392300485,1.0985085252889983,0.9330730817626846,1.2662417700435917,1.0685687544336693,1.4917525532309117,1.426788181624594,1.0747158407403656,1.2234427541193593,1.0534851500074063,1.6969256371972437,1.4388004071857572,0.8232657925865785,1.5917352694925793,1.0357608608577882,1.4355047401683265,0.920840402305555,1.0974703079821655,1.242469505512897,1.0691970571330232,1.0351946614771488,1.1763184253020431,0.9246658945220967,0.9277169876859402,0.7781563275654053,1.3174908455499295,1.028533772959515,0.8743601521028597,1.0829470384735955,1.223096754205148,1.2302461012742358,1.0129089250788728,0.9997291164588804,1.1809866394737927,1.0323408545867672,1.0220976953633891,1.3513282299825349,1.4573103551446276,1.7057744379379605,1.9142065741852026,1.212351013940159,1.1318832073162928,1.1647143438580603,1.0556080736256972,0.9544917545341054,1.0802590001801926,0.921208555101175,1.4469102878931657,1.0371622737096926,1.3275386176347923,2.1126112412430347,0.855768055544539,1.0377996504231184,0.9955823277993856,1.1917607886020578,1.5609432651705404,1.0323952698553351,0.9822102943175026,1.3206032364170686,1.2312436723243363,1.1105619855665245,1.096290425359245,1.1895101351717532,0.9676519194606213,1.1461844957713572,1.7560719488989778,1.8083931408423537,1.2047702012153922,1.191853224794026,0.9106757955840141,1.2770398252496493,1.4865298530616597,1.0145597258599361,1.0470331584243318,0.9039203013973878,1.9106748618128933,0.949273277784266,1.400105874228549,1.52981577398555,0.9006256533113655,1.0000813651988283,1.3284101968443702,1.1232025580808616,1.3188371399250145,0.9355309207089795,0.8681073627878987,1.1739195108240728,1.007071635226894,0.96337873078044,1.2252390298751714,1.4464761014172716,1.2668627337527427,0.937084113786899,1.1548462826956023,2.0724246424751507,1.2183151583817184,1.050737140892198,1.1458438356284912,1.1828387369262927,2.194827824530279,1.457695946104928,0.9810006644899747,1.0982233552790297,1.2120437681577916,1.5841326580899904,1.36959636569305,1.3122673999789023,1.167286777758289,1.0454570249174098,0.5968599476884228,1.1388031249969002,1.0925935960069875,1.0657484045321137,1.1889786918315415,0.9429114945632234,1.0992347087739471,1.4937116961400596,1.3991558716838481,1.2967922486519785,0.9249857785955247,1.824390208555308,1.2890801790999993,1.369229860391951,4.34963012015955,1.7756451091661491,1.1581909989996841,1.54271608423326,2.044973359225453,0.9549690686665531,0.9359771418885743,1.2698360216713396,1.2478432445280117,1.1428910803981993,0.9601280610692889,1.1165408982011122,0.912890447362186,1.136960604090227,1.2638948615313508,0.991172415899844,0.9828766821233663,1.245211446687153,0.805496661015074,1.1344621942968713,1.2084777560922961,1.009524013735951,1.0443252945086743,1.0073548479040364,1.020995197115599,1.0067376465664093,1.2234131445086462,1.3367811570356292,1.0848786476495622,1.4054094513315467,1.9093145566985243,1.3605861842718707,1.143683369202281,0.9008676612525818,1.4239928296076687,1.1544535368113915,1.0296112545590201,1.0488860905918518,1.2683859507954662,1.12282626537043,1.4544274094043081,1.4194473071219649,1.123730307291675,1.626832139286032,1.2903718808274025,0.9747211003291013,1.1973906905599125,2.236758065810627,1.8720829942291122,1.1258033493709094,0.9650639499551656,0.9571800709475566,1.0465821205888215,1.031966999849864,1.0252702332112023,0.9013943665716996,0.8770316013438553,1.0992624381650025,1.3256194601163205,0.9945602680283707,0.9245707474282391,0.9431419835358233,1.0329674264941167,1.2512772843651474,1.693765510841583,1.1143333132652622,1.3479745270200512,0.9062464178041649,1.0914287520667991,1.471903471208516,0.9391764022876739,1.2915867988885563,1.2379130763574242,1.0400945684722638,1.7923618188536894,1.0235219457194855,1.5077025522090914,1.3411672252225246,1.2741465127021314,1.3634702232071572,0.8438628849044613,1.1631731238644893,0.921449746989584,1.1563603070445092,1.1984352156402842,1.2754424387365701,0.9627157302199366,1.129468060120212,1.587392656113519,1.0727500762661735,0.927163010954799,1.0611555147768092,0.9430857494246063,1.315105714445147,1.1157599172966424,1.3993781783870716,1.504965500267549,2.367279103458026,1.323497197976739,0.9914027471591679,0.8819207104020339,1.0077756811664098,1.2676144144266424,1.3503219010334417,1.0175477506896757,0.8972444687181665,1.1514961098144276,1.0122105443923084,1.1729944936331407,0.9831098661243098,1.0920292615852172,0.7736117370790446,1.1073350000583204,1.322117251317223,1.3340413412517973,1.0634188974057794,1.2114335514230021,1.1816697045341975,1.1196085508374631,1.106129327659356,1.183287947958415,1.0054908040474442,0.9463821867410984,0.9786376792075395,1.2218391934893984,1.2668174511872712,1.0342902497063045,1.3695899919925978,1.288137713504506,1.218073908586406,0.9950710330636385,0.8639692683034336,1.4029210418549964,1.2381491166431107,1.1024276618542994,1.1396197073547054,1.1241211913135807,0.7965972765684486,1.240197391747458,1.263158680898496,1.1182973941010304,1.044215528972031,0.921332104490054,1.127664833932407,1.1295051780231526,1.1228810854723381,0.9308809347785214,1.184759471502618,1.0591515945326515,1.1738318499742113,1.2335663296351624,1.0983598524416964,1.0438058892923516,1.1786761834621187,1.2029939119321305,1.524573408191049,1.1231156665227915,2.9867782271390024,0.7382861047289784,0.9893852560320469,2.3349219359391555,1.285906097448071,2.2963096123780007,1.2089509199627138,1.072119287225015,1.3749751241836679,0.9912624196806146,1.2249480442881828,1.4977812340464833,1.854985133666439,1.2974481067278176,1.3961257530892894,1.2422190470845615,1.6257225845608123,1.0841233297588078,0.9157656896883588,1.2843702324293345,0.748287399472202,1.2404026291906496,0.9274257293848907,1.0038474681777072,1.7871616194626594,1.167311792277186,2.6362814917220208,0.9948420263652179,1.446518080274176,0.9001862468014583,1.0252997200305973,0.9766222783810816,1.2710309251653322,1.5314568857493778,1.068050126416818,1.0994994739266386,1.1070783854423643,0.9902524678672762,1.2336449062435388,2.6335577016627614,1.580423287885528,1.9726598944004667,2.0300150512786055,0.7420446749004226,1.8320379395054276,1.5906653196902951,1.41749914035463,1.2215315279514376,1.4341915367498737,1.4337696251738659,1.457785175951025,1.2832392880182604,2.062600100692836,1.279168873626975,1.7608112217517056,1.4038166184459075,1.4643480659170438,1.8699730459863295,2.6753079611549464,1.3287295327706143,1.4836119784022181,2.3971803417244884,1.7142826930017936,1.136066227625868,1.172641078382022
1.0,1.0,1.0,1.0,1.0,1.0,1.0,1.0,1.0,1.0,1.0,1.0,1.0,1.0,1.0,1.0,1.0,1.0,1.0,1.0,1.0,1.0,1.0,1.0,1.0,1.0,1.0,1.0,1.0,1.0,1.0,1.0,1.0,1.0,1.0,1.0,1.0,1.0,1.0,1.0,1.0,1.0,1.0,1.0,1.0,1.0,1.0,1.0,1.0,1.0,1.0,1.0,1.0,1.0,1.0,1.0,1.0,1.0,1.0,1.0,1.0,1.0,1.0,1.0,1.0,1.0,1.0,1.0,1.0,1.0,1.0,1.0,1.0,1.0,1.0,1.0,1.0,1.0,1.0,1.0,1.0,1.0,1.0,1.0,1.0,1.0,1.0,1.0,1.0,1.0,1.0,1.0,1.0,1.0,1.0,1.0,1.0,1.0,1.0,1.0,1.0,1.0,1.0,1.0,1.0,1.0,1.2248627702607835,1.0958335736109102,0.9740058131379832,0.8276125691648282,1.1225763874378811,0.9466553939703536,1.3221710595243124,1.263250539306744,0.9525347216607274,1.0847049952572982,0.9332625994343339,1.5048009773842423,1.2752107673852497,0.7290103272503496,1.4104317279351717,0.9177381485452082,1.2708043075444329,0.8157936161415162,0.9718851825107677,1.1014558674985038,0.9472649898146965,0.9169497498205043,1.042186409847515,0.8190917870417866,0.8217426983199059,0.6890264165013481,1.1674844795292683,0.9114218349849965,0.7743070215255413,0.9592679994044928,1.0839878161953336,1.0900184316702854,0.8973540731467998,0.8853504381979875,1.0468924267822293,0.9140342751503014,0.905471450595632,1.197077075042197,1.2920157614862398,1.5109334903895733,1.6974010700133517,1.0745389364281832,1.0030404322020248,1.0323622489567414,0.9365449497822391,0.8457061665981102,0.9566874186515141,0.8159022989957074,1.2827730423025947,0.9186405285369992,1.1761248393132266,1.871389162115189,0.7582534715795717,0.9198690582786478,0.8822316702216111,1.0561724585677301,1.3835513525167435,0.9145166122956556,0.8713284769767338,1.1705406285176863,1.0904892264170662,0.9841235573863338,0.9713326347806724,1.0540770748365977,0.8571489986200433,1.0157713442567282,1.5566084744486492,1.603638804942725,1.0670217062505352,1.0563597219584642,0.8066586827360036,1.1316070862701535,1.3167581861891295,0.8990582360231414,0.9280884560476976,0.8007944481457692,1.6947835675742806,0.8413009861055578,1.2400402536513828,1.356177046155682,0.7976414767477711,0.886693630439363,1.1778691230830556,0.9942665663032093,1.1682814569887094,0.8292263410241884,0.7690431349191036,1.040967041423253,0.8927059268141346,0.8542990508849899,1.085705922984702,1.2810888133098537,1.1223991697836804,0.8299624117432921,1.0229283983644524,1.8379817927421365,1.0795999926945412,0.9306512631841124,1.015399311578071,1.0482568194234632,1.9438148351149775,1.2912189289165286,0.8690811526382656,0.9726724390500795,1.0743358685126982,1.402563686463103,1.214577843582425,1.1630307146517647,1.034111308971284,0.9268332435715109,0.5289444282491023,1.009222802730147,0.9675986903101643,0.9443440619023722,1.0538058597285227,0.8351218010720721,0.9737741464105991,1.323684294853399,1.2396455197468756,1.1490046142821888,0.8198651182479291,1.6157637009222499,1.1427179486067593,1.2139365010758845,3.842174203205623,1.5690234666328082,1.0251928178402099,1.3627346723040945,1.8137812557899573,0.8459408396942563,0.8289483677808387,1.1244385693565568,1.105712575124568,1.0123649269305863,0.8507870618224271,0.9887857858256969,0.8087909024461462,1.0077296259711104,1.119569650043669,0.877767663490158,0.8701263164462653,1.1037728736339287,0.7130646791124171,1.0049326732804358,1.0714275050603295,0.8936551327469748,0.9244977026478811,0.8918382814993848,0.9042196650370188,0.8919229618030713,1.0842170423097006,1.1843901285227587,0.9604688540613011,1.2450213165480624,1.6926877185508125,1.2057582256913504,1.0134243185829146,0.79784726176958,1.261707496380624,1.023150924202921,0.9118243061111879,0.9289552494839046,1.1247619741649508,0.994326694862306,1.2889619017917604,1.258158266830026,0.9966059324717869,1.4416427039709399,1.1419828402499435,0.8635247286900072,1.0609281651953493,1.9834348107848938,1.6600171322866841,0.9975645082721739,0.8549888951062115,0.8480388170796497,0.9268761099561882,0.9134919044448215,0.9080739123985809,0.798297951315822,0.7769969274032015,0.9746553890874815,1.1751320400945762,0.8810730915698468,0.8189054013012963,0.8353698602037161,0.9146207275508798,1.1089602828569227,1.5011826668275294,0.9874193038699812,1.194228087329832,0.8029133949450835,0.9668968489486258,1.3043437447609263,0.8307227091269309,1.1446043268490702,1.0968794631291643,0.9209496687284591,1.5887565547053164,0.9064489022848393,1.3355924666799035,1.188525205957419,1.1291729619157884,1.2096433629948096,0.7474651234194282,1.03060423437078,0.81608442471775,1.0234874269478345,1.062287240002701,1.1303488410767013,0.8527413554316365,1.0014930041056498,1.4067930018905592,0.9499065045505011,0.8207605504621612,0.9395965158646624,0.8353168184641304,1.1653147559172459,0.9890302996569738,1.2401934466819853,1.3334510132325965,2.0967248908924727,1.1712383069027998,0.8779679160860088,0.7811137654426922,0.8925289914083424,1.123646698067546,1.1970718436169996,0.901500358039983,0.7946559597877364,1.0201723891779437,0.896553617442926,1.0397848572875343,0.8711637180560226,0.9677276085501946,0.6849306107121989,0.9813642363688486,1.1704960957462769,1.1814239644053242,0.9414041216396674,1.073118141533588,1.0473365109734347,0.9912483386934782,0.9801595694242289,1.0484265326483524,0.8907233749904173,0.8378914143349715,0.8667368295411424,1.0820575917698378,1.119988496704741,0.9164430070209011,1.2135882112503902,1.1424897743556603,1.079469461100328,0.8808868908803708,0.7656077298209194,1.2422293498500232,1.0965969537028966,0.9770552179274208,1.0091403420935579,0.9950024623098167,0.705181653428228,1.0986779615105102,1.1183614766966363,0.9904993757837759,0.9239385465812445,0.8150167890442357,0.998876054609315,1.0002711712292731,0.9944817339412607,0.824715702651402,1.0485238445620566,0.9379332895595007,1.039507099296488,1.090597470395538,0.9721395144334717,0.92304885042505,1.0433380060627448,1.0658977351036176,1.3502745486654182,0.9938621391950615,2.6458765857481463,0.6538611547599346,0.8755669791159717,2.0724403274679792,1.1394518156738167,2.036332337675332,1.0715329705273515,0.9494622628398515,1.2179602641558227,0.8779955436019402,1.0856202513372444,1.3277689722013004,1.6437533181846504,1.1505720849624403,1.23552095650359,1.0990416600513804,1.4403734652097744,0.9609076425121053,0.8116706498242101,1.1355577387351237,0.6623300487292518,1.0985024146733233,0.8210537019878708,0.8894348588294592,1.5831067760065403,1.0335574773848406,2.3351605032987663,0.8813969820452838,1.2808643080251496,0.7971689321477105,0.9067406011490875,0.8650272826492296,1.1262700484029118,1.3572429629065543,0.9469264719620976,0.9743991082939261,0.9810289453406129,0.8772314154538406,1.0937382244548937,2.3321659070301277,1.4005388651731954,1.7504383990640724,1.7948455217459074,0.6569926172941567,1.624481149262753,1.4096197760278006,1.2562663989601741,1.0823400854329863,1.2708142565508833,1.2694010915761718,1.291536904674579,1.1363292450954092,1.8268978981755624,1.1325506002793875,1.5607617811259074,1.2444880654522263,1.2976090597725092,1.6561069803862836,2.3649246771224823,1.1768150763935468,1.3144642529492803,2.1271313856436542,1.5202088452730431,1.0067359015590822,1.038395319427519
1.0,1.0,1.0,1.0,1.0,1.0,1.0,1.0,1.0,1.0,1.0,1.0,1.0,1.0,1.0,1.0,1.0,1.0,1.0,1.0,1.0,1.0,1.0,1.0,1.0,1.0,1.0,1.0,1.0,1.0,1.0,1.0,1.0,1.0,1.0,1.0,1.0,1.0,1.0,1.0,1.0,1.0,1.0,1.0,1.0,1.0,1.0,1.0,1.0,1.0,1.0,1.0,1.0,1.0,1.0,1.0,1.0,1.0,1.0,1.0,1.0,1.0,1.0,1.0,1.0,1.0,1.0,1.0,1.0,1.0,1.0,1.0,1.0,1.0,1.0,1.0,1.0,1.0,1.0,1.0,1.0,1.0,1.0,1.0,1.0,1.0,1.0,1.0,1.0,1.0,1.0,1.0,1.0,1.0,1.0,1.0,1.0,1.0,1.0,1.0,1.0,1.0,1.0,1.0,1.0,1.0,1.0,0.8937425877384348,0.7936620717602454,0.6747376813671524,0.9156473471766512,0.772512434241668,1.07896980792518,1.0287615857408765,0.7771847775901343,0.8843408772378476,0.7616361886581118,1.2272569460759648,1.0396813940304557,0.5947792318224645,1.1502947708002769,0.7492805710962838,1.0367277947788949,0.6653980508432744,0.7930588554702139,0.8988949327932386,0.7727451905598468,0.7484342876408098,0.8501402607972253,0.6685085024899364,0.6702533637846639,0.5625579088082953,0.9517790202358073,0.7434421663435271,0.6317971891135405,0.7818885524848977,0.8847765501017051,0.8900367301948465,0.731882388609731,0.7223052355624934,0.8534988254519742,0.7465618545116357,0.7389317416035757,0.9771128953381993,1.0534386794001995,1.2325791036575868,1.385772250779777,0.8760645550723161,0.8184543415920176,0.8428941166597914,0.7630281089102473,0.6906451793044075,0.7806098326482891,0.6660346636115031,1.0456407801819667,0.7501107298696936,0.960802426082628,1.5271419183525032,0.6183886633924067,0.7501033928170248,0.7199058892222425,0.861896130165691,1.1289188014354328,0.7463222573916518,0.709445470048666,0.9549967680605851,0.8893826847217587,0.8028680023648302,0.7927537326995144,0.8592844773690234,0.6996179123746954,0.8288042497689415,1.2703600827517385,1.3079710083008618,0.8704028082725623,0.8628099749883145,0.6584278975228779,0.9234574350927094,1.0755930786983134,0.7332801990806179,0.7564766992435334,0.653668156568405,1.3809572777692827,0.6860549036679029,1.0115885118975083,1.1059108649665657,0.6501888918384005,0.722687550145205,0.958559904795788,0.8114964717652137,0.9529716353231372,0.6766863696304755,0.6271783216731482,0.8485598180754854,0.7281036296996009,0.695865976079846,0.8847573562843342,1.0439661047205688,0.9169395227184796,0.6776330015786229,0.8347782315340864,1.4976287715569692,0.8805318940115292,0.760492305100571,0.8288460875188165,0.8549919494917536,1.5852400275486083,1.0570613308096994,0.7099199055282683,0.7939838392734384,0.8754726943755569,1.1442488521048761,0.9888661835348668,0.9482705905636434,0.8434859183276011,0.7555542157282749,0.4315732172042448,0.8222832376848053,0.7898934653251697,0.7703413658682101,0.8601605732594719,0.6822482625490935,0.7948597588318014,1.0794429035488395,1.0099915722558894,0.9375127152289672,0.6686158259624713,1.318637560107371,0.9309109288900732,0.9895305172431142,3.1718049365602576,1.2795908823461057,0.8368430732081629,1.1161789802143436,1.4785282045020138,0.6905073926047137,0.6760444984481184,0.9166131277707292,0.9019653052190888,0.8258917166420283,0.6938615217766149,0.8062572714264229,0.6598464850359353,0.8225423795367255,0.9135078690155505,0.7168644469799224,0.7102491111244631,0.900475093129028,0.5826067285384569,0.8201382710959711,0.8736182772049255,0.7293948013647114,0.7551227427145774,0.7277850626269156,0.7380875240046201,0.726929452135453,0.8843147930773196,0.9655589894336651,0.7840350085436627,1.0147767356570474,1.3800657004644745,0.9835922364549818,0.8265772096491203,0.6513553556450256,1.029352657998634,0.8348227425571206,0.7457234749267444,0.7582256692674066,0.9151818978006847,0.8112910566604333,1.0517076712924625,1.026410385941824,0.8118490834175924,1.1754750060941772,0.9333457364098424,0.7045203102649554,0.8654548582402278,1.6193449229172898,1.3540561724682858,0.8133574195298281,0.6971748608746412,0.6921088961350843,0.7557673958674023,0.7461350153681789,0.7410697113417671,0.6516836507610702,0.633991405709922,0.7945685878222974,0.958525002870618,0.7185867522655074,0.6685764449195913,0.68196316647242,0.7463362161316506,0.904066323940167,1.2233156356377204,0.8044179723198468,0.974031133430979,0.6547894155723074,0.7885754158653998,1.0670681236074608,0.6784869778185882,0.9331574934382988,0.8945753883634139,0.7517146655737373,1.2933327068735079,0.7392508996611278,1.0877139628660086,0.9694196422703297,0.9211044782307964,0.9875306258850547,0.6102102853194462,0.8408297771436766,0.6660716385628536,0.8364829580334319,0.8665592107780791,0.9224551867392433,0.6956918831907831,0.815493740833888,1.147178831509173,0.7753361551208681,0.6710846331766485,0.7685248751676584,0.6812958195992478,0.9503347573626464,0.8067987646157786,1.0122432904954253,1.0868788115608932,1.7122163453203814,0.956442978971805,0.7165261887892119,0.6382138849456289,0.7283810631566204,0.9158848275907464,0.9759285925007843,0.7356220948058403,0.6486542022577924,0.8316382793499381,0.7323680632204647,0.8480071596578402,0.7104167080416309,0.7899708184112118,0.558786086204264,0.7980992823911408,0.9559165941772467,0.9628162289809912,0.7689484441342123,0.8755166340795657,0.8546727616097941,0.8090496236598926,0.7995181681736645,0.8551598606145118,0.7266587631122634,0.6837269511830529,0.7064604391095022,0.881143716334847,0.9157730178391483,0.7481347423048677,0.9900006087134228,0.930589108510103,0.8807604013690007,0.7196747250994268,0.6252340711830392,1.0134082145043233,0.8959980798764745,0.7975001402003375,0.824790719838979,0.8126302835865361,0.5755123023924282,0.8962062514910661,0.9150953838521878,0.8095366874696659,0.7552625428228277,0.6654097051935082,0.8154891189359836,0.8169898060456161,0.8115439419091461,0.6725369019173819,0.856876125016885,0.7668557241105882,0.8492381279602281,0.8928287432595663,0.795657730893925,0.7554954132989592,0.8520085835984608,0.8708074350025239,1.1004087511661789,0.8121819211109811,2.1522102057643377,0.5339041393925635,0.7155057856537352,1.6919445311404684,0.9283648595896752,1.6590598992166183,0.8748140272210614,0.7758336940171018,0.9939808045721312,0.7164237537737582,0.886367676087927,1.0841467053448979,1.346942786358271,0.939509883964961,1.008649034802813,0.8978215776765028,1.1800439525134252,0.7841038415952881,0.662662574179093,0.9271886177742851,0.5414610851241808,0.8991924653488708,0.6717366219656222,0.7264714325287885,1.2932557183016102,0.8438333687362477,1.9074482560496326,0.7190063951573584,1.0446041430153965,0.6504124822835302,0.7401456202187178,0.7057495003604748,0.9186836855148923,1.107285245993114,0.7727403152252577,0.7948743482577125,0.8005036105875984,0.7172203213236634,0.8917912501283585,1.9056578170166356,1.143232442688543,1.423601618907015,1.461781178625607,0.5366782317893576,1.3267633218334955,1.1494117239627883,1.0249642094489215,0.8818002849962392,1.0364353970719078,1.0358428391806247,1.0537244878296854,0.9261094839550794,1.4919363583424947,0.9258999541542776,1.271036043742883,1.0143754662584428,1.058856978469632,1.352247609261206,1.943589209751865,0.9628899517880528,1.0726041223048566,1.7344262726500135,1.239813805001135,0.8223492620181574,0.8475728815496204
1.0,1.0,1.0,1.0,1.0,1.0,1.0,1.0,1.0,1.0,1.0,1.0,1.0,1.0,1.0,1.0,1.0,1.0,1.0,1.0,1.0,1.0,1.0,1.0,1.0,1.0,1.0,1.0,1.0,1.0,1.0,1.0,1.0,1.0,1.0,1.0,1.0,1.0,1.0,1.0,1.0,1.0,1.0,1.0,1.0,1.0,1.0,1.0,1.0,1.0,1.0,1.0,1.0,1.0,1.0,1.0,1.0,1.0,1.0,1.0,1.0,1.0,1.0,1.0,1.0,1.0,1.0,1.0,1.0,1.0,1.0,1.0,1.0,1.0,1.0,1.0,1.0,1.0,1.0,1.0,1.0,1.0,1.0,1.0,1.0,1.0,1.0,1.0,1.0,1.0,1.0,1.0,1.0,1.0,1.0,1.0,1.0,1.0,1.0,1.0,1.0,1.0,1.0,1.0,1.0,1.0,1.0,1.0,0.8886021038664718,0.7548977686944511,1.0234180013436003,0.8637866454550269,1.2063087533141355,1.1543997375976507,0.8687125261819517,0.9891058743337675,0.8515635918310083,1.3720427312912309,1.1637519398639786,0.6651759693522524,1.2857634840184575,0.8371189949454545,1.1593481447113416,0.7442898019167261,0.8862637420881798,1.0046147532048912,0.8642214734554092,0.8364924893235606,0.9510858444092933,0.7471906251079802,0.7496631175694276,0.628370266835212,1.0658020298207198,0.8312165893542036,0.7064676193862777,0.8752864688378171,0.9889511432417462,0.9937636234715326,0.818824260717036,0.8074749830673945,0.9551622254280865,0.8333517223648174,0.8258462697933935,1.0917638732115313,1.1781623090625606,1.3778743816120593,1.5469513487472195,0.9804143207565863,0.9144727731039132,0.9407871456267979,0.8544596599057498,0.7710246609026837,0.8728668776996646,0.744088734777236,1.1698593826389456,0.8378671973054868,1.072359205628556,1.7087269576667379,0.6915660572768186,0.8391644619089742,0.8046521785447657,0.963315205749585,1.2620020988470049,0.8341657233068819,0.7948965481726462,1.0667833534318008,0.9949611975975683,0.8974353378377435,0.8860752589993439,0.9617635901440352,0.7819524725752336,0.9267674120850414,1.42011364594661,1.4627653685225028,0.9734850508007118,0.9630223867966935,0.7358735718836342,1.0328549097785393,1.200635458096082,0.819998630873818,0.846905298348381,0.7303427565796463,1.545674015396893,0.767769575463993,1.131609226691211,1.2369484945809204,0.72802053768506,0.8089083585478587,1.0750551492339984,0.9072123600068193,1.0654667308496766,0.7561401187636716,0.7014560785717989,0.9491732353283295,0.8139678418219798,0.7796184476536205,0.9904009083716454,1.1691865296792898,1.024155049205166,0.7567500092476483,0.9332469348076159,1.6749825664176197,0.9849964259571062,0.8483246769799014,0.9263232290521749,0.9565434799079529,1.7741576256385776,1.1768230203016774,0.7920953936094366,0.8872901107106921,0.9798844043048915,1.2803330535259627,1.1082571018274558,1.0614928499516183,0.9437103111833359,0.8454043536668836,0.48246430758354586,0.9211122205081759,0.882507491941231,0.8613069482986205,0.9613424511440037,0.7618083831885287,0.8877677643701136,1.2072895199844575,1.131459260908894,1.0483717022481418,0.7474914455002803,1.4744644534036215,1.042597001977632,1.1077096793830417,3.494250901997945,1.4337338216924547,0.935132709895135,1.2430311756262418,1.6537717651195458,0.7717132610476183,0.7563186714357957,1.0260046931761844,1.008667578547528,0.9233926464787985,0.7761169459214847,0.9018111431375038,0.7378676413188892,0.9186764839849276,1.0214776232724583,0.8001085813173554,0.7937361629601086,1.0064063933742098,0.6500197930661432,0.9164903493883438,0.977004382490304,0.8149954914894217,0.8429781615142908,0.8134692406105726,0.8245503349791452,0.8143263943114711,0.9893014283674895,1.0804928647767005,0.8759749370704528,1.1358146975968448,1.5435796768486951,1.0996337411887747,0.9247258051753191,0.7276948853037457,1.1503505293607903,0.933528800001797,0.8317149790132102,0.8473479285920488,1.0257232998369106,0.9072658828811246,1.1763685020579842,1.1471847958488637,0.9091673461741743,1.3150028426615887,1.0412224105490282,0.7878484008814053,0.967811294840282,1.8074048181353612,1.5143593412981977,0.9103156519332332,0.7800525364216766,0.7732105638688662,0.8455621875792976,0.8327913390265649,0.8283751462344133,0.7280783443165157,0.7086825735562929,0.8892810749856829,1.0716403908577918,0.8040202045777474,0.7468579421400797,0.7618794512460655,0.8346106116530085,1.0119610867080366,1.3704327443520805,0.9002794583695013,1.0899869439630112,0.7321405151503231,0.8823207609024339,1.1880169471467916,0.75778076716395,1.043798707220203,1.0009011225782247,0.8397112862183339,1.4508968303124201,0.8268863333496907,1.2182884578016946,1.084520980664349,1.0300904212170372,1.102140973784294,0.6816092135291218,0.9402267655983683,0.7446056865607881,0.933361105722587,0.9688009291813076,1.0311169026886502,0.7777744645589137,0.9133374531041458,1.2836832081321807,0.866870766216326,0.7482327429865167,0.8560473950484313,0.7619355874838474,1.0629151946535997,0.902166265190327,1.1316289332849363,1.2163244135293625,1.9128336532129344,1.0680906454778754,0.8008535679530128,0.7123732894545275,0.8141866448086104,1.025554623974568,1.0917574318418057,0.8221564683492983,0.7248679988635559,0.9313733495074061,0.8173170042117976,0.9478790110343275,0.794914101101809,0.8822382649881517,0.6244379335294794,0.896498689762798,1.06747391809918,1.0780963903795038,0.859277819617559,0.9787148924108365,0.9547659167794323,0.9042767171544737,0.8943718210745892,0.9564095788057145,0.812675346866113,0.7648646502015772,0.7914696946261526,0.9882138849182536,1.0209440463099684,0.8357637889589035,1.1072443281322888,1.0434069000736748,0.984876830335287,0.8033557687385633,0.698026461684853,1.1334644102030618,0.9994701928762265,0.890880169487636,0.9198108178936455,0.9076143423689061,0.6432056806209316,1.0021825557320319,1.01675210545451,0.9027151987473132,0.8427379907593673,0.7432540194836739,0.9107974514892168,0.9119427184206468,0.9069553233544208,0.752311179203339,0.9572154355672979,0.8547234368775931,0.9471392332520976,0.9941178386802078,0.8859319310691516,0.8412910972200978,0.9517206720865439,0.9716351507453165,1.2324608398929273,0.9067415727030352,2.4144922717677204,0.5963734258921436,0.7984166090583045,1.8890192977900981,1.0394420332509298,1.858581931585049,0.9773780222657855,0.8656873822115274,1.110888642544297,0.8010886973210827,0.9900501689072618,1.2096765238184704,1.497517512716654,1.0489646404566018,1.1283282482123964,1.0030622748384106,1.3111525933708532,0.8764776090627348,0.7398381182086053,1.035736677322498,0.6035038705357023,1.0010612916943897,0.7481086545365621,0.8105001556440468,1.4422188879495341,0.9423243535937739,2.127756013420263,0.8042416903771479,1.1684591246486975,0.7271701356914299,0.8266779473644872,0.7893806307873337,1.0273301120971063,1.2378502671741907,0.8631373986932129,0.8886577458561945,0.8949409644889545,0.7992727441561058,0.9974782999844236,2.129145429180663,1.278064504477594,1.5986611966432753,1.6397439789655177,0.5990373331802306,1.4790254380460661,1.2855240804493409,1.1457644076580524,0.9879955206692894,1.1594568547766857,1.1588234842347196,1.1782985739615706,1.0375104041903884,1.665322064670122,1.0323245361168,1.4211297558308933,1.1360972260573103,1.1836329696861654,1.5107268020392035,2.155404579791072,1.0718966943689896,1.1992041637029358,1.938479870848052,1.3860851784503165,0.917119932239647,0.9472097471367316
1.0,1.0,1.0,1.0,1.0,1.0,1.0,1.0,1.0,1.0,1.0,1.0,1.0,1.0,1.0,1.0,1.0,1.0,1.0,1.0,1.0,1.0,1.0,1.0,1.0,1.0,1.0,1.0,1.0,1.0,1.0,1.0,1.0,1.0,1.0,1.0,1.0,1.0,1.0,1.0,1.0,1.0,1.0,1.0,1.0,1.0,1.0,1.0,1.0,1.0,1.0,1.0,1.0,1.0,1.0,1.0,1.0,1.0,1.0,1.0,1.0,1.0,1.0,1.0,1.0,1.0,1.0,1.0,1.0,1.0,1.0,1.0,1.0,1.0,1.0,1.0,1.0,1.0,1.0,1.0,1.0,1.0,1.0,1.0,1.0,1.0,1.0,1.0,1.0,1.0,1.0,1.0,1.0,1.0,1.0,1.0,1.0,1.0,1.0,1.0,1.0,1.0,1.0,1.0,1.0,1.0,1.0,1.0,1.0,0.8489478768881921,1.150054645666057,0.9699005757337039,1.354775815798833,1.2988380578389271,0.9757277357945275,1.1118851124938531,0.9563179610445198,1.5421906835838586,1.3081341257328338,0.7467317082484822,1.4441280501489246,0.939884796794356,1.3011173335337272,0.8360903628403322,0.9947189318076112,1.128285856786754,0.9705221914648472,0.9389148880369651,1.0684157553611646,0.8387525639003035,0.8415729257239608,0.7048644544333953,1.1978914355347694,0.9335888859821648,0.7927232642959039,0.9836490911834439,1.1106168135542203,1.1147636084940102,0.9197268504929266,0.906338377784672,1.0736649292175124,0.9344360036582897,0.9272088702895909,1.2249615453106975,1.3243978511520758,1.5467018655502143,1.7359615749599349,1.1022176667296693,1.0266217705433625,1.0553976279327029,0.9616731655745486,0.8649051403484498,0.9800216412241631,0.8347967062938982,1.3150497570346193,0.9401388800430349,1.2028517934567051,1.9194062327035317,0.7768436070046227,0.9431008050922326,0.9033096289180632,1.0817303090400836,1.4175618444339513,0.9362419949312168,0.8953169151964612,1.1982701212820979,1.1174058586364854,1.0078651935872844,0.994688627359344,1.0809232203709058,0.877802144141764,1.0410119123224908,1.5950455653194895,1.6449770516060338,1.0926756458594353,1.080703675047948,0.825837988966587,1.1600736108244785,1.3463299135961455,0.9211318994044325,0.9522809694532621,0.8196612465782589,1.7390478662724767,0.8630444481920077,1.270588383525888,1.3898086617046364,0.818357515666729,0.9096898396387132,1.210230592229549,1.0179467045194361,1.1963701727626008,0.8491296386164289,0.7878407942202821,1.0669403602963872,0.9145210671392593,0.8774252574356238,1.1126018645536009,1.3142686968684143,1.1488976400324495,0.8485733433166995,1.0477321677090905,1.8829718299434877,1.1066759366591539,0.9510396861943949,1.0400567682623045,1.0747900619409831,1.9928592374496392,1.3175884568138216,0.8879950443819086,0.9956666233099043,1.1014840539579007,1.4370817478048157,1.2478529287299365,1.1932778433663938,1.0601129531534967,0.9505647912623889,0.5420107115450434,1.0359796151816338,0.989976540917151,0.9673817292021315,1.0797855648916572,0.8543717685923118,0.9964029811444997,1.3564385004251809,1.272406992385891,1.177445685883061,0.8398704196146445,1.6554760707158778,1.173232329693772,1.2456186381005319,3.875132249957959,1.6094012794690182,1.0488669827673363,1.3891226053534815,1.8602193326289769,0.8662053632407958,0.849625369435776,1.1528115820171625,1.1326548524297095,1.0368830727583178,0.8719804394792479,1.0131681252605806,0.8286032564279739,1.0312441469668148,1.1469649090973966,0.8974945768832309,0.8905534121858061,1.130290878191972,0.7284057582801586,1.0285251111070592,1.0981626731082355,0.914128345837861,0.9451078115614442,0.9127524075837862,0.9253627779353606,0.9153297843323858,1.1115433029639274,1.2144983230577484,0.9827177951736639,1.2761813056498146,1.7353166769160593,1.2352648086085498,1.038673594116378,0.8163820670594861,1.2918058436501545,1.0485511216484604,0.9324470526340933,0.9508785668445745,1.155225999011744,1.0188865272646346,1.3216291509861464,1.288555479245769,1.023356865047237,1.4772236240190282,1.1665013222991885,0.8845823059203879,1.0871218329442676,2.0289563081983495,1.7019670271409986,1.023165880007289,0.8762552019744092,0.8678202849128112,0.9496185721911875,0.9335343963170147,0.9297731073258175,0.8169325323748384,0.7958736519409333,0.9999443981758285,1.2042604991792702,0.9030620194931294,0.8377933337872553,0.8551629761520336,0.9366222706550088,1.1374942214881236,1.5406401290760785,1.0117074618491955,1.2246471150914742,0.8222059877185842,0.9915233539746015,1.3301891047937995,0.8491814562653439,1.1729706074578363,1.1243773808936743,0.9419301138310732,1.6334847966905062,0.928290870876877,1.3691522205476974,1.218540956235705,1.157033920076289,1.238018004771314,0.7647387520219096,1.0557754444166885,0.8356680997844037,1.045992850928478,1.0883772001113272,1.1579629485523388,0.8732324787168313,1.0265791733273026,1.4426265565010716,0.9731376624951422,0.8380859386696886,0.9584058726018863,0.8553191235154289,1.1939969887831403,1.0136337106271198,1.2710046610012782,1.3666557173479554,2.1459054561340434,1.197129750547045,0.8987064785471454,0.7988613673564526,0.9138507532712068,1.153140300927189,1.2270739116544283,0.9231227740528087,0.8134792521030796,1.0465846241684411,0.9166108911685016,1.0647488934743565,0.893411335812331,0.990284859242319,0.700380991335393,1.0094255481048273,1.1963311228057918,1.2114243504857045,0.9638947516302493,1.0985656617699027,1.0725313965776917,1.0146701549066575,1.0046647954085293,1.0738943505241432,0.912633175486931,0.8586036831218182,0.8897384653972872,1.1114276637549705,1.1421875406068371,0.9380033119298959,1.2437638186505964,1.1748586954688864,1.1062492582139682,0.9007406574423844,0.7831737374713377,1.2721585189755737,1.1203645048221114,1.000492735377682,1.0303999955966177,1.0175671881458173,0.7215733944594163,1.1249771017012542,1.1367832877053774,1.0118728389325402,0.9439858502418813,0.8330395828280871,1.0218331651888661,1.0225933822668098,1.017947145852816,0.8451881064084228,1.0730524081014914,0.9580071203014539,1.0615891113341478,1.1113135158675593,0.9913584019179025,0.9407325813411729,1.0674395571961925,1.0893880632793138,1.3859277103358387,1.0160986284832916,2.7117573724627695,0.6689415833022514,0.8946940023100086,2.123451682756859,1.1684516586194367,2.091361601302289,1.0973243273437985,0.9708405805871216,1.2470391246026413,0.8993428518191271,1.111367884334678,1.3577736520781911,1.6789430288101053,1.177685195400595,1.2660178893868008,1.1245269582033943,1.4668638522397317,0.9844075016815299,0.8304909139075293,1.1605809586903677,0.6758241004043515,1.1207810121996862,0.8374392466970333,0.9090198232008961,1.6176980851834017,1.0563740099095633,2.3862901317147607,0.9032402549177516,1.31152809636967,0.8160963966480702,0.9261859308178911,0.8862946223416612,1.1540142206663964,1.3901659578184127,0.9696838665643828,0.9980567516416117,1.0058208548445249,0.8959963768992847,1.1208632563290521,2.38817162843372,1.434781218431104,1.804516359500708,1.839843406326285,0.6717224654667662,1.6594099816745702,1.4442197061490218,1.2869024788790742,1.11091670125828,1.3025091895117267,1.3007851353735211,1.3228440572194686,1.1660309366080472,1.8676095716354157,1.1561726956045835,1.5955445054479849,1.2779557090036069,1.3291698641718943,1.695494143237917,2.401640005537187,1.2012353584722526,1.346513166702334,2.180961798466732,1.557995259216142,1.0287751996419185,1.0627905032430554
1.0,1.0,1.0,1.0,1.0,1.0,1.0,1.0,1.0,1.0,1.0,1.0,1.0,1.0,1.0,1.0,1.0,1.0,1.0,1.0,1.0,1.0,1.0,1.0,1.0,1.0,1.0,1.0,1.0,1.0,1.0,1.0,1.0,1.0,1.0,1.0,1.0,1.0,1.0,1.0,1.0,1.0,1.0,1.0,1.0,1.0,1.0,1.0,1.0,1.0,1.0,1.0,1.0,1.0,1.0,1.0,1.0,1.0,1.0,1.0,1.0,1.0,1.0,1.0,1.0,1.0,1.0,1.0,1.0,1.0,1.0,1.0,1.0,1.0,1.0,1.0,1.0,1.0,1.0,1.0,1.0,1.0,1.0,1.0,1.0,1.0,1.0,1.0,1.0,1.0,1.0,1.0,1.0,1.0,1.0,1.0,1.0,1.0,1.0,1.0,1.0,1.0,1.0,1.0,1.0,1.0,1.0,1.0,1.0,1.0,1.3544161131895436,1.142582730326733,1.5961712622451054,1.5277081767539125,1.1494630851749634,1.309329410004884,1.12630425999879,1.8167480670718419,1.5406797334605824,0.8794940858581242,1.7009454336388568,1.107064185759005,1.532680223832217,0.9845463166926498,1.1716925699349907,1.329465042775768,1.143264547078757,1.1061790971952554,1.2584120319455327,0.9883143414989639,0.9915832290997237,0.8304133638819365,1.4104385339806251,1.099541648241272,0.9339472327408633,1.158075643168351,1.3084566857822795,1.3141992778701415,1.0833486471252631,1.0677921380350388,1.2642757866980046,1.1010702450479697,1.0923641594612288,1.4435705958442926,1.559922449310588,1.821803252531621,2.046396521310988,1.2978251624258648,1.2095262832572147,1.2443413710378879,1.1322439846853194,1.0194218337795613,1.1542890081860464,0.9836482038858312,1.5487095034463443,1.1075740402788168,1.4174927118745548,2.2600363951925537,0.9148964468478811,1.110766813577762,1.064515785985565,1.274303207867168,1.6699980771119654,1.1031510283636006,1.0533997777212303,1.4109773405386707,1.315863430128303,1.187104716231962,1.1718947920035205,1.2727643966997988,1.034055916998426,1.2261392292505233,1.8790668577557421,1.9361158395116216,1.2868686171486752,1.273438807872811,0.9730721947948882,1.3664610288363301,1.5869156652891034,1.0849355086678572,1.1211490049217085,0.9658274980933523,2.0483766217107062,1.0163376898436127,1.4964623186937822,1.637093642621623,0.9630158585512301,1.0710064923455989,1.424128494272947,1.1990859903462885,1.4089212029692235,1.0003100661959896,0.9280008750419051,1.2567043994094953,1.0772079552697158,1.0328035923857901,1.3103589299110014,1.5472386733489525,1.3540099314246494,1.000269405019661,1.234062934362567,2.2182063959048937,1.3033082227694555,1.121016923126093,1.225492529086763,1.2657660774265578,2.346492406782727,1.5531349488671906,1.0469349623127207,1.173003963071873,1.2971625314013453,1.6925485703181462,1.4681032104911973,1.4050192630406233,1.2484751398606895,1.1189878117039722,0.6383537723640076,1.2191010788581724,1.1665406951312454,1.1392522157376583,1.2718363667913786,1.0068210528991695,1.1740361403630848,1.5972620799115012,1.4976601566144074,1.386995132071715,0.98918244583303,1.9494299042665364,1.3805452369834745,1.466554358944947,4.582864226770769,1.8932183319187905,1.2355438635486595,1.6374005334895667,2.1897414174894037,1.0206034794769048,1.000518631714875,1.356955594652055,1.3347189673837916,1.2210500784249103,1.026831593241289,1.1925365201981084,0.9761088304778451,1.215392625599819,1.350776252057388,1.0577705180726142,1.0489540869083973,1.3313718859188906,0.8586005890558519,1.2115549386108673,1.293396303162917,1.0770303565876131,1.1136692152662961,1.0753843159376963,1.0901448165727592,1.077430503004225,1.3092015841442843,1.4294778057429873,1.1577233684372987,1.502812623947651,2.042609835481393,1.454862548604698,1.2236065431019654,0.961968660545033,1.5215196144713699,1.2351821758353962,1.0992975484827712,1.1203574547661157,1.3589473256886944,1.199474868519037,1.5568231854550723,1.5178881202079837,1.2046424055682485,1.7400029911365578,1.3748746212833758,1.0422305650307269,1.2800708414279043,2.3902968726629807,2.004637368138548,1.2046350776124541,1.0318459229066375,1.0224451207885594,1.1181645647855318,1.1002530724781283,1.0954014413980167,0.9624222732065946,0.9376140535300419,1.177519808784437,1.4181790281942228,1.0635135929126458,0.9871666193104696,1.0075282116460067,1.1033798802043808,1.3394528785833577,1.814033185283347,1.1912827899270109,1.441603262973772,0.9686255863690167,1.1675784168851613,1.5693364844847189,1.0005756520910243,1.381231965432805,1.3245231344879773,1.1098445039783578,1.9217799994290987,1.0934830044273574,1.6124512543246814,1.4350828091517762,1.3630127214734968,1.4588608630411435,0.9011638111692146,1.243942895812744,0.9846311615637036,1.2327081208038053,1.2821416889444186,1.3642430793877958,1.028667055177707,1.2094617981253473,1.6983803713540557,1.1462689646129194,0.9883735560797402,1.130455675301369,1.0075272990255473,1.4063852465348186,1.1938776155593205,1.4972197128161886,1.6092640644067782,2.5288860651670046,1.4108648833770103,1.0588062533840032,0.9414285774164226,1.076583355521536,1.3578556269502706,1.4451967932098893,1.0875294321614402,0.9582471277728375,1.2324388764459142,1.08024988838871,1.2545288413551516,1.0520105830788435,1.1665809118309902,0.8253011249204341,1.1873541855056942,1.4103517130795524,1.426422243342583,1.135306401633421,1.2943998660263665,1.2636030099047013,1.1954127297481119,1.1833417819285847,1.265582381824208,1.074907767952577,1.0112483986656966,1.0476201078617962,1.3077673464287636,1.3463808715749033,1.1053852556562909,1.464595930956226,1.3823987777584081,1.3031460065943121,1.0612295108613248,0.9230960981779736,1.4983242731343887,1.3202559681999508,1.1787160253163735,1.2149027325780177,1.198785061442875,0.8499874410935631,1.3253869763718398,1.3406120870156193,1.192838247926241,1.1122742068288685,0.9814194052115538,1.2040097876474938,1.2050630540546932,1.1993073774199523,0.9951334920681179,1.264050057435364,1.1293445481591746,1.251311657846947,1.3105569969244404,1.1694342784568599,1.1094038234372732,1.2573602812257638,1.2842792032206607,1.6306797124471695,1.197374166783936,3.193023728185183,0.7882674182327796,1.053956703174757,2.5024397234341875,1.3756648580878958,2.4621384326473716,1.293195321553112,1.1441811418454453,1.4687230967816118,1.0593360854891811,1.3099216603962551,1.5997414467190008,1.9774064608005137,1.3880302178494506,1.491135814141021,1.3243156321967249,1.7309212741395874,1.159761390399996,0.9785298126289966,1.366867071715931,0.796762051818607,1.3211847263165881,0.9874975584076349,1.0714473313736081,1.9060173957627304,1.2449217394144536,2.810963141771396,1.0639509511158352,1.5445659825858358,0.9614699923336902,1.0911612995843756,1.0439927502765238,1.359220463861483,1.6376273978809937,1.142645785306248,1.175630451644515,1.184296886824033,1.0560778938231565,1.320602022374299,2.8134587297539597,1.6906348130823818,2.1218387043888716,2.16498825270222,0.7914231373490208,1.9556930809990662,1.7003029624872998,1.516005144442315,1.3076974303573938,1.5339005955612626,1.532155696923085,1.5586861054909362,1.372414714160663,2.2006298173387924,1.3634182602240865,1.8806847958225228,1.5041835644017263,1.56570684097293,1.9972562063341472,2.8345449988094042,1.4159604296117354,1.5862147846085186,2.569825179974554,1.835364041314763,1.2124289072511776,1.2522045097850563
1.0,1.0,1.0,1.0,1.0,1.0,1.0,1.0,1.0,1.0,1.0,1.0,1.0,1.0,1.0,1.0,1.0,1.0,1.0,1.0,1.0,1.0,1.0,1.0,1.0,1.0,1.0,1.0,1.0,1.0,1.0,1.0,1.0,1.0,1.0,1.0,1.0,1.0,1.0,1.0,1.0,1.0,1.0,1.0,1.0,1.0,1.0,1.0,1.0,1.0,1.0,1.0,1.0,1.0,1.0,1.0,1.0,1.0,1.0,1.0,1.0,1.0,1.0,1.0,1.0,1.0,1.0,1.0,1.0,1.0,1.0,1.0,1.0,1.0,1.0,1.0,1.0,1.0,1.0,1.0,1.0,1.0,1.0,1.0,1.0,1.0,1.0,1.0,1.0,1.0,1.0,1.0,1.0,1.0,1.0,1.0,1.0,1.0,1.0,1.0,1.0,1.0,1.0,1.0,1.0,1.0,1.0,1.0,1.0,1.0,1.0,0.8405662483956946,1.174657490263253,1.1168286837745047,0.8470022735181741,0.9646804938650178,0.8294705031771101,1.3374060902565812,1.130809518276302,0.6475356910831248,1.2553773460743405,0.8168809311727929,1.1284906125596927,0.724939188838658,0.8645433428327359,0.9788878115487358,0.8412318122384854,0.8149472023214939,0.924950344251466,0.7276834690481813,0.729461973215233,0.6133945659180814,1.0351641983909905,0.8109045506839516,0.6878311398338164,0.8515967655611096,0.9634677554014633,0.9696185518557525,0.7963316608768356,0.7867981494803542,0.9298123466148029,0.8142488896388012,0.804930601808368,1.064950110417728,1.148555995563835,1.3437281584787857,1.5135610609693653,0.9540295721031667,0.8928521221043748,0.9195513531129982,0.8311955421563647,0.7530972091147116,0.8498647728097732,0.7258201054959941,1.1399552932872004,0.8175104609886135,1.0479416654016735,1.6607817190263958,0.6740078365269563,0.8166888523535776,0.7841875751857927,0.9394636270785431,1.2298240812717016,0.812891783049603,0.7735288216762536,1.0449810282456047,0.9684317423122102,0.8756199151001942,0.8637337193973227,0.9361423346469632,0.7619207104352279,0.9029869314641334,1.3836805395235876,1.4281911617955465,0.9489452518555387,0.9423743744487891,0.7168918237634518,1.0047701614193982,1.1726389330965445,0.799063821603939,0.8236943844943365,0.7120957866280602,1.5038094343712154,0.746495454191031,1.10161320026334,1.2055015717036826,0.7085292376916235,0.7874784926046046,1.043584053709089,0.8831436921745006,1.0393372689136335,0.7382528981100298,0.6830284394706423,0.9255135524982531,0.794254716917895,0.7574208566266052,0.9646310987885571,1.1353179856343931,0.998165383289646,0.738657609770657,0.9093491926095181,1.6333923750572217,0.9589889511164925,0.8299242013992294,0.9024106972588534,0.9308933586705319,1.7254413722295772,1.1573380011818384,0.775149602831304,0.8647618935025742,0.9540586107642918,1.2450620881980345,1.0769863587209891,1.031997202860695,0.9179361253743196,0.8240853247535878,0.47028444540638015,0.8962197999754801,0.8604604169062187,0.8402547620039512,0.9374234768582631,0.7433056869294394,0.8674217654360186,1.177140472176927,1.0990641297210597,1.0205937210095284,0.7291536907650357,1.4365730630638078,1.0146709456993204,1.0779942795782584,3.4922246347783776,1.3885227922100483,0.9118620147026224,1.216166886224813,1.614461878963711,0.751804640516724,0.7357686262971874,0.9988321915477495,0.9816958678617751,0.9001231668690355,0.7561383275854514,0.8795348413992837,0.7183465914106593,0.8968822688940494,0.9954469471359306,0.7813560240227185,0.773861658138256,0.9828052025359539,0.6354284449603569,0.8947684229991684,0.952873178102188,0.7947844506390014,0.8234118498806673,0.792536570156684,0.8042608426579267,0.7911741982617487,0.9629328473604429,1.052784183163296,0.8541086914511813,1.105316348265339,1.5074678259919168,1.072446025249962,0.8993508226166951,0.70980781770476,1.122976432278779,0.9089971988288967,0.8110520706675589,0.8259257028893652,0.9992493805959133,0.8837790810666247,1.1443349016034854,1.1198648301482454,0.8839958549947498,1.280223651086793,1.0176255171387663,0.766728905977172,0.9437273149071423,1.7729882420549417,1.4755683586330521,0.8856559969128697,0.7595328522453295,0.7552631749186934,0.8235375139203569,0.8133317683340981,0.8070233957510795,0.7104179740185287,0.6903918811485195,0.8652035299601224,1.045759978788749,0.7823839321792627,0.7289882036030306,0.7424884797210335,0.8118245967814469,0.9838525042433246,1.330650029515643,0.8777815767519507,1.0616561413476444,0.7130411671301327,0.8579712817397986,1.1672763116518956,0.7390477453336559,1.0180171297519949,0.9732214459491555,0.8194514434876387,1.4075597143613299,0.805168254910105,1.18370205202458,1.0554864981446104,1.003486499676303,1.0800543900310975,0.6649388473504686,0.9152879242832304,0.7246982793496506,0.9116993106722042,0.944314348629925,1.0046651370756985,0.7578059441284642,0.8884974121614252,1.2509045915516015,0.8434433900979625,0.731170456441816,0.8391163272586204,0.7424039251732848,1.0352750164859694,0.8792680056097009,1.102075142275337,1.184012326407331,1.865526106734654,1.0422957117301692,0.7804561325375123,0.6956364345648953,0.7932293920838452,0.9965366306335115,1.0639439516290714,0.8014564509950846,0.7070166526022237,0.9048562559974229,0.799196902001515,0.9247274325625482,0.773134683154372,0.8622645431681423,0.6092974010763602,0.8673821198509765,1.0409757967186268,1.048061924063109,0.8371777875014824,0.9536635800885164,0.9323911853894158,0.880778486103992,0.8703533109949741,0.9298648104706408,0.7913348222834602,0.7435032890697345,0.7664425778929729,0.9579748282542143,0.9991472487755706,0.8150018257997603,1.079325191379242,1.0119262029282725,0.9590896384836802,0.7847060820109604,0.6816497837903619,1.1041660441744825,0.9787702690283435,0.8695894564383272,0.9003433915610597,0.8858263881835899,0.6271727149669095,0.9762383155820267,1.0074049874074904,0.8838428883590362,0.8237549334187233,0.7248871746557042,0.8894804883862721,0.8913771962324575,0.884167972331132,0.7335432368635788,0.9327838715263846,0.8370154442846862,0.9278111604635084,0.9746255091603182,0.8678857155098052,0.8245084895431021,0.9287107038087603,0.9502771446884553,1.198522786175457,0.8842751089035479,2.3467676593193825,0.5818988073548154,0.7817512062481544,1.8469346534971343,1.011402803463068,1.8053910889637101,0.9524661370219076,0.8453950680167728,1.0841903508629596,0.7801864642419268,0.964963890072267,1.1868772394704865,1.4775562464270577,1.025413994584199,1.0957023607028225,0.9777660479664213,1.2930059534561518,0.8542143858380727,0.7235814242425962,1.0105965991600425,0.5914541392235595,0.9837980107108706,0.733953409279131,0.7931061261703272,1.4155188506129985,0.9207986426895085,2.0876539444140962,0.7821973173324406,1.1382937222206877,0.7082067734517905,0.8070298569690928,0.7680988016902379,1.0006902607947255,1.2068377299639537,0.8424278333155328,0.8661608387876589,0.8719625714916348,0.7838212635684656,0.9715466334075148,2.0723243839497227,1.244072910459038,1.544710527773069,1.5889454389551443,0.5854457510371891,1.4549712377593638,1.2547976757672772,1.1170087524487111,0.9596505289509478,1.1291359984056972,1.1268057323085099,1.1468362083171857,1.0071087611708238,1.629200001162535,1.0104257697984007,1.3898653989408554,1.1046154752243131,1.1538533821906567,1.4724439288100424,2.1271273630724767,1.053111956256993,1.1679561070976114,1.887710368571257,1.3511001027323055,0.8990895527659126,0.9229289964766085
1.0,1.0,1.0,1.0,1.0,1.0,1.0,1.0,1.0,1.0,1.0,1.0,1.0,1.0,1.0,1.0,1.0,1.0,1.0,1.0,1.0,1.0,1.0,1.0,1.0,1.0,1.0,1.0,1.0,1.0,1.0,1.0,1.0,1.0,1.0,1.0,1.0,1.0,1.0,1.0,1.0,1.0,1.0,1.0,1.0,1.0,1.0,1.0,1.0,1.0,1.0,1.0,1.0,1.0,1.0,1.0,1.0,1.0,1.0,1.0,1.0,1.0,1.0,1.0,1.0,1.0,1.0,1.0,1.0,1.0,1.0,1.0,1.0,1.0,1.0,1.0,1.0,1.0,1.0,1.0,1.0,1.0,1.0,1.0,1.0,1.0,1.0,1.0,1.0,1.0,1.0,1.0,1.0,1.0,1.0,1.0,1.0,1.0,1.0,1.0,1.0,1.0,1.0,1.0,1.0,1.0,1.0,1.0,1.0,1.0,1.0,1.0,1.396210727508869,1.3354668338412041,1.0052429840821584,1.1439557883934808,0.9855045670315379,1.5874813993856072,1.3464962785274648,0.7699350880512882,1.487335561937587,0.9686931190723871,1.3421334582235604,0.8611760232741953,1.0258509684521857,1.1627857682947025,1.000319610826955,0.9683216262779312,1.1006814480884541,0.8650610215095451,0.8677737293196545,0.727388817956284,1.2330438681946125,0.9615660689760064,0.8178974820437481,1.0125791609186545,1.144576516874026,1.15096172197278,0.9477881113671551,0.9347615562740861,1.1049222995408805,0.9649343391346401,0.9559539465071133,1.2636865913100335,1.3626891980311369,1.5947851892378768,1.789825325994529,1.134133731277379,1.0582097888229547,1.0891591089014998,0.9878139968127888,0.8925979997831783,1.010390681508583,0.8614444522007018,1.3531723565571165,0.9699415929111757,1.2415501736718837,1.9777721861407356,0.8001540033507457,0.970964150818014,0.9313208401040296,1.1148412289819376,1.4604174850298757,0.9656119719222153,0.9185839557533579,1.2334234777022188,1.1515088433572371,1.0383989062108774,1.025513569171149,1.1124930695257926,0.9052239513332749,1.0722703726321958,1.6434638974141853,1.6907833902275642,1.1262696589405343,1.1142890946549366,0.8519468307684273,1.19528601493078,1.3902227576023551,0.9488470656931758,0.979590163111484,0.8454959214520583,1.7874492641431838,0.8884024139907178,1.3095318573282408,1.4308324350672126,0.8419706012225687,0.9354696729407472,1.2427111046204318,1.0504036227511446,1.2327876969194864,0.8748264313466743,0.8118357208266497,1.0976984467015662,0.9416359273301195,0.901481985736948,1.145386349406975,1.3528586649983227,1.1857309672096297,0.8761447107517388,1.0802067018670602,1.9375050707647177,1.139733189909268,0.9821590267467284,1.0723026876133708,1.1067530325670696,2.0529480189970344,1.3619115066345726,0.9166829701498496,1.0272321391653754,1.1334499535166374,1.4818867553617685,1.281266671213969,1.2280620320892792,1.0921977084847798,0.9775869165824125,0.5582632265676826,1.0647568270714298,1.021798236348376,0.9963541203230957,1.1122912950126458,0.8819835669655216,1.027137942316771,1.3966559932249552,1.3088285889564002,1.2133891386867375,0.8648472992281466,1.706361263412599,1.2052731121276983,1.2809650635852194,4.058146309150637,1.6607796484101853,1.0826404651348915,1.4413980637019808,1.9118854940238785,0.8934343138007788,0.875508176951879,1.187019110061408,1.167500012727777,1.0686569681114997,0.8979502743233655,1.0431993384265668,0.8540628199526845,1.0631905388204035,1.181858553948822,0.9266999674917988,0.918872056199306,1.1642210295285778,0.7528263664908983,1.0605776224944152,1.130130695515271,0.9436168056932652,0.9760980017087495,0.9418429299913946,0.9545914319205437,0.9417638608915505,1.1446324881481198,1.2497932333550583,1.0142657772251753,1.3139373981349127,1.784574976214056,1.2722639901858408,1.0702710356575573,0.8423838638917008,1.3309386542259072,1.0802895294725252,0.9639855618785771,0.9809747924087109,1.1848567278677464,1.0499160862092367,1.3615319312512355,1.3271620561093442,1.0514891205338501,1.5215214057840498,1.2060252064683161,0.9119988452189955,1.1195177495239386,2.0894349570213664,1.751554874899028,1.0532160436651272,0.9024941714175764,0.8945914305696675,0.9784326444073173,0.9645341996852886,0.9590070621244804,0.8427172285241775,0.8203777296816032,1.0286060262437493,1.2394659809653654,0.9303569561170655,0.8644411124457407,0.8822566379548691,0.9664479321865347,1.1707927228271031,1.58502657579622,1.0409944713994395,1.2605816692730976,0.8475351726768201,1.0211489875295063,1.375397631054919,0.8778252253092453,1.2073748631741408,1.1584718059360477,0.972178548580942,1.67694169396608,0.9569755632902635,1.4096789508190886,1.2548653921875688,1.191817669893119,1.2745786489833075,0.7891331670912347,1.0883358257807791,0.8621934828031848,1.0810813650468076,1.1211134261797273,1.1934132333942102,0.9002509834128831,1.0564147504089476,1.4844795019482402,1.003726298555732,0.8671199192844334,0.991629515318766,0.8816724290068272,1.2300102035314004,1.0437031672354469,1.3096680273742254,1.4071999837702007,2.2141673474630297,1.23692841264177,0.9270865390289961,0.8248233272950923,0.9424503571415059,1.1864073887119826,1.2628078723310674,0.9515707076972131,0.8389510476048889,1.0775172376040163,0.9461219135220273,1.0966786631928391,0.9198973432753721,1.0208844746400283,0.7228342397516703,1.03613896594835,1.2364486982849339,1.2471886364489482,0.9948216750980878,1.1329711377625324,1.104424310906803,1.0470581859746986,1.0350417867033195,1.1075294177413504,0.9405054834283768,0.8855872706481211,0.9164581688791805,1.1429108445815548,1.1830559298627636,0.9675575829197943,1.2807448703698479,1.2061200975142603,1.1397182031477175,0.9301101326144343,0.8080624385814982,1.3117138583478132,1.1568771985091664,1.0311873081954435,1.0650584305426463,1.0509078795026159,0.7446028179655644,1.159702315177635,1.176314715437992,1.0451624569062563,0.9759666440749161,0.8609408754171826,1.054107110855218,1.0557146471193546,1.0499164888743997,0.8700376053025326,1.1083754428366888,0.9899629507719583,1.096459752644129,1.15215760117059,1.0268891923118106,0.9750717835359751,1.1018077507414237,1.1248493288568109,1.425293074768764,1.0502882501570525,2.790554797944222,0.6904087520325741,0.9240036824426814,2.185212178481488,1.2023620186830566,2.14931879462619,1.1315148857086752,1.0028848540816033,1.2854846566881089,0.927214397300662,1.1466439058232507,1.3990810883776705,1.7317176649026886,1.21368115257151,1.30690977870083,1.1616037436100433,1.5183731371222264,1.0143434220070835,0.8560110661891984,1.1995282934866067,0.698954134730132,1.1588332466109208,0.8664674475808504,0.9382175262849529,1.6690519774989676,1.0908348345708885,2.461123654431824,0.9309394560553208,1.3523866589182632,0.8418212163789826,0.9574143355232889,0.9137322912355315,1.1889300595428551,1.4324114649005457,0.9989988252599633,1.0282552259104274,1.0356726489477297,0.9253859589261242,1.1539517584633872,2.4658797523026292,1.4794337824759212,1.8484581443181582,1.8982753858634753,0.6935355932056165,1.7104977837516233,1.4864805929395528,1.3257716579730514,1.1428486445176302,1.3414862323739254,1.3415188375600995,1.3639783582321219,1.2004633582406128,1.9272828514035827,1.1957030898336285,1.643642134225309,1.3134804742087272,1.369658924369483,1.7493161955098513,2.4992718435819468,1.2413113968937153,1.3880653743312195,2.24391811203791,1.603719628705263,1.0612160333569374,1.096737797050947
1.0,1.0,1.0,1.0,1.0,1.0,1.0,1.0,1.0,1.0,1.0,1.0,1.0,1.0,1.0,1.0,1.0,1.0,1.0,1.0,1.0,1.0,1.0,1.0,1.0,1.0,1.0,1.0,1.0,1.0,1.0,1.0,1.0,1.0,1.0,1.0,1.0,1.0,1.0,1.0,1.0,1.0,1.0,1.0,1.0,1.0,1.0,1.0,1.0,1.0,1.0,1.0,1.0,1.0,1.0,1.0,1.0,1.0,1.0,1.0,1.0,1.0,1.0,1.0,1.0,1.0,1.0,1.0,1.0,1.0,1.0,1.0,1.0,1.0,1.0,1.0,1.0,1.0,1.0,1.0,1.0,1.0,1.0,1.0,1.0,1.0,1.0,1.0,1.0,1.0,1.0,1.0,1.0,1.0,1.0,1.0,1.0,1.0,1.0,1.0,1.0,1.0,1.0,1.0,1.0,1.0,1.0,1.0,1.0,1.0,1.0,1.0,1.0,0.9551571731964346,0.7199087155208459,0.8194102985222721,0.7056383670218265,1.136932456895619,0.9638015305787245,0.5511336440309276,1.0652786668941228,0.69387928914371,0.9605022561946897,0.6166202601458759,0.7344605333545919,0.832756032731231,0.7160976347955734,0.6932604028929887,0.7878756319268481,0.619286313258667,0.6211389253618107,0.5208951519423577,0.8825721283196053,0.6887176536857851,0.5855596157181377,0.724717048598067,0.8197630044329098,0.8242464677309236,0.6784214133939857,0.669171250693912,0.791254822134251,0.6910757068399733,0.6844532665790362,0.9049547511047482,0.975974860853215,1.1419138171100771,1.2829862228510494,0.8120545892153819,0.7579185648428439,0.7803110808332938,0.707537236219381,0.6393592614368602,0.7232830845769568,0.6168614955265352,0.9691878356438176,0.6946272790384541,0.889474376841747,1.4158756878155039,0.5729867051397182,0.6952101807715036,0.6669168893985584,0.7985081548147879,1.0459453691527305,0.6913773631232842,0.6578742863089652,0.8841530881720783,0.8242918556940682,0.7437050987393459,0.7344425593896138,0.7965692804100744,0.6481361345221786,0.7679783541673832,1.1771907590587416,1.211624688820859,0.8065235759774756,0.7986582973980966,0.6099772380695841,0.8558521806002288,0.9957384849254381,0.6794330399756521,0.7013832198296646,0.605432884158275,1.2799260072973673,0.6360104919221293,0.9374402367146936,1.0247346946648295,0.6027282109099383,0.6699487262941013,0.8895630102741453,0.7517455544228161,0.8828252504429184,0.6267496391413122,0.5811595865078277,0.786290956550165,0.6745015947267635,0.645408009578005,0.8202738737983531,0.9679329687525986,0.84924305348149,0.6274577774463876,0.7734845340362824,1.387590485610275,0.816109752843958,0.7036422939775212,0.7678829010291688,0.7925044780550894,1.4694335013169695,0.977038216113685,0.6567703723717434,0.7355340465180328,0.8115296860743867,1.0607457827550653,0.9171546831988822,0.8792635612968758,0.7818510970696734,0.7001748028677603,0.399832194736222,0.7624305855040113,0.7315950067201025,0.7136466559013244,0.7967106030013403,0.631709329986421,0.7357313691649514,1.0002646728868807,0.9366221078091683,0.8688419632432508,0.6193994436753605,1.2218514377896208,0.8629788030542167,0.9173461919386678,2.9167417831446283,1.1871823695347645,0.7750841513795281,1.0316996105831464,1.369882428843201,0.6396701878238953,0.626628799831195,0.8496463029552731,0.8358057771551655,0.7651717867945935,0.6430052730933848,0.7469709799511792,0.6114525997058452,0.7615428621729257,0.8462804424718948,0.6635577485924489,0.6578439429930452,0.8340601201740152,0.5391603167643562,0.7596929158613297,0.8094965824626951,0.6754913540034471,0.6990137184147915,0.6741373458867299,0.6835089814815145,0.674224143585703,0.8196019160305308,0.8948708831032348,0.7260830313989525,0.9405250936350348,1.2785165809292376,0.9112097431264751,0.7661616962165522,0.6032327090497944,0.9532393349001909,0.7736512842333498,0.6901912778016897,0.7023323441172381,0.8485663848233749,0.751714807566661,0.9749284800660396,0.9507463403739156,0.7528999451557046,1.0892600943132158,0.863532678904151,0.6528703109243181,0.8018649349075545,1.4984183478973345,1.2546924971397055,0.7539797360635588,0.6461504832666483,0.6408225596425949,0.7004102798115109,0.6906281380245878,0.686603263071889,0.6034843868101221,0.5873253009959533,0.7364958637228702,0.8878699297347723,0.6660843172984097,0.6191159052630283,0.631620581424679,0.6917069056051917,0.8380825380824631,1.134600532316012,0.7453911589804678,0.9028598836379844,0.6066535974295428,0.7308736870272468,0.9863863774754364,0.628310085180123,0.8646908196240912,0.8292568378628616,0.6960816418896378,1.200393096180701,0.685007816640164,1.0086099613912094,0.8985387600045884,0.8534368223519384,0.9139723045133491,0.5650953488862607,0.7791733510733848,0.6171652747965255,0.7740392702025414,0.8029269538782215,0.8546812629364697,0.64449530718162,0.7565159680905005,1.063238910062723,0.7183488586466944,0.6208893864660915,0.7104992206442005,0.6312547555353525,0.8805971487412669,0.7475389184966296,0.9379424713034822,1.0073885474002366,1.5857009953397383,0.8855021118191756,0.66372082388687,0.5907879763496106,0.6747131368369488,0.8493939041607563,0.9044328663779012,0.6813434556355715,0.6007946477702907,0.7713498359256642,0.6777684493050082,0.7854846097912511,0.6584809584150109,0.7314197028803434,0.5175164712286188,0.7413280601305812,0.8852512367143172,0.8925415888904971,0.7123264611498707,0.811120552438716,0.7910154784252367,0.7495045057773555,0.7411057432732087,0.7926701556757749,0.673326790482801,0.6337628313320864,0.6554703659388573,0.8176303361159298,0.8471434804953895,0.6928835077736303,0.9172476621340584,0.8634615028599866,0.8161768999764517,0.6660683645211676,0.5788841235003291,0.9391287487945287,0.8290027622457212,0.7386168192078454,0.763107796431637,0.7525585916824381,0.5330915348025682,0.8303681932491526,0.8441779572801746,0.7487911559207934,0.6990459243798399,0.6162113083151636,0.7549574143413065,0.7561835993608315,0.751620118475091,0.6231104899575698,0.7936485591014307,0.7092406391090802,0.7856657395645346,0.8252677436762861,0.7356486056547742,0.6984350824390283,0.7888881910285663,0.805946332953043,1.0200923141970448,0.7518582838124743,1.9982519085752248,0.4944544244315182,0.6620174359948328,1.5664621956925053,0.8606677312046969,1.538990155195334,0.8103834220414612,0.7182430321811584,0.9206998077550916,0.6638352952427371,0.8212013816444456,1.0031981148494957,1.2428558829882985,0.8699478517920846,0.9350773818917653,0.8315418536467003,1.08936287019334,0.726486480298309,0.6133464759075236,0.8584962047753699,0.500736088455193,0.8310195703210135,0.6209553361467559,0.6722246674281165,1.196413888004958,0.7813989655494775,1.7640169138924118,0.6663792067285058,0.9682532540935123,0.6025938813409953,0.6852198858539634,0.6541163083151476,0.8513070198084844,1.0259095135477336,0.7155329921230706,0.7363032668226748,0.7416001203508915,0.6632037682160703,0.8263675844540643,1.7655266326486494,1.0595127275191927,1.3224931945524907,1.3574532219334827,0.49671142767811,1.2270793971330023,1.064843428093749,0.9494811410350686,0.8180265183836677,0.9606153190649755,0.9601879357609115,0.9764495164158445,0.8589619656376865,1.3806351929231133,0.8566564365705162,1.1777439883262102,0.9406414732239581,0.9808703424526272,1.2523233708154544,1.7930746681663183,0.8897226782063139,0.9938865693022743,1.6070996920050344,1.1485653108154001,0.7604935357453326,0.7851492117801819
1.0,1.0,1.0,1.0,1.0,1.0,1.0,1.0,1.0,1.0,1.0,1.0,1.0,1.0,1.0,1.0,1.0,1.0,1.0,1.0,1.0,1.0,1.0,1.0,1.0,1.0,1.0,1.0,1.0,1.0,1.0,1.0,1.0,1.0,1.0,1.0,1.0,1.0,1.0,1.0,1.0,1.0,1.0,1.0,1.0,1.0,1.0,1.0,1.0,1.0,1.0,1.0,1.0,1.0,1.0,1.0,1.0,1.0,1.0,1.0,1.0,1.0,1.0,1.0,1.0,1.0,1.0,1.0,1.0,1.0,1.0,1.0,1.0,1.0,1.0,1.0,1.0,1.0,1.0,1.0,1.0,1.0,1.0,1.0,1.0,1.0,1.0,1.0,1.0,1.0,1.0,1.0,1.0,1.0,1.0,1.0,1.0,1.0,1.0,1.0,1.0,1.0,1.0,1.0,1.0,1.0,1.0,1.0,1.0,1.0,1.0,1.0,1.0,1.0,0.7377391012002779,0.8402396404902671,0.7248007151294089,1.1669988003855933,0.9970192885827354,0.566606857347978,1.0885013147356273,0.7093253860249957,0.9880366674089667,0.6338938836419576,0.7520578167582183,0.8542919563732803,0.7368137452731724,0.7113931625239678,0.8121468699865932,0.636293487646211,0.6393890777541151,0.5319235133927513,0.9128203858483388,0.7051603808948929,0.6011676584722183,0.7479292354808362,0.8410954811648965,0.8415959306192664,0.6996121968597395,0.6870636195403808,0.8148544450042505,0.7036417420206413,0.7021064094652221,0.9255979170535641,1.0025184770826385,1.1693139922256575,1.3033672190216814,0.8372198776882566,0.7740765788745396,0.7940514084887242,0.7303822821368258,0.6515848562534512,0.7435893662285855,0.6307825428464079,0.9961454887362208,0.7097128700055924,0.9054707239731615,1.4611892076834492,0.5879932284564188,0.7159323694489725,0.6840164168450152,0.8176195891630313,1.0732194012403722,0.7090965276897363,0.6801552311652591,0.898558266580416,0.8486810819464263,0.7611789255437469,0.7526454483680661,0.8206317618836121,0.664846803661943,0.7882523162721347,1.207597145467207,1.2401202158971087,0.826773983349687,0.8110092255468615,0.6256534403948673,0.8809215481327238,1.0147754566758014,0.6974567361288927,0.7240868587535303,0.6198947819764935,1.3215549739137942,0.6566365095928601,0.9645534214661244,1.052161254319919,0.6215284297223306,0.6898197438081233,0.9235524842679085,0.7726695386184567,0.904132599658356,0.640360939854741,0.5977644851396368,0.806828963592855,0.6907825236431537,0.668621057212575,0.8434517178986615,1.0026548320300672,0.8688804530377887,0.6402608493578754,0.7939623342315121,1.4232972946883438,0.8397633680044777,0.7143744163271641,0.7879747548074234,0.8158991235143231,1.5152270366892178,0.9769144702197818,0.6662153665019905,0.7536462616100439,0.8361608402332028,1.092571595355698,0.9511225030927783,0.9074691867088149,0.8059930980545321,0.719133047662114,0.4101719686341757,0.7866085464961499,0.7487064745198317,0.730889851148065,0.8160493174111623,0.6448336380804169,0.7506046487426548,1.0264195960686893,0.9702299488302859,0.8934914462809236,0.634509202434986,1.2539616204820172,0.8908020764531245,0.9453656631042245,2.775506103436083,1.2368749258401972,0.7931981313817476,1.0435383679918346,1.4023734025580228,0.6565076747087881,0.6461611970592491,0.8758146303732639,0.860090901547201,0.7845217225387329,0.6604968590716995,0.7667715540029885,0.6287185565626467,0.7779897981376023,0.8682772496774467,0.6772870239524598,0.6737366543564359,0.8516936959661507,0.5481592516754015,0.7758289577793112,0.8305467175450325,0.6915419026952913,0.7123622200252017,0.6918579567058072,0.6995664545415186,0.6972816641039872,0.8438029931446858,0.9200832222765912,0.7436254242859888,0.9691838599634459,1.3100831907710928,0.9339302805882013,0.7896602084297151,0.6169267116930546,0.9749404335831142,0.7948918712991284,0.7053317254583569,0.7199431920190748,0.8763841506755006,0.771805522414372,1.0044136295786203,0.9726028040116497,0.778465459566547,1.1205506098567775,0.8784184935288828,0.6717468803222855,0.8216875534692387,1.513244179603657,1.288093374354191,0.7779953027428032,0.6649226442441046,0.6539724010202623,0.7205327116031424,0.7042183197837228,0.7047132823726494,0.6170393900982043,0.6034944988721843,0.7594952082003564,0.9087448313661384,0.685776639260181,0.6319234336521464,0.6476222251348024,0.7119616277285961,0.8653191799754913,1.174420845091364,0.7657597336096829,0.9278149839438341,0.6234741998179962,0.7543805486588473,0.9895174357225294,0.6429272806300571,0.8877022102883234,0.8556173779175614,0.7115086270081703,1.249129976785178,0.704312405843981,1.0441014534303665,0.9250019002987724,0.8767662814645787,0.9267228369163123,0.5778717544018022,0.8013572534983695,0.6344609601157928,0.788457416721195,0.8240614538634343,0.8769882840586996,0.6617741477462544,0.7803019936771025,1.0918821547649133,0.7397267504863827,0.6313304792798856,0.7169058256756291,0.6478174280924518,0.9050902947414514,0.7669446302221348,0.9632197983835606,1.0375114059626072,1.6229714600258858,0.9044779123621484,0.6805252862645437,0.6020628906864451,0.6924919819708694,0.8784253607569905,0.9289316511277176,0.6986815155756683,0.6149274618089484,0.7975333071452668,0.6892281501469579,0.8043195550036502,0.6795882790357168,0.7451648803869179,0.529181454382938,0.7753068483773291,0.9046417174599535,0.9224082151294484,0.7299088876676746,0.8324641931546445,0.808492301661076,0.7695475699135199,0.7629333301717862,0.8171931056203237,0.6922095893191564,0.6536225569224892,0.6831970502942546,0.8512217612311098,0.8579513964024403,0.7090917304731345,0.9409174414116532,0.8971071018433454,0.8386483593666882,0.6791048707674481,0.5901458558586925,0.9644190617254575,0.839332295440824,0.755812861456529,0.7729265430052015,0.7682196400789187,0.5459027913783439,0.8521711263911586,0.8308327781035151,0.7587902586597162,0.7102025306194066,0.6300978722670586,0.7704491034322047,0.7696726685253629,0.7704155214751853,0.6389468128831549,0.8122003743757213,0.7182595190049332,0.7954127779175068,0.8314995875320808,0.7427725906977902,0.7042405735457316,0.8059914982133234,0.8189334824972683,1.0552369719887018,0.7682374176969133,2.064536554238711,0.5052140429710024,0.6707097928196275,1.5969132571794615,0.8879175837618067,1.59454888993482,0.8306591378739847,0.732433253811714,0.9415138272645311,0.6819754037009236,0.8415775631081108,1.015048049435846,1.2338507432293773,0.8857680544161781,0.966203143270171,0.8510315645466373,1.0825136667228883,0.7451080454374499,0.624120347611155,0.8779031438757301,0.5058857048297539,0.8328565681327458,0.6250364111857345,0.6823009560970273,1.2093471652276573,0.7956071730462553,1.7800842576579448,0.6865787174081017,0.9946456288184611,0.618846608168347,0.6996201605405397,0.6732481527170322,0.8745768312242308,1.05142039230916,0.7319916625922828,0.7547184404818262,0.7626418702878264,0.6696958912018335,0.8491958460667743,1.8083904582211412,1.0882350053913497,1.3911527582220073,1.4103770071296493,0.5057806201295596,1.2338834487682673,1.0893776598565361,0.9734017238894056,0.847595678972627,0.9876729971540089,0.9900085824385052,1.0043708073674913,0.8909211720891181,1.4033268372425227,0.8679445112825438,1.2004371424083917,0.9716437019844217,1.0053304747137966,1.283888998446299,1.7655055202020211,0.8949157149334104,1.0206121322658437,1.653807368984824,1.1789455569762355,0.7694309213708277,0.8051423297427538
1.0,1.0,1.0,1.0,1.0,1.0,1.0,1.0,1.0,1.0,1.0,1.0,1.0,1.0,1.0,1.0,1.0,1.0,1.0,1.0,1.0,1.0,1.0,1.0,1.0,1.0,1.0,1.0,1.0,1.0,1.0,1.0,1.0,1.0,1.0,1.0,1.0,1.0,1.0,1.0,1.0,1.0,1.0,1.0,1.0,1.0,1.0,1.0,1.0,1.0,1.0,1.0,1.0,1.0,1.0,1.0,1.0,1.0,1.0,1.0,1.0,1.0,1.0,1.0,1.0,1.0,1.0,1.0,1.0,1.0,1.0,1.0,1.0,1.0,1.0,1.0,1.0,1.0,1.0,1.0,1.0,1.0,1.0,1.0,1.0,1.0,1.0,1.0,1.0,1.0,1.0,1.0,1.0,1.0,1.0,1.0,1.0,1.0,1.0,1.0,1.0,1.0,1.0,1.0,1.0,1.0,1.0,1.0,1.0,1.0,1.0,1.0,1.0,1.0,1.0,1.138333664518433,0.9794963729129016,1.5787693592710497,1.336487609861743,0.7649609287322917,1.4809863264609775,0.9639477250407955,1.3332040349758851,0.8559114848481304,1.02035080584682,1.1559503705113339,0.9937351978731417,0.9624660850195418,1.0930905228717973,0.8594630188440633,0.861889737552251,0.7237566467946142,1.223786976289718,0.9568119720918413,0.8126271197536361,1.0057566396916773,1.1378018877810923,1.1449338035182834,0.9409664501163333,0.9290084133577541,1.0980458718266608,0.9605918352217497,0.9503774848090395,1.2569865540005838,1.3554088754566584,1.5859632311631295,1.7837362783366082,1.126825921165107,1.0534431823015853,1.0846948039786324,0.9816614493174096,0.8885352188157994,1.0038303054770794,0.8568183847399973,1.3454413034519557,0.9649672878020322,1.2358267866883956,1.9628956407298928,0.7956971093070446,0.9647766431022504,0.9259032073530865,1.1088905004495175,1.4520144882844919,0.9598681466773029,0.9129907819717262,1.2300860489935705,1.1439799488591613,1.0331930520791104,1.0196828694489355,1.1053881741153382,0.899763642143983,1.0660873447139843,1.6338751567877683,1.6837814510033295,1.120017661277354,1.1105042452396865,0.846716254520967,1.187303333085683,1.383625110295241,0.9434411716016505,0.9730150877462518,0.8407703391247785,1.7760209501544202,0.882132600491469,1.3009775115658093,1.422878224726936,0.8365220964975708,0.9299497947817196,1.2335327449292741,1.0434221582533905,1.2264552921836562,0.8707525175917032,0.8067043473439828,1.0921615713726636,0.936986098082234,0.8950334204556918,1.1388038489975734,1.3424542836276503,1.178853524572734,0.8717709415389674,1.073665982161166,1.9281711872595304,1.1325547970061807,0.9784750377216888,1.0657602075098511,1.099612005525983,2.038755117551037,1.361426540222939,0.9137178372858372,1.0211503578006804,1.1264425509334046,1.4713602754198774,1.2721862248316258,1.219579403718485,1.0845737068349939,0.9725051295396085,0.5551856198559678,1.058225330958917,1.0160015854433633,0.9913698085442461,1.106409111971837,0.8774676186652849,1.022860241084683,1.3890913854923832,1.2990672341442957,1.2055649985288488,0.8605910673154284,1.6962246911252947,1.197924627658808,1.273049124244305,4.084939876191116,1.6439473753179592,1.0765761538190244,1.4350985823090228,1.903975938985659,0.8878390750029626,0.8693921422976354,1.179236286396094,1.1597458769255602,1.0626786968544115,0.8927615180209638,1.0375831378258091,0.8485649135674461,1.0582797861141438,1.1751364623076794,0.9219532178118204,0.9136435207048281,1.1591991656286837,0.7495038240333143,1.0554917176954295,1.124212864150197,0.938275544322648,0.9714392630680211,0.9360222178680028,0.949349629224089,0.934927858251002,1.1373077645648382,1.242730538369314,1.0084064562771422,1.3056748800344555,1.776796587301587,1.2655386565851603,1.0628228601514225,0.8378381898409792,1.3246990446004596,1.0736474049286358,0.9580323984672748,0.9751497846071302,1.1784821067089175,1.0436450581184324,1.3521775436211334,1.3208069027817246,1.044414904491851,1.5122434596049077,1.2004876610116462,0.905904846884876,1.1137100830150077,2.0864999266550712,1.7419368792709973,1.0460353215442342,0.896832807197972,0.8906761823768519,0.972325415200062,0.9596932827216739,0.9530605314708834,0.8383037428861786,0.8152239754553288,1.0219519046145569,1.233804209151613,0.9242467242524929,0.860222115531087,0.876901520947784,0.9596619730191976,1.1626040874554782,1.5730705273966044,1.0355053313540843,1.2532813388446873,0.8422577153251924,1.0138827361790053,1.3736538203557587,0.8724793711319022,1.2008838505009893,1.1501452874939433,0.9670793674271327,1.663366746399725,0.9509524736976738,1.3992145226405392,1.246775116428313,1.1848010832657843,1.2715257963989488,0.7848718661464762,1.081191728227254,0.8563599469451888,1.0757625152470485,1.1147298497461606,1.186345673632562,0.8948287385967074,1.0497277211304983,1.4764373440005534,0.9966169736921795,0.8628503308480582,0.9887751337447996,0.8765517863773111,1.2226563600856293,1.0379976040980678,1.301619861369354,1.3983590200850753,2.2016978103594615,1.2302059806229273,0.921632530649347,0.8209161989055561,0.936696066654803,1.1778207789299673,1.2558146018293774,0.9461834763098436,0.8343957938593629,1.0694430051771109,0.9423291822380011,1.0913576423089373,0.9134119616337542,1.0167202880966677,0.7190352283717109,1.0267137298234557,1.2292177292830362,1.2383244155446644,0.9887709904156312,1.126142742851973,1.0997158838736296,1.0403114281930586,1.0282019663682596,1.0993703938627788,0.9346328495036837,0.87888726543476,0.9073815471898614,1.1329212138640439,1.1781036542562238,0.9622727961212085,1.2738317814585973,1.196683655290221,1.132695618131601,0.9256732177308419,0.8043577797672371,1.3036582605649252,1.1533872184087548,1.0257217671298706,1.0613284243044232,1.0453606360823042,0.740392131393354,1.1528365398795186,1.1808108715574397,1.0416079074615432,0.9717350569671535,0.8559455527091712,1.0491425034607675,1.0510982833076836,1.0439165712254157,0.8655251848260929,1.101510951947935,0.9867204609466214,1.0931912001329789,1.1487692443232167,1.023315786820962,0.9718753890169763,1.0960747481866489,1.1202780769470546,1.415162374506159,1.044189586416666,2.7724348060841137,0.6867698960151697,0.9210850748525405,2.1769979571653826,1.194664072594406,2.1334038377107216,1.1248518177801676,0.9976668456085878,1.279027892046071,0.9214035090789128,1.1395929089501946,1.3962548859650108,1.7357332741824418,1.208828506564267,1.2958448832218932,1.1545549897603982,1.5195797391422463,1.008525288202518,0.8528654143054359,1.1927139377387677,0.6969083733673953,1.157560958692245,0.8645266172795938,0.9349306701269892,1.6651802822326511,1.0859679281680523,2.456963128235776,0.9244631231144823,1.343976214672297,0.8365211216566031,0.9523651452320133,0.9075112046808768,1.1818081960675815,1.4246821098330127,0.9940904632698182,1.0226671741969233,1.029278853834923,0.9231522071760153,1.1472830730373782,2.4495782136775626,1.469906140245587,1.8295897818903002,1.8804800393598964,0.6905846502594419,1.7096429858404403,1.4798934333878664,1.318587563484225,1.1340672213559606,1.3332558832568207,1.3316930152269852,1.3549330516656397,1.1907358714420586,1.9204341495741046,1.1910872708161073,1.638429891352005,1.3048294222955839,1.362229773887991,1.7386902446948782,2.5015257991419695,1.2391344008131506,1.3794835255051396,2.229963163392692,1.594927483249692,1.0587773405119645,1.0900237905353727
1.0,1.0,1.0,1.0,1.0,1.0,1.0,1.0,1.0,1.0,1.0,1.0,1.0,1.0,1.0,1.0,1.0,1.0,1.0,1.0,1.0,1.0,1.0,1.0,1.0,1.0,1.0,1.0,1.0,1.0,1.0,1.0,1.0,1.0,1.0,1.0,1.0,1.0,1.0,1.0,1.0,1.0,1.0,1.0,1.0,1.0,1.0,1.0,1.0,1.0,1.0,1.0,1.0,1.0,1.0,1.0,1.0,1.0,1.0,1.0,1.0,1.0,1.0,1.0,1.0,1.0,1.0,1.0,1.0,1.0,1.0,1.0,1.0,1.0,1.0,1.0,1.0,1.0,1.0,1.0,1.0,1.0,1.0,1.0,1.0,1.0,1.0,1.0,1.0,1.0,1.0,1.0,1.0,1.0,1.0,1.0,1.0,1.0,1.0,1.0,1.0,1.0,1.0,1.0,1.0,1.0,1.0,1.0,1.0,1.0,1.0,1.0,1.0,1.0,1.0,1.0,0.8595925735659522,1.3862920873418096,1.173370100029491,0.6712965802757633,1.3004631920637655,0.8458836798334635,1.1698384774214543,0.7514177476225083,0.895423686379891,1.014554142568656,0.8721777238416499,0.844472301945135,0.9594039492267593,0.7540668216429791,0.756425588260617,0.6349717551459229,1.0745973227881604,0.8401084801715966,0.7131295412953769,0.8832339214798846,0.998484221280061,1.004304182967235,0.8259519656416616,0.8152833924725209,0.9643557622980502,0.842567322282534,0.8339763155929965,1.1029753772874769,1.1903493694324934,1.3923086640134597,1.565714624042348,0.9895265889403247,0.924697908341061,0.9517289372647899,0.8626619919608058,0.7795121527925106,0.8808789016505175,0.7517538029107741,1.1818743551708626,0.846568577568297,1.0840550853141453,1.7227819403470428,0.6986102669291069,0.8470589164650588,0.812584538450978,0.9733474149999541,1.2745484968089345,0.8422759579457461,0.8026749272391771,1.0803543397453348,1.0041341064104996,0.9070397991223189,0.8948621737366681,0.9708457958889022,0.7894878251428349,0.9358443882959662,1.434128134739834,1.4791732570765428,0.9832637082245028,0.974528919043077,0.7428904169068437,1.0420023211504654,1.2135571817123578,0.8282856113596574,0.854594475350675,0.7377019210022733,1.560215298343411,0.7744804368909779,1.1419250049176348,1.2495393081290165,0.7347834920237346,0.8169650685464651,1.0844437288287652,0.9152758139209972,1.0767467069743701,0.7644405975031465,0.7081367102143474,0.9594291097212783,0.8227683416147157,0.7864135108824071,1.0003748885902781,1.17873142170304,1.0338726421463535,0.7647889848395448,0.9422244701217516,1.6938408432379344,0.9942801208325216,0.8580789755125602,0.9351707499876971,0.9653533877834715,1.789697710489875,1.193343155737812,0.8015028288276425,0.8959294877925468,0.9895158234056202,1.2913807813645723,1.1181283150318224,1.0708948629871908,0.9519983553020841,0.854299640968165,0.48729771830282914,0.9297968430662014,0.8913242606463465,0.8704199295489855,0.9710889017467541,0.7695550776203732,0.8975972555210026,1.2197906819636741,1.141030916845454,1.0580517849343551,0.7556883618060957,1.48852868170483,1.052640341793295,1.1183023247166384,3.5636890412588174,1.4415259146959387,0.9444311247481413,1.2558065333265782,1.6731182926188066,0.7789826724735792,0.7630806765294265,1.0355825077685572,1.0179532069436994,0.9328367266577933,0.7838447426714381,0.9110786180987182,0.7447564153057662,0.9286579983106511,1.0315117568737517,0.8085832601379586,0.8015381590555,1.017908539875823,0.6571933855093494,0.926477559731087,0.9873848629735734,0.8231594243811361,0.8519890066015039,0.8212022842554857,0.8329282048572647,0.8211532468650096,0.9984950288255513,1.0914308272973137,0.8846088697965158,1.1465984741068158,1.5608672219786581,1.1110412586010485,0.9329382797318871,0.7350872396872618,1.1628661680740342,0.9424104378933791,0.8394123023334966,0.8556108582693349,1.0364861322760919,0.916034324667782,1.1867566041078408,1.1596634341462642,0.9176441835886533,1.3277092289469032,1.0523119373487575,0.795014470487035,0.9778354409554871,1.8324098381574865,1.5295849080094754,0.9184942131561821,0.7874456838952386,0.7817810300535339,0.8536693542292896,0.8415469223239803,0.8362969133263402,0.7355340793435239,0.7154294953129139,0.8975371012134865,1.0834487930687553,0.8113858881596941,0.7547766143801997,0.7692984528366085,0.8419153641191954,1.02091010553747,1.3817760582491752,0.9098715499673555,1.1004702084084186,0.7393443184562216,0.8899214265756257,1.2043770876084028,0.7648862774081774,1.054745115060607,1.0096326816594514,0.8484526279256575,1.4621617896783627,0.8347096430695873,1.2289274443119882,1.0945589613253666,1.0401304731057428,1.116460468420493,0.6886068652379331,0.9489137747057537,0.7513135579793981,0.9430275075531924,0.978610595057907,1.041180636183995,0.7853433064212276,0.9224935347472466,1.2967878158471629,0.8743080376934151,0.7562060980686123,0.8665614307665518,0.7694885589344087,1.0734363861802436,0.9113732949757101,1.142281558769479,1.2278820039058234,1.9313473296571204,1.0788866587437944,0.8086724432889977,0.7198868950332393,0.8219074712947763,1.0344448728349376,1.1030927259931385,0.830345078413343,0.7321881565653349,0.9391856840585526,0.8265617994980021,0.958155278874564,0.8018851490658296,0.8923468033480167,0.6310244641317961,0.9028152901738611,1.077934513476883,1.0874079961410428,0.8671655858216318,0.9883279501262952,0.9652564171255866,0.9126341728185716,0.9025819890623058,0.964790951148411,0.8203518929401035,0.7711770528442878,0.7964331156104063,0.9953003338928764,1.0322796979393751,0.8443018414619026,1.1184129929486226,1.0516873905430384,0.9942243516629231,0.8117545821441758,0.705713835549649,1.1442435219334413,1.0117275089330726,0.9002414783121602,0.9306589577134219,0.9168294848092711,0.6496216817369617,1.0119022491058787,1.0357637300766924,0.9134929200651383,0.8518035946279654,0.7506226100705511,0.9205587243925272,0.9220470560827114,0.9160430544318432,0.7601449902536924,0.9658074226677269,0.8649664686401424,0.9588586473268865,1.0058953088030134,0.896253905530133,0.8511677581349728,0.9613622949686442,0.9826862063388518,1.2430144030232098,0.9153175896282224,2.438097303937143,0.602484803296284,0.8078400023930223,1.9114069513058785,1.0494544266108021,1.8743736581784662,0.9869299888361529,0.8747534809485287,1.1227021331318232,0.8086282976147269,0.9998503578287814,1.2257805134349593,1.5214886215441443,1.061004052618306,1.1365072891202048,1.0123770653546729,1.3315728012286783,0.8852260771981527,0.7485402372238064,1.0457618803068718,0.6109768487602578,1.014687397529515,0.7576637639648565,0.8202402657791953,1.461244128552146,0.9527946158746197,2.1562323674665684,0.8113256636509026,1.1797681295425215,0.7340313094551859,0.8352412069884045,0.7964593201330585,1.037490646682718,1.2506641911138041,0.8725492790680448,0.8978129361662472,0.9033848557230175,0.8095187949060144,1.00743881214182,2.1481253493757313,1.2897649712043813,1.60879854759604,1.651234943087385,0.6056456015250948,1.5010232955161353,1.2998596462636727,1.1574123682934248,0.9961907328416701,1.170627793974119,1.1683522865085014,1.1890302148752303,1.0454215296308083,1.6849387167944365,1.044108156029929,1.4398074726874581,1.1462448305410857,1.1956955892534809,1.525258348080077,2.1869917757925164,1.0862624705158943,1.2106998178595458,1.9579078954417,1.4004907239324091,0.929037020164081,0.9563130770026896
1.0,1.0,1.0,1.0,1.0,1.0,1.0,1.0,1.0,1.0,1.0,1.0,1.0,1.0,1.0,1.0,1.0,1.0,1.0,1.0,1.0,1.0,1.0,1.0,1.0,1.0,1.0,1.0,1.0,1.0,1.0,1.0,1.0,1.0,1.0,1.0,1.0,1.0,1.0,1.0,1.0,1.0,1.0,1.0,1.0,1.0,1.0,1.0,1.0,1.0,1.0,1.0,1.0,1.0,1.0,1.0,1.0,1.0,1.0,1.0,1.0,1.0,1.0,1.0,1.0,1.0,1.0,1.0,1.0,1.0,1.0,1.0,1.0,1.0,1.0,1.0,1.0,1.0,1.0,1.0,1.0,1.0,1.0,1.0,1.0,1.0,1.0,1.0,1.0,1.0,1.0,1.0,1.0,1.0,1.0,1.0,1.0,1.0,1.0,1.0,1.0,1.0,1.0,1.0,1.0,1.0,1.0,1.0,1.0,1.0,1.0,1.0,1.0,1.0,1.0,1.0,1.0,1.610656851697189,1.3650886408441076,0.7809503041924395,1.5098149406141008,0.9835255508403744,1.3610365378467755,0.8737262101213542,1.040994586904975,1.1796568261275815,1.0144892315130245,0.9824059601040651,1.1162001313183478,0.8774295645581152,0.8798394392051153,0.7383767873521326,1.250087628401054,0.9759928499078772,0.8294649001608846,1.0269160658173586,1.1613344079414332,1.1677287850128313,0.9609542134657151,0.9481310578174075,1.1207680815475378,0.9796929487958633,0.9698694369308736,1.2823342050545885,1.382756683122932,1.6181126989499837,1.8177329162362996,1.150369363595709,1.0741212768054251,1.105537643852057,1.0019246806947644,0.9060980255316625,1.0248971668199842,0.874124941555996,1.3727475574295096,0.9845351191079793,1.2607885223173727,2.0057898763513156,0.8118581264788873,0.9847973547956635,0.9447726124653333,1.131361228498935,1.481755141919931,0.9795898401886061,0.9319809528607687,1.253603005756219,1.1678914923245025,1.0539077752883188,1.0405829829191093,1.1284410908861782,0.9183928773946779,1.0880890695869623,1.667497361914496,1.7175508334398455,1.1428970168440693,1.1321185733060921,0.8642233096147842,1.212401026173899,1.411225469746848,0.962620256402704,0.9934431674395832,0.8578553854021306,1.812710932877807,0.9008592534452216,1.32834129235424,1.4517412917877717,0.8542420330146058,0.9489959176619316,1.259414135174533,1.0654335285892307,1.251152287385664,0.8881347857152968,0.8233663497881047,1.1138175039099347,0.9557038591575041,0.9140231973199018,1.161816867647586,1.3712299644407393,1.2033574903309092,0.8891077149194857,1.095963704746405,1.9652185109927414,1.156121344409818,0.9976320414597029,1.087836826258283,1.1226195482456967,2.081992919711601,1.3864284882213742,0.9311948283899975,1.0422599541624142,1.1495459376225203,1.5028032422641757,1.2991194176946106,1.2453766390231067,1.1076056019290608,0.9921788396018191,0.5665696894525579,1.0802828634681705,1.0367038777077846,1.0113533926437226,1.1291044004767543,0.8953448044868617,1.0430707171629485,1.4172959548432538,1.3268343553935762,1.2307764229036737,0.877618881972031,1.731645504374673,1.222866597871448,1.2994336126916726,4.149903699942749,1.6825643620540065,1.0985911665561168,1.464605611818441,1.941264619657007,0.9063269275460659,0.8877446165234966,1.204039383068237,1.1838111913154838,1.0843535269084574,0.9110418727376685,1.0588515701540475,0.866235218278329,1.0791249609749507,1.1994020952423814,0.9405251629967613,0.9324710067581583,1.1819309979906023,0.7643606082165293,1.0766397303683692,1.1468313514368749,0.9573769029738411,0.9909731919801361,0.9553464105006908,0.9686993260803338,0.9550370316446396,1.1610163295847895,1.2682308531344904,1.0291306139914667,1.3324847245348286,1.812191525221099,1.2912262506436805,1.085151430620423,0.8548726808548592,1.3511104986609574,1.095883386434452,0.97822965875769,0.9952388920352404,1.202387907823587,1.0654150012565897,1.3807850300305746,1.3471950705231073,1.066204116342697,1.543123497162508,1.2245664842870922,0.9248082798759335,1.1363659664123926,2.1249112003464674,1.7774567964287415,1.0681701406557753,0.9154544370725637,0.9083033861432931,0.9924651551024526,0.9790200788483399,0.9728004535480363,0.8553948416362851,0.8321833104612241,1.0432886021036298,1.2582699129197015,0.9435954230472927,0.8774779931251475,0.8950450455132155,0.9798680190830917,1.1871379988989792,1.6067466479035954,1.0561710564326061,1.2794031114194855,0.8594172436210008,1.0355226165876963,1.3986532836982526,0.8906618441667187,1.225190889727802,1.1744563226155311,0.9865480812181655,1.6998830680727945,0.9705564599779768,1.4283039921784644,1.2728391520687747,1.20914469166537,1.295421975052615,0.8007668874470828,1.103728397116463,0.8743287398595552,1.0976306345135478,1.1374241903770281,1.2107761067451408,0.913226437969741,1.0706093695397905,1.5066109775702483,1.0179356011671157,0.8801500092314405,1.007610833872563,0.894423694059571,1.2475908620346188,1.0591005068716632,1.3287887792052127,1.4271280158671633,2.2472936401817254,1.2551741955203322,0.9405287315650862,0.8374781904824988,0.9561366828761431,1.2027855319025849,1.2812302632185868,0.9654950934203161,0.8514995672622305,1.0923806085526642,0.9608865970759766,1.112832864504739,0.9328789325221154,1.0367288896973408,0.7333704563966805,1.049265157855865,1.2543188323896988,1.2645802022777284,1.0096570821203033,1.1491727160168614,1.1214613581628328,1.0620692257400397,1.04971753806934,1.1223958548473218,0.9540533084852543,0.8978736397000926,0.9279806911686848,1.1580752789531015,1.2016028142716921,0.9817266624675001,1.29990175946627,1.2227567523024268,1.156207606691542,0.9444973458498152,0.8202884542621239,1.3307614989900824,1.1755394040863294,1.0466486442410126,1.0818746156867856,1.0667940887724685,0.7555316910639153,1.1764323686549631,1.1992174484351898,1.0618235125121722,0.9912958753501917,0.873459203750685,1.0701611313135442,1.0720061426564373,1.0651626693403142,0.8831258263496113,1.1251037058084323,1.0057814571828028,1.114017800492806,1.1709873239518558,1.043211494197429,0.9908077905328099,1.1185426267932777,1.1422949035015328,1.4457848017317996,1.065919795615564,2.8278580525288968,0.700698608065129,0.9391540884565313,2.2194194023273757,1.2191890044468499,2.1790376447116397,1.1479649237786105,1.0179797204831966,1.3049206631691477,0.9406005325279445,1.1630293421356435,1.4224360505368023,1.7662453357247723,1.232603850640346,1.324684968661117,1.1790146833212487,1.545980891825379,1.0291664631144912,0.869482341248776,1.2174510745046019,0.7101804093042072,1.1792074648825817,0.8808550807078197,0.952906934882471,1.6968821672045342,1.1074114529930539,2.5030310952594843,0.9439463135322413,1.3717273756221444,0.8538024845846772,0.9715707303223509,0.9266549604033708,1.2060329564285464,1.4534017500653755,1.0138253130383896,1.0433150010016554,1.050990498088408,0.9406990116480811,1.1704736567530787,2.5019480795634585,1.5005928675158562,1.8713692207407189,1.9222089781140026,0.7042955259143502,1.7400612257125596,1.5092657103453178,1.3453271929403496,1.1584465668238475,1.3608994018875586,1.3602587042430692,1.3831810602814023,1.2167112672602276,1.9576627439521836,1.2144955557686636,1.6674760033179519,1.3324995081624285,1.389891005030405,1.7749656432796996,2.546801122784366,1.2626148086800877,1.4080236529790657,2.275163435822268,1.6271345804692776,1.078608734980492,1.112517861191657
1.0,1.0,1.0,1.0,1.0,1.0,1.0,1.0,1.0,1.0,1.0,1.0,1.0,1.0,1.0,1.0,1.0,1.0,1.0,1.0,1.0,1.0,1.0,1.0,1.0,1.0,1.0,1.0,1.0,1.0,1.0,1.0,1.0,1.0,1.0,1.0,1.0,1.0,1.0,1.0,1.0,1.0,1.0,1.0,1.0,1.0,1.0,1.0,1.0,1.0,1.0,1.0,1.0,1.0,1.0,1.0,1.0,1.0,1.0,1.0,1.0,1.0,1.0,1.0,1.0,1.0,1.0,1.0,1.0,1.0,1.0,1.0,1.0,1.0,1.0,1.0,1.0,1.0,1.0,1.0,1.0,1.0,1.0,1.0,1.0,1.0,1.0,1.0,1.0,1.0,1.0,1.0,1.0,1.0,1.0,1.0,1.0,1.0,1.0,1.0,1.0,1.0,1.0,1.0,1.0,1.0,1.0,1.0,1.0,1.0,1.0,1.0,1.0,1.0,1.0,1.0,1.0,1.0,0.8468291692174723,0.4840144227188385,0.9367071386528119,0.6097348025358571,0.8436544307032257,0.541756895290446,0.6453803996611137,0.7317476199256927,0.6290013953533529,0.6089720360893396,0.6920324492659837,0.5439993645328265,0.5455422728045739,0.45759066461403997,0.7751836602012038,0.6053122347234092,0.5140274386603394,0.636830373301702,0.7200521933529458,0.7241319430598001,0.5958588774427036,0.5878765962209149,0.6951692874991602,0.6070989951683728,0.6013653209205356,0.7949908190079873,0.8582706754259533,1.0033693855678476,1.1277895230113972,0.7136434432826784,0.6662153209306207,0.6858696479714113,0.6220967316354422,0.5618352560114849,0.6352670236510973,0.5418298672767877,0.8519187256609646,0.610196194642612,0.7814954876676289,1.2429100814295855,0.5035617513882575,0.6109657870023002,0.5859208856085486,0.7015287458792718,0.9190354390103571,0.607313482895881,0.5787447428330161,0.777630502490986,0.7240014425233899,0.653664405097936,0.6450984797139612,0.6999198076494693,0.5692444430823369,0.6746629077506732,1.0340020983254392,1.0654721331005697,0.7083276978591344,0.7019417690389151,0.5357093281701959,0.751537938328578,0.874595675484944,0.5970728953593065,0.6162729388221764,0.5318683526148165,1.1259876401004827,0.5587216014277587,0.8233080775860515,0.9006851168089789,0.5295477031645557,0.5889153680289202,0.7817460730115869,0.6601273252171765,0.7758160954695434,0.5508822341842005,0.5106592762640929,0.6913730701010293,0.5929842266281964,0.5673218824605113,0.7206610609059556,0.8504623331077976,0.7456052995453281,0.5511560208779467,0.6792291016957371,1.2206899630269545,0.7169346565192195,0.6183502981466461,0.6744733447739293,0.6961287622560969,1.290510216249345,0.8583109214916247,0.5773127362991778,0.6459415348106856,0.713373682896449,0.9312039429742155,0.8064050594045931,0.7723180140418435,0.686680043455235,0.6156017505987195,0.3513726869860825,0.6700334737275289,0.642529729141081,0.627205568369832,0.7001748613165675,0.5547161713322648,0.6468879439047732,0.8790436192431484,0.8230060858734048,0.7630381955893997,0.5445505765536549,1.0728767741101737,0.7589466306938717,0.8062085025050051,2.556624068568328,1.04070101320072,0.6806362544366737,0.9050872262637009,1.2050724904499135,0.5618280542829719,0.5503617823044413,0.7464584330215353,0.7343072691663887,0.6723031515993977,0.5649995600874804,0.6566192967618081,0.5371115473566772,0.6694725118766924,0.7435359709625139,0.5831389537160754,0.5777489118623927,0.7331600638308228,0.4736027172714504,0.6673328238251032,0.711679229456087,0.5933439374559474,0.6140074873005388,0.5921621886529005,0.6005903587061892,0.5920696671803556,0.7199803460864993,0.7864706270801629,0.6378105987526804,0.8265631396553351,1.1240357265515788,0.800908732923866,0.6729504377663604,0.5298548411831439,0.8380413535727336,0.6795133347619079,0.6059986892566853,0.6169078875017311,0.7468883348999198,0.6603577563289164,0.8560759409585929,0.8357066878005404,0.6619698260945609,0.9572572270370645,0.7584698581702546,0.573412990352645,0.7045623321158194,1.3183458401051396,1.1027297244884677,0.662369703138933,0.5676370803775688,0.5632845969253881,0.6152904981538417,0.6067124612109482,0.6030105213795861,0.5301903900908643,0.516089249515014,0.6473718508966491,0.780596475413896,0.5849802398362334,0.5438639319238163,0.5549112744171761,0.6071707707580445,0.7363891574053393,0.9967130793640285,0.6555392930508557,0.7929206334849757,0.5332112599788525,0.6421393699668951,0.8669892752625235,0.5514070839996219,0.7600960081587029,0.7283322071382358,0.6115455018920711,1.0546113548723008,0.6017807421863632,0.8863997316113684,0.7892812676177792,0.7499202633430717,0.8040587501435221,0.4964350903065545,0.6844230507950595,0.5419163291520159,0.6798707057125789,0.7055959193647251,0.7508075904335574,0.5662873212836288,0.6646153686614744,0.9341457132755231,0.63081720292706,0.545229000050567,0.6243813270873078,0.554586094166905,0.7738296019845163,0.6569409501491623,0.8238376407502586,0.8852863810692977,1.3925867550206334,0.7776625731427138,0.583003022876786,0.5188874317394551,0.5927050421724009,0.7460789028358112,0.7950735620264763,0.5987712331362538,0.5277339440933351,0.6772240560160987,0.5956207314273088,0.6906523231751361,0.5785555517759018,0.6428907632770418,0.45471207790783075,0.6509654208855138,0.7772595134256721,0.7842652318844537,0.6251099962424642,0.7125551407513236,0.6960080457501916,0.6582017889973913,0.6508417199388594,0.6961498284822247,0.5914776850748966,0.556240268957447,0.5754012450164613,0.7179569374378175,0.743733588168122,0.6087326774268751,0.8059232950520875,0.7586908948782729,0.7169462432829942,0.5851390450228281,0.508646530769399,0.8246664066148797,0.7285526495269591,0.6492309993668892,0.670330951538626,0.6607105571073733,0.468159370754916,0.7295255888776325,0.743408965724784,0.6582100010047687,0.6135360339879415,0.5410535145249867,0.6634768136189533,0.6644812278002472,0.6604336001397357,0.5476993010153501,0.6962933732011581,0.6233035573316346,0.6906273121611635,0.7242687936524247,0.6458895079549285,0.6130919281064288,0.6928119428780279,0.7081669623789937,0.8965934701003723,0.6600182509957357,1.7536965456079487,0.43423966277452797,0.5815074467755057,1.3779270599121118,0.7564303970147048,1.352292955373176,0.7118554575971228,0.6308060059612556,0.8088739466504723,0.5829960979801764,0.721200376717778,0.8824260922084814,1.094311351219617,0.7646345762693596,0.8200627152414599,0.7296263543117494,0.957919343272239,0.6382790390213025,0.5393056320155714,0.7536593006942893,0.4399655205045107,0.730108956055314,0.5456201155837412,0.5909883318650113,1.052075893281906,0.6862555393741332,1.5518519346884148,0.5852813545101241,0.850113041680974,0.5292922840550319,0.6018295527395895,0.5743381127662293,0.7479711272783194,0.9014233890402336,0.6292389908854252,0.6471784428416055,0.6517719235470423,0.5830753988868512,0.7264402475330575,1.549175470929172,0.9301265012205294,1.1626858178059298,1.1895247462248606,0.4363469184880592,1.0797378011136778,0.9361526233885263,0.8344654221050934,0.7183945000801782,0.8438493301107607,0.8424902350677357,0.8576293633057579,0.7540510584151507,1.2133831433166904,0.7523708007139783,1.0358038046048752,0.8264267268510739,0.8618270884512551,1.0999453800010646,1.5722063224738503,0.7825630125106862,0.8729531818531643,1.414031996646979,1.0102455174084204,0.6690436456387564,0.6895186274517526
1.0,1.0,1.0,1.0,1.0,1.0,1.0,1.0,1.0,1.0,1.0,1.0,1.0,1.0,1.0,1.0,1.0,1.0,1.0,1.0,1.0,1.0,1.0,1.0,1.0,1.0,1.0,1.0,1.0,1.0,1.0,1.0,1.0,1.0,1.0,1.0,1.0,1.0,1.0,1.0,1.0,1.0,1.0,1.0,1.0,1.0,1.0,1.0,1.0,1.0,1.0,1.0,1.0,1.0,1.0,1.0,1.0,1.0,1.0,1.0,1.0,1.0,1.0,1.0,1.0,1.0,1.0,1.0,1.0,1.0,1.0,1.0,1.0,1.0,1.0,1.0,1.0,1.0,1.0,1.0,1.0,1.0,1.0,1.0,1.0,1.0,1.0,1.0,1.0,1.0,1.0,1.0,1.0,1.0,1.0,1.0,1.0,1.0,1.0,1.0,1.0,1.0,1.0,1.0,1.0,1.0,1.0,1.0,1.0,1.0,1.0,1.0,1.0,1.0,1.0,1.0,1.0,1.0,1.0,0.569740461428981,1.0993582528794976,0.7157865251786111,0.993571685807652,0.6375031211482767,0.7583244324360118,0.8605113733517951,0.7406612931725501,0.7163448731566775,0.8156969287231104,0.6403438111785352,0.6427324216720401,0.5371008622629077,0.9146984599699696,0.7109853258923133,0.6048122417048238,0.7506418728348544,0.8468724893714257,0.8498442593095936,0.7022824523404718,0.691646650144011,0.8186527060756263,0.7116863440189826,0.7072303274114556,0.9338980732456121,1.0095473941630946,1.1784986945585794,1.3208198403012772,0.8407779816317723,0.7818334899762989,0.803903508937162,0.7331702940648809,0.6588830867572666,0.7477784169075561,0.6363700331669926,1.0022544261559414,0.7162724064095695,0.9156746609787063,1.4651378681917873,0.5920630349532865,0.7195136407740581,0.6891696309151429,0.8241504624967075,1.0807963847186546,0.7142442724833977,0.6820720866803451,0.9102356164747796,0.8526625912108232,0.767632634740127,0.7583575585085901,0.8243247447749029,0.6694445949546585,0.7934920810946098,1.2159044761393019,1.2507871084385618,0.8327564487394135,0.8217536289817702,0.6300599811008722,0.8852597576999247,1.0260111800080818,0.7021837981579253,0.726532107758046,0.6250110612503397,1.32740289188078,0.6588082734451836,0.9695437534119029,1.0594545217895261,0.6237637234890279,0.6932108036584234,0.9236049864474706,0.777162514000471,0.9113840960786865,0.6465103314090528,0.6011477306579174,0.812893788174571,0.6965504910044343,0.6695848497087051,0.8482817670803069,1.0041219006210693,0.876190559586978,0.6469744916658431,0.7990662599856858,1.434947562906063,0.8440820947323717,0.7240652252670742,0.7934006536633658,0.819833958548678,1.5209185603256188,0.9984056072709262,0.675893380101081,0.759307030924889,0.8401526516350121,1.096972539613204,0.952045582175076,0.9103167672407018,0.8091607770643139,0.7238161386948849,0.41306925826225765,0.7895202029614814,0.7550173209336507,0.7367948762301118,0.8226623623705975,0.6511891391641029,0.7590453668895747,1.0334531480372,0.9714050533349872,0.8983690697037359,0.6396980938016361,1.261776804362404,0.8940562518388226,0.9496453141851088,2.918473327667223,1.2320787419640535,0.7997936519938273,1.0590181964163823,1.4143695864345895,0.6609818085263879,0.6485876329553425,0.8793349060953446,0.8648846073161045,0.7900651312927092,0.6645721396880226,0.7720092366609994,0.6322761950491738,0.7860965768130935,0.8743516702877662,0.68441160987308,0.6789366160472181,0.8601361332476106,0.5549915541784709,0.783114111666006,0.8366301534461905,0.6972778113961966,0.7201432370537604,0.6965984760393995,0.7055618770856971,0.6985997472698834,0.8480796879186371,0.9250835868806686,0.7496103053231611,0.97375383500773,1.3206132784108269,0.9411518672349712,0.7930653974323738,0.6223862968522919,0.9840250837941266,0.7996916384023834,0.711816577534728,0.7253761735892237,0.8797646179966454,0.7765638252495128,1.0085772760039582,0.9814088669666151,0.7804520206412242,1.1271583569087438,0.8891964951468097,0.6753315213637497,0.8279458522385781,1.5386910409530155,1.297057332662097,0.7807328637607607,0.6684126238954301,0.6609457570089141,0.7244229406115256,0.7118557460916742,0.709393738932488,0.622634157816928,0.6073382169127364,0.7627631632001827,0.9166791918717094,0.6889867438561719,0.6382459215771517,0.6523961514878991,0.7152692383220862,0.8682579484165276,1.1764331543337074,0.7710981110088002,0.9328940648379259,0.6274203179788402,0.7570226421408971,1.0105148890617868,0.6480846380099818,0.8938056817648616,0.8587555618424123,0.7181592745285705,1.2470868885396822,0.7084102008585792,1.0463899550163025,0.9294641101928885,0.8824647134610138,0.9405066357638945,0.5831034426957327,0.8058515488111868,0.6380186153203866,0.7973465549475194,0.8297910402523754,0.8830357158896458,0.6661887445299226,0.7834259144853848,1.0986595960519465,0.7431472029765563,0.6392454381488715,0.7294896099028363,0.652272368839953,0.9105973575430059,0.7724302086120356,0.969223397212726,1.042720512027353,1.6368149873203266,0.9132024058188695,0.6855554219464705,0.6087122760116465,0.6972487531044592,0.8804080695921801,0.9350805103123234,0.7040427609024797,0.6200349540758168,0.7991054481132622,0.6978992923469353,0.8113839235985523,0.6820842551709029,0.753593417901667,0.5340614097192705,0.7715787424965229,0.9130114208477864,0.9252260878312744,0.7350507942130947,0.8382324780540835,0.8170311719027566,0.774464062124633,0.7665348639010174,0.8206534781946164,0.6961866552242768,0.6557356303042217,0.6812747390547269,0.8496807573769289,0.8701652794715227,0.7152580245622813,0.9476416964232562,0.8965093590868245,0.8437043883033466,0.6864397454747291,0.5966459191543108,0.9703299637446554,0.8518562698415724,0.7624246024505967,0.7843960854616002,0.7754257616574909,0.550202128425742,0.8581304618882313,0.8587712155578475,0.770109743347157,0.718823827084324,0.6354192372687296,0.778566235676326,0.7788152087245672,0.7764467740357431,0.643669755500557,0.8184449384827907,0.7290966265899771,0.8076067047237756,0.8461013566719815,0.7551062009492913,0.7164154345207644,0.8133525045732166,0.829674723973119,1.0574582776315071,0.7753453281017759,2.069369152245764,0.5099054830032324,0.6802598180761672,1.6156364741957154,0.8914289312403857,1.596565296432102,0.8369528749077202,0.7400129275912517,0.9498190790469725,0.6860444851397928,0.8479661640705679,1.0311148699185688,1.2679855968466462,0.8962991129026443,0.9679022445261549,0.8573838374445029,1.111989142392959,0.7504877478483484,0.6318954946480254,0.8853094270866121,0.5142392473488757,0.8504238652069672,0.6367027931869922,0.6918558119000777,1.2289382672022937,0.8046819517382922,1.8110355542796934,0.6896386667435301,1.0004003587838326,0.6228390680169242,0.7064708444816996,0.6764770425008415,0.8800016362497793,1.0594758331718246,0.7389257110683489,0.760660113749657,0.7670282142090052,0.680987424342819,0.8548131807941186,1.8205490867397978,1.0947569531525285,1.3801677132513346,1.4067422219077454,0.5115905140740027,1.2584563244631397,1.0988645004865791,0.9809555020177188,0.8483178025021803,0.9931571466612075,0.9934494067294473,1.0099777465060558,0.8910663300937596,1.421433010600143,0.8804240618751755,1.214686623034179,0.9743136032210562,1.013056140663462,1.2933833276265223,1.8191548661282646,0.9124704167501234,1.0270551588958219,1.6644963210091936,1.1876359753380945,0.7820095035990351,0.8108927685405876
1.0,1.0,1.0,1.0,1.0,1.0,1.0,1.0,1.0,1.0,1.0,1.0,1.0,1.0,1.0,1.0,1.0,1.0,1.0,1.0,1.0,1.0,1.0,1.0,1.0,1.0,1.0,1.0,1.0,1.0,1.0,1.0,1.0,1.0,1.0,1.0,1.0,1.0,1.0,1.0,1.0,1.0,1.0,1.0,1.0,1.0,1.0,1.0,1.0,1.0,1.0,1.0,1.0,1.0,1.0,1.0,1.0,1.0,1.0,1.0,1.0,1.0,1.0,1.0,1.0,1.0,1.0,1.0,1.0,1.0,1.0,1.0,1.0,1.0,1.0,1.0,1.0,1.0,1.0,1.0,1.0,1.0,1.0,1.0,1.0,1.0,1.0,1.0,1.0,1.0,1.0,1.0,1.0,1.0,1.0,1.0,1.0,1.0,1.0,1.0,1.0,1.0,1.0,1.0,1.0,1.0,1.0,1.0,1.0,1.0,1.0,1.0,1.0,1.0,1.0,1.0,1.0,1.0,1.0,1.0,1.932490360523098,1.258005496825462,1.743123325296193,1.1182895548210792,1.3326378236444285,1.5094483350731318,1.2987429929098095,1.2574392998099886,1.428712270578539,1.1231564512937815,1.126820789870995,0.9450951235233691,1.600285497903111,1.2489480307167975,1.0622907087156688,1.3147817322343378,1.4858507762372488,1.4947902224515552,1.2303465843842352,1.21411767801137,1.4343520881124445,1.2539177596507796,1.2413859976375177,1.6413054446433832,1.769211853368167,2.071902161223777,2.325186447160206,1.4722016507562432,1.3745901536316338,1.4147852393218021,1.2817706981393537,1.1594035087701116,1.3120414281213317,1.1189982998084127,1.7569645218714693,1.259837397468243,1.6128126578981863,2.5669592058439625,1.0392119246422387,1.2604354131804298,1.2092685308893039,1.4477037242847175,1.8959465655301195,1.2539829305130854,1.1922364711943039,1.6030148700310556,1.495305787367682,1.348660864743263,1.3316802515240282,1.444452394790059,1.1754388927471355,1.3922290639367454,2.1333943592812554,2.1954815112374435,1.4632021770828727,1.44764793877621,1.1062785800223358,1.5514154190453864,1.8059064707520784,1.232131055751268,1.2714940640635015,1.0979830082346806,2.319438074511724,1.1529567733849988,1.7004689678463285,1.8578716206266828,1.0934386600690242,1.2144519352883552,1.6129264834665873,1.3642235675198866,1.6015215963817293,1.1361851769648434,1.0542044310799352,1.4253998650556985,1.2229127416341838,1.1698078774031886,1.4877966718217306,1.7563015494017686,1.5394769383935856,1.1382779651823685,1.4027423148079319,2.5159734873262294,1.479703655204845,1.27626450727154,1.3920217990734118,1.4366683130079345,2.665613109371639,1.7713352177513384,1.1913604212124453,1.3341357409762873,1.4717321780785357,1.9244054274845757,1.6629128384997385,1.5938605152111447,1.4178924193959457,1.2693693676490359,0.7249022634643569,1.3824490235425022,1.3272544812371272,1.2941452255767483,1.444097020802083,1.1456155654863625,1.334454678507739,1.8139100363170244,1.6989593395010656,1.575215098755204,1.1232056976784603,2.216070873345787,1.5647125857080277,1.6627517447120284,5.293994652049287,2.1568148355784063,1.4067083549576551,1.8744970734631003,2.4826608371390795,1.16003841325034,1.1368001447257627,1.5416444581338595,1.5156388269797183,1.3880838552453039,1.1660175357065596,1.3552905021687613,1.1088543206753148,1.380740164876391,1.5348512231785805,1.2038509349318356,1.1937246103061585,1.512256064391051,0.9784620204123649,1.3779013322084714,1.467432642355693,1.2260425124913958,1.2684748156747823,1.2233897497197104,1.2399692662756783,1.222624063393377,1.48589915628341,1.623061800263362,1.3176399302792148,1.706315666183173,2.3178046198367257,1.6522313614092656,1.3892435848058768,1.0942640719822059,1.7289534441277712,1.402395464168634,1.2514739875464227,1.273987662781198,1.5386499305903687,1.363612370075339,1.7670292628055906,1.7237316923454538,1.3644977750143914,1.9755037564380489,1.5674264988795665,1.183990881144485,1.454085067108867,2.7156744364357825,2.2735500114474796,1.3672458973384587,1.1719503915369198,1.1622915291141473,1.27081908056936,1.2534148183661211,1.2453655274306121,1.094765435184531,1.0651495106435187,1.3349845262073312,1.6097002060473296,1.2079876193328398,1.1230036615015018,1.1457248863339984,1.25494936371323,1.5196804542544906,2.0570062887440903,1.3525291066728116,1.637109958620713,1.1006006081220625,1.325532813917882,1.7881987724841113,1.140747734465676,1.568110676606395,1.5036969631333328,1.2631469950327179,2.175811098444564,1.2428976944922194,1.8303916246755296,1.6290057505552735,1.5474019516401714,1.6555838334592705,1.025044206485763,1.4129171197401362,1.1194446091480843,1.4046981492006436,1.4555770522184512,1.5493313419732706,1.1691697405458346,1.3717214113183778,1.927681999721119,1.3030001541558571,1.1266202540121704,1.289108643439224,1.145278075699511,1.597156831751487,1.3550959844711694,1.6999643749145934,1.8273492209000883,2.875498042240133,1.6074128824784368,1.2040921966672733,1.0714628685329455,1.2239544225028913,1.5396158729621485,1.6397625355645942,1.235732122183733,1.0897865101391826,1.3987247684008377,1.2293312470616373,1.4242490794987126,1.1939942260916383,1.326188457395817,0.939405025118867,1.3444753669434408,1.606312689574826,1.6194851222918096,1.2920138518655948,1.471421865763475,1.4343410132255143,1.359930438768985,1.3436583449665065,1.4376049079985447,1.2212302089715152,1.1497854785476092,1.1889414819419277,1.4833732086740348,1.5389516096294389,1.256392104998662,1.6631968297661266,1.564382079136994,1.479577909406013,1.2085919186512433,1.0495768231934144,1.7038763887820112,1.503821988200806,1.3390205376635325,1.384419932986387,1.3655398205178262,0.9674741672278725,1.5061389455684129,1.5328789591958718,1.3582935955456832,1.268602144793264,1.1190385106008778,1.3695159722859915,1.3718690407950183,1.3636887708105414,1.1301521389992164,1.439648101417188,1.286442958399444,1.4255230938047267,1.4985951600758844,1.3346507821050395,1.2681946280643586,1.43161562237916,1.4615295598526263,1.850569605044642,1.3644959445490905,3.626515885545779,0.8968809506715072,1.2014509245974008,2.8361373946580057,1.5613201929383091,2.7885891217995065,1.4688365191797745,1.302642209681395,1.6697854505314487,1.2040493456276882,1.488535453459603,1.8183963595883652,2.251971271225208,1.5760899321357527,1.6965804920907288,1.5092201306588673,1.9751348664576922,1.3169030247690654,1.1120247759463386,1.559743826556194,0.9088589539869627,1.5069622751497511,1.1266047127265337,1.2191943532472602,2.170067702187735,1.4179167408021258,3.2001957022230183,1.2084573571065558,1.7568900475591835,1.0933391598632138,1.2449869109075404,1.1863662440726856,1.543793460970472,1.8601474158447902,1.2970404756651877,1.3353261146231326,1.3444235847081658,1.2027338806975216,1.4980723401975478,3.201263576763911,1.9203395535016496,2.395321923162288,2.4661511695367553,0.9012687381266338,2.224123601382999,1.9312068550712715,1.7214951043004716,1.4834233446986156,1.741972744271905,1.7417066559241103,1.770838758867692,1.5582783381813763,2.504844120669559,1.5541957338249885,2.137268838261312,1.70469451919636,1.7785743333257735,2.271640647517979,3.253254461282555,1.613537417553594,1.802260853384511,2.911123061037361,2.081803986910607,1.3794202816534518,1.4244538085589205
1.0,1.0,1.0,1.0,1.0,1.0,1.0,1.0,1.0,1.0,1.0,1.0,1.0,1.0,1.0,1.0,1.0,1.0,1.0,1.0,1.0,1.0,1.0,1.0,1.0,1.0,1.0,1.0,1.0,1.0,1.0,1.0,1.0,1.0,1.0,1.0,1.0,1.0,1.0,1.0,1.0,1.0,1.0,1.0,1.0,1.0,1.0,1.0,1.0,1.0,1.0,1.0,1.0,1.0,1.0,1.0,1.0,1.0,1.0,1.0,1.0,1.0,1.0,1.0,1.0,1.0,1.0,1.0,1.0,1.0,1.0,1.0,1.0,1.0,1.0,1.0,1.0,1.0,1.0,1.0,1.0,1.0,1.0,1.0,1.0,1.0,1.0,1.0,1.0,1.0,1.0,1.0,1.0,1.0,1.0,1.0,1.0,1.0,1.0,1.0,1.0,1.0,1.0,1.0,1.0,1.0,1.0,1.0,1.0,1.0,1.0,1.0,1.0,1.0,1.0,1.0,1.0,1.0,1.0,1.0,1.0,0.6498137649432919,0.8984680709404573,0.5766438633122914,0.6881567374938581,0.7786613576322612,0.6692651411720523,0.6484304954194791,0.7359373750464553,0.5788556724890156,0.5806327046658124,0.4882413681648635,0.8233791646541331,0.6453259640709617,0.5476045582526381,0.6774443794940537,0.7662923509296774,0.7718507205431494,0.6333992051440998,0.626109090053783,0.7395608073190785,0.6482347217285673,0.6404514961477801,0.847535177142509,0.9135402057860407,1.0695094909196017,1.2041077461320548,0.7587755330414072,0.7107251696885599,0.7319973970373236,0.6608916849500559,0.599364904741057,0.6762229385254295,0.5777775637537503,0.9068350972641881,0.6506063413562119,0.8333377136572162,1.3201444017074537,0.5364111604706258,0.6496872945233434,0.6239445185345334,0.7474142948511696,0.9782811175143168,0.6468592908523236,0.6146846411195783,0.8310257411433775,0.7705471297048803,0.6966784283868044,0.6871702787739165,0.7446330256552495,0.6062404799386663,0.7182267892877163,1.100514875277586,1.1353434851488613,0.755268336912597,0.7495926231097398,0.5704551429334395,0.7992364066095634,0.9332923003949696,0.6358760065796365,0.6550896617686812,0.5667051730569174,1.1957252734552215,0.5936288593423553,0.8764093117424059,0.9591320550819189,0.563582165537452,0.6264643224321333,0.8303144057815619,0.7029319105756182,0.8272617840379083,0.5872366030001688,0.5435645412513577,0.7364583995537974,0.6317980362377869,0.602134190289374,0.767880567166214,0.9035528155349224,0.7939709270942059,0.588246850645689,0.723446647488282,1.3008054018891717,0.7627748540372319,0.6604810621086805,0.7177975125401894,0.7404876275527768,1.372890885652716,0.9210587379511374,0.6172525740960688,0.6881726318983609,0.7589450097753445,0.9907611734152426,0.8559791637108687,0.8208156614997484,0.7300905261056047,0.6554971263926435,0.37404891639254745,0.7129975681759486,0.6850030226583641,0.6685032646952943,0.7454982398677724,0.5915745322146448,0.6903638018311722,0.9364152853171257,0.8741803982934079,0.8119178925912095,0.5804213961140914,1.1428756836450749,0.8068646541667583,0.857440471356869,2.781325403996955,1.1045774960151287,0.7261750484195459,0.9688336855370807,1.2843399906707587,0.5980963930865938,0.5854534174504004,0.7945485189771079,0.7810192835009387,0.7163575931927202,0.6016169879905726,0.6997467083036899,0.5715603260709757,0.7137812984008067,0.7920511073825821,0.6218339944834017,0.6159897613551297,0.7821437309281708,0.505948284166532,0.7120150399914472,0.7578290853278317,0.6328112870292277,0.6554792608771121,0.6309181940868364,0.6400763157204283,0.6293567144215788,0.7659637434747952,0.8375748010645382,0.6798559830247586,0.8799533497830037,1.198412053078783,0.8530607737268266,0.715544820543877,0.564948591718218,0.8937225412215782,0.7231191490008726,0.6449750455108811,0.6572058722180488,0.7944710083558739,0.703255039126619,0.9098710503135037,0.8907680270483336,0.7028265387858308,1.0192045736183462,0.8102510573692914,0.6100808909605456,0.7509816432527128,1.410839047258344,1.1736296485387552,0.7042171636735007,0.604302511271297,0.6010852448030702,0.6553499542867266,0.6475105167809188,0.6421733071254843,0.5653007990830646,0.5491487846058701,0.6880021023136564,0.8321095593759604,0.6225350284560176,0.5802919308576651,0.590819881366753,0.6462766335784225,0.7826930632749199,1.0583336802172711,0.6986983682671307,0.8445653097777506,0.5676737290992739,0.682363630962626,0.9291747374127182,0.5882991138887472,0.8096832466685986,0.7742213597280339,0.6523772188240349,1.1185455011393173,0.6409078335610741,0.9423441312319483,0.8395569486056202,0.7983095087761781,0.8586764065724515,0.5292275921599751,0.7281558710680305,0.5766909729452809,0.7256492391040085,0.7510875461926723,0.7991565375481071,0.6030306040171637,0.707504931050005,0.9951595052458954,0.6708358601186757,0.5821070463198834,0.6681221111452827,0.591041395361669,0.8239517425424012,0.6995526062380645,0.8764216433768598,0.9424005187526967,1.4836701084813066,0.8299439979902137,0.6212175595369419,0.5536279112919574,0.6311756139487094,0.7925787858249368,0.8463985643099836,0.6377271852433648,0.5625823401154775,0.7196246401680266,0.6360070131469595,0.7360963117511182,0.6147561232195967,0.6859435614059404,0.4852990716483765,0.6902332206077928,0.8287505672131757,0.8339936535728955,0.6660815005921771,0.7590430631174998,0.7418177289179029,0.7009125378770116,0.6923482567842286,0.7400894188143613,0.6296549606709171,0.5914985095132818,0.609222934617966,0.7620527945177528,0.795834914459677,0.6486104195738069,0.8587145540881868,0.8044039367548332,0.7629284924301994,0.6244498756343553,0.5425527998256939,0.8787244959115297,0.7791666272981469,0.6912110694396143,0.7169038668829707,0.7049715192497883,0.499365780571259,0.7771290766599119,0.8031869525256373,0.7034134311517287,0.6559009045930049,0.5773562308436324,0.7077859332562692,0.7093536545317254,0.7038134580468021,0.5837304683339016,0.7420594256916593,0.6662231950108733,0.7387110333279148,0.7766438883687236,0.6911242825894617,0.6569067412115499,0.7391542963279589,0.7560091531629092,0.9526540075701615,0.7039593932580372,1.8707641831576869,0.4631116561542188,0.6223759385354062,1.4674859855075586,0.8049921893179741,1.4349934638049389,0.7576077129380527,0.6724922236899439,0.8626962119151529,0.6207601890408125,0.7676175580099334,0.9434940267663073,1.1756060102209505,0.8153297462894591,0.8714653586752089,0.7781957930085568,1.0296634219961502,0.6794903550116537,0.5756907454536166,0.804677817751954,0.4711065888534126,0.7831092745308343,0.584457782141419,0.6313437147460452,1.1255166555607226,0.7332274485613273,1.6616509347828923,0.6224259994327878,0.9059680819553275,0.5637451660390239,0.6429694778782664,0.6111604317397203,0.7963516414315863,0.9603516759364266,0.6701496206307915,0.6895777461382288,0.69304297951296,0.6236919038847335,0.7731234996404662,1.6491973680929577,0.9896303071941358,1.2265902134873048,1.2653052320476657,0.4661078402167379,1.1569979913939827,0.9985451206919637,0.8887487139323664,0.7631718700505985,0.8982577327527355,0.8965324319088634,0.9124956307689251,0.8010326311576603,1.296953893218558,0.8040448650340104,1.1079788283199428,0.8782630958004575,0.9181894011418652,1.171459244432338,1.6952007967291807,0.8375743991411788,0.9293332069868356,1.501189633945059,1.0745676353903115,0.7156381275893964,0.7346302121477057
1.0,1.0,1.0,1.0,1.0,1.0,1.0,1.0,1.0,1.0,1.0,1.0,1.0,1.0,1.0,1.0,1.0,1.0,1.0,1.0,1.0,1.0,1.0,1.0,1.0,1.0,1.0,1.0,1.0,1.0,1.0,1.0,1.0,1.0,1.0,1.0,1.0,1.0,1.0,1.0,1.0,1.0,1.0,1.0,1.0,1.0,1.0,1.0,1.0,1.0,1.0,1.0,1.0,1.0,1.0,1.0,1.0,1.0,1.0,1.0,1.0,1.0,1.0,1.0,1.0,1.0,1.0,1.0,1.0,1.0,1.0,1.0,1.0,1.0,1.0,1.0,1.0,1.0,1.0,1.0,1.0,1.0,1.0,1.0,1.0,1.0,1.0,1.0,1.0,1.0,1.0,1.0,1.0,1.0,1.0,1.0,1.0,1.0,1.0,1.0,1.0,1.0,1.0,1.0,1.0,1.0,1.0,1.0,1.0,1.0,1.0,1.0,1.0,1.0,1.0,1.0,1.0,1.0,1.0,1.0,1.0,1.0,1.3806286944748818,0.886737384686562,1.0574224821863316,1.1976621937051313,1.0290231167739106,0.997370491785271,1.1318218373041522,0.8903317928287763,0.8921721969324121,0.7506254874649642,1.2666034426581438,0.9915808621569442,0.8417832240167362,1.040909216087786,1.1791883794782696,1.1869243986063798,0.9740785286176367,0.9622122274763484,1.1368214413304072,0.9967884267762643,0.9846682343317462,1.3027520043466392,1.4036177844606414,1.643470467857477,1.850266114414342,1.1666049934683886,1.0918845219191808,1.1246076154735383,1.0158150450320012,0.9215164756804127,1.0399477317673844,0.8881782855814215,1.392939874200359,1.0008598208879436,1.2829497034257558,2.033722075100153,0.8243194557137072,0.9989668231725788,0.9590654013520779,1.1493161922112758,1.5043723550740944,0.9944889428473329,0.9447587746075455,1.276553854208684,1.1846467835315826,1.070834741389115,1.056769173023913,1.1444087161460792,0.9324556508432713,1.1047777713320124,1.6931251654807895,1.7461990980480755,1.1605815675447853,1.1528643718394562,0.8773754348982445,1.2299917331934638,1.4351336413886375,0.9772025615544853,1.0070545258262216,0.8713597607972264,1.837387547081018,0.9131547123663326,1.3474389330406478,1.4735446472516314,0.8662800285895766,0.9628081671458015,1.274671824111514,1.0811805496187674,1.2709905124580574,0.9028053691089782,0.835263800113863,1.130782504746295,0.9708631664409308,0.9258318501123279,1.1787426391563294,1.3886786692662065,1.222746789753952,0.90372617839873,1.1125362021035605,1.9952047282940042,1.1729580331447107,1.0158306724434312,1.104330422147736,1.1388199871648514,2.111012565550735,1.4184761578450245,0.9482526152856363,1.0585536088068077,1.1656614185002498,1.5241846148489633,1.315632062252243,1.2626523124376519,1.1231227599888118,1.0074485099322346,0.5754544422980117,1.0956027471133032,1.0531067902286106,1.0275397762526701,1.147279751486097,0.9104156478171826,1.0608149105861515,1.4391083667542421,1.3437892526853359,1.248745868506848,0.8914898707341918,1.7583846542631127,1.2401900673580815,1.3179645248284984,4.294394929664827,1.701775908146903,1.1161311980655666,1.4931740255207324,1.973059056498362,0.9199420489629835,0.9000186995660793,1.2209089912086237,1.2005001254088814,1.1012630599755189,0.9247897381582053,1.0753004820347212,0.8788869435703188,1.0968820333511156,1.2179329927496698,0.9560977563247443,0.9472628787360182,1.2016488128047982,0.7778560870213083,1.0944468660798465,1.1643982328770877,0.972393078316861,1.007972542647189,0.9697206381299228,0.9841910090321249,0.9677177496753877,1.1775874215696018,1.2873109964055387,1.0453150149097261,1.3512278607715993,1.8412541033700132,1.3115675654568313,1.100174404643741,0.86859060341677,1.3731623828726547,1.1122151362983672,0.9942081459875622,1.0104876199661685,1.2191284734696262,1.0819440022089193,1.4004154779747862,1.3688990688187417,1.0805764085353529,1.5654713551017205,1.246116653187198,0.9379959412128143,1.1544679692644328,2.167592058879082,1.8046187284662274,1.082882256883988,0.9286342161863459,0.923576356086075,1.006785463414182,0.9955109017904148,0.9873979396655643,0.8693340124747935,0.8444666875394644,1.057895491627404,1.2787194400594575,0.9571124363388586,0.8921196891040792,0.9088952632896505,0.9938540732443633,1.2032194713718278,1.6274566172397453,1.071814181111821,1.2989431120976118,0.8719072685262459,1.049798281342407,1.428413314503349,0.9046718122200296,1.2437470658943532,1.1902583127294224,1.0024806773491983,1.719532313335256,0.984643341551439,1.4461314849465583,1.2911948415875738,1.2271017410922838,1.3196794391746423,0.8136309394065004,1.1195999043735831,0.8870304191135927,1.1166182216616882,1.1546769535289867,1.2292270883291643,0.9269066118082295,1.084886282518624,1.529644933180168,1.0324124694741323,0.8953612804925005,1.0274247879264569,0.9078994735457562,1.265952615855125,1.0754228025856238,1.348971273385007,1.4474327761280568,2.282916616111193,1.2755431914072468,0.9549669490792134,0.8519608038795827,0.9706315256780347,1.2185161545836167,1.3004528996510736,0.9803799648906801,0.8651144325635725,1.1066863346994118,0.9779726578286319,1.130455837497927,0.9456836323227948,1.054761226616984,0.7450058747726779,1.0598831039507428,1.2743738156513984,1.2813685378531714,1.025736846753949,1.1663059018166126,1.1401565160174625,1.0779692891074526,1.0647090094829914,1.1374698088762094,0.9681102625245572,0.9102027811155056,0.9379912683629266,1.171072708245965,1.2241692827221522,0.99728974980776,1.3200678804788937,1.2378219718759937,1.1734230776268295,0.9607725288311352,0.8342453752629928,1.3506715137016572,1.1980841014603527,1.0634771500249343,1.1020322427846239,1.0846821413214012,0.7674131669325065,1.1942207842127153,1.2312804855861192,1.0816359590038,1.009391475844224,0.8875765204825922,1.0880956182258745,1.090714466564494,1.0815347396589408,0.8969850447468878,1.143313196571714,1.0248638666940686,1.1351623933738408,1.19458944148501,1.0634512015904265,1.0104829593833193,1.137168533341376,1.1626139038309875,1.4650779634031732,1.0834385740993353,2.863683038583194,0.7121509889527233,0.9571061377142343,2.2576266187576755,1.2358851280711924,2.206628646454559,1.165709063662203,1.0352320699106317,1.3261326029951592,0.9545865974324247,1.1807182239666818,1.4500375293002905,1.8126934864760251,1.2541228865036582,1.3419339751855637,1.1980274300693528,1.582972525614986,1.044974755131715,0.8848207228410099,1.23725390671577,0.7239041915131084,1.2051461342359309,0.8989618755496116,0.9702602071836031,1.7300009513571217,1.1264230978136545,2.5538824900249937,0.9572082860585618,1.392032413968799,0.8664720895130995,0.9875530771062241,0.9398658208632817,1.2240394704910846,1.4760959607128228,1.0301429356730218,1.0595672824202356,1.0668041480041754,0.9594456572293983,1.1877370994020602,2.541792360288827,1.5229568582159116,1.8885074995086177,1.9438439034416692,0.7166666361811227,1.7765057030188753,1.534022236523234,1.3663223612356639,1.1729125231425783,1.3809501145993588,1.3789099449640618,1.4029920370442426,1.23172027086181,1.9926866889701833,1.236970116396845,1.6949104967904938,1.3510989762642238,1.4116682313355027,1.8025616404515237,2.614987742042248,1.2890913794391956,1.4291268148385203,2.3082846731002644,1.6519788617021611,1.0994143240541057,1.1294396785459466
1.0,1.0,1.0,1.0,1.0,1.0,1.0,1.0,1.0,1.0,1.0,1.0,1.0,1.0,1.0,1.0,1.0,1.0,1.0,1.0,1.0,1.0,1.0,1.0,1.0,1.0,1.0,1.0,1.0,1.0,1.0,1.0,1.0,1.0,1.0,1.0,1.0,1.0,1.0,1.0,1.0,1.0,1.0,1.0,1.0,1.0,1.0,1.0,1.0,1.0,1.0,1.0,1.0,1.0,1.0,1.0,1.0,1.0,1.0,1.0,1.0,1.0,1.0,1.0,1.0,1.0,1.0,1.0,1.0,1.0,1.0,1.0,1.0,1.0,1.0,1.0,1.0,1.0,1.0,1.0,1.0,1.0,1.0,1.0,1.0,1.0,1.0,1.0,1.0,1.0,1.0,1.0,1.0,1.0,1.0,1.0,1.0,1.0,1.0,1.0,1.0,1.0,1.0,1.0,1.0,1.0,1.0,1.0,1.0,1.0,1.0,1.0,1.0,1.0,1.0,1.0,1.0,1.0,1.0,1.0,1.0,1.0,1.0,0.6408452554930626,0.7640851510349986,0.8649554999160827,0.7443888831558092,0.7206561531918774,0.8188949741887284,0.6438928314973908,0.6461527466303009,0.5416988247704393,0.9169975339568351,0.7157121541229037,0.6088418935830683,0.753738633226767,0.851290085237904,0.856644453570519,0.705280113265158,0.6961813319240927,0.8218600770253078,0.7185897902603622,0.7115555733403799,0.940840305521037,1.014165808465984,1.1872717554205285,1.3323496215200459,0.8436532259909044,0.7877508293038791,0.8110369493955811,0.7343236349908404,0.6645216469414931,0.7520476069583577,0.6414007287795163,1.007027347034016,0.7218909928380128,0.9237684772065449,1.4703129411301195,0.5955622086506871,0.7223003863549455,0.693242495462139,0.829413433228509,1.086523160848368,0.718830509822489,0.6827921457485209,0.9183232621908579,0.8571565954666793,0.7728879578993817,0.7631549244441227,0.8278250216230277,0.6736216981521764,0.7975790114686707,1.2222264157177913,1.2569761516841809,0.83850146739899,0.8291729864258357,0.6341037402401729,0.8889396259996136,1.0350759985095446,0.7061442025579401,0.7287060879391347,0.6293638147343026,1.3297649649337857,0.6607482433764597,0.9747184332466032,1.0647727270307827,0.6264658063841928,0.6957003377183029,0.9244078886689229,0.7820964065618431,0.9178718098781296,0.6509921399952308,0.6044208659997595,0.8168715123660057,0.7007676111634823,0.6701678940150546,0.8527974255457749,1.006877363870776,0.8818620580671612,0.6526643939579777,0.8039684114500607,1.4428861612434898,0.8479633486786359,0.7314037270713207,0.7977378567530344,0.8232908866730368,1.5277588212117599,1.0133434308268856,0.6827850858825206,0.7645518997898579,0.8435207497363212,1.1028780911262788,0.9525979465520937,0.9131695599367926,0.8125382319032071,0.7271552013698961,0.41526670034606344,0.7921128440818789,0.7608215786731329,0.7416002375335767,0.8272337138312413,0.6563526405930141,0.7650190011689737,1.0394513765863593,0.97361687485696,0.9027865680199152,0.6437183597676233,1.2694091787350847,0.8964434284979008,0.9526942030533055,3.025940700660737,1.2364445177516044,0.8064752337992558,1.0745748009351213,1.4218492497875497,0.6649604482908189,0.6516278859456479,0.8838256059580407,0.8690125405426612,0.7953486084409297,0.668142256498364,0.7769880556536749,0.6355622266042308,0.7916138112306004,0.8795911763807478,0.6902501403819233,0.6841759152241564,0.8663666553657783,0.5608980719508148,0.7894594497368017,0.8409194980082473,0.7030334031675095,0.7270355697802642,0.7015024148161655,0.7108474692233885,0.7006145634058771,0.8516035417420827,0.929945873025434,0.755400208823978,0.9784122195902749,1.3279537035627773,0.9467446162386468,0.7963758512926147,0.6271633107908215,0.9910410141080088,0.8035805228627098,0.7171088779306727,0.7303488861835616,0.8818839479681116,0.7813132670223928,1.0124342831942916,0.9877466529969513,0.7816950703217425,1.1327733724142652,0.8986366100957619,0.6787865719729214,0.8330506117461569,1.5549146006083998,1.3027080865381953,0.7835420084056903,0.6718029456642891,0.6661825346878401,0.7286423621821636,0.7186988943110723,0.7139222614724812,0.6274166924979584,0.610607348987312,0.7649190128249037,0.9220855520944987,0.6923454159533308,0.6435915896939683,0.6566457682728752,0.7194625178050725,0.8709503381390808,1.1788645522371213,0.7755241400870684,0.9376450363572573,0.6311406504130748,0.7596297733078341,1.0246088839622947,0.6542691534822862,0.8988745660378112,0.8620666779791223,0.7242486242482916,1.2470362540694704,0.7127190698269358,1.0502011507731208,0.9334479938684804,0.8868864906278433,0.9483296946709363,0.5875867758815337,0.8099278487864368,0.6417166088875381,0.8051844620057914,0.8341749112605072,0.8878409791106336,0.6702544818572951,0.7866497660728802,1.1041425828633447,0.7470010172122652,0.6459117001697837,0.7389515796630004,0.6566010314032946,0.9154448596644343,0.7764573475219116,0.9739574257834984,1.0478863783074104,1.648080583677718,0.9219147104112855,0.6903228423514808,0.6138651103841138,0.7016301068101803,0.8823605315723382,0.9395624394652855,0.7083819078165166,0.6245251737230177,0.8014171074447549,0.7045471866842115,0.8165412549717992,0.6842939593503912,0.7598068789282647,0.5387890886492444,0.7706766546646383,0.9211265552875632,0.9286670797669747,0.7401568654958085,0.8435808025536929,0.8220887547765385,0.7796208198807243,0.7700152385841348,0.8243843785328211,0.6999279897309422,0.658922869291946,0.6816239344931936,0.8506118060768462,0.8822368526431077,0.7201782697882007,0.9530113369426063,0.8958359530560256,0.8478364494407373,0.692675281474939,0.6014122925401635,0.9766670427796754,0.8615673767457281,0.7672581758738476,0.793507603529253,0.7825276164150076,0.5546498721810311,0.8635496145832812,0.8783476711103495,0.778372667859714,0.7269228336317488,0.6417420983469179,0.784932734959304,0.786278112341372,0.7818708080691219,0.647560372936973,0.8246991483037349,0.7372596319828921,0.817060668917166,0.8593818407145308,0.7652548586967833,0.7271338439587733,0.8202528974699475,0.8375343059056533,1.060703484541753,0.7822863522948984,2.0805400104481606,0.5140225002775372,0.68833727873522,1.6241541879563384,0.895080816657893,1.5980262464025956,0.8416562479835583,0.746425073084569,0.9569965415723594,0.6900604708013867,0.8531580065649456,1.041694055818875,1.2874590746438987,0.9028658389094233,0.9725006894710286,0.8646894111235306,1.131235193932882,0.7546030745684225,0.6372101033663075,0.894275939395919,0.521010110397479,0.8628544063441335,0.6456248568328149,0.6987498301127603,1.243212280554767,0.8128143053073562,1.8330242999143016,0.6927483613800606,1.0071864058880855,0.626859413130801,0.7141909790607535,0.6799736619999688,0.8847542925493398,1.0659645391274855,0.7433856790311005,0.7652904026942717,0.7703868036110628,0.6889929291122325,0.8587501678524123,1.8328962665941388,1.1003801519533107,1.3720871147558118,1.414121074583679,0.5165366128475237,1.2742235370860677,1.1063504654182765,0.9866137751560893,0.8503605489216741,0.9981066643984706,0.9984368834950286,1.015195385935566,0.8934668637993348,1.435436993942698,0.8905448768720245,1.2264667259925874,0.9763717158280986,1.019138044272257,1.3017537502687841,1.8623599008224652,0.9244548085565425,1.0328894700271316,1.6693544201804889,1.193049563176464,0.7903671265614572,0.8166051515415986
1.0,1.0,1.0,1.0,1.0,1.0,1.0,1.0,1.0,1.0,1.0,1.0,1.0,1.0,1.0,1.0,1.0,1.0,1.0,1.0,1.0,1.0,1.0,1.0,1.0,1.0,1.0,1.0,1.0,1.0,1.0,1.0,1.0,1.0,1.0,1.0,1.0,1.0,1.0,1.0,1.0,1.0,1.0,1.0,1.0,1.0,1.0,1.0,1.0,1.0,1.0,1.0,1.0,1.0,1.0,1.0,1.0,1.0,1.0,1.0,1.0,1.0,1.0,1.0,1.0,1.0,1.0,1.0,1.0,1.0,1.0,1.0,1.0,1.0,1.0,1.0,1.0,1.0,1.0,1.0,1.0,1.0,1.0,1.0,1.0,1.0,1.0,1.0,1.0,1.0,1.0,1.0,1.0,1.0,1.0,1.0,1.0,1.0,1.0,1.0,1.0,1.0,1.0,1.0,1.0,1.0,1.0,1.0,1.0,1.0,1.0,1.0,1.0,1.0,1.0,1.0,1.0,1.0,1.0,1.0,1.0,1.0,1.0,1.0,1.1911305445408,1.3496689813943616,1.1609450973432058,1.1239234109385352,1.2772239374082086,1.0039336543793365,1.0070189207692042,0.8446994630898976,1.430912728716681,1.116868660046351,0.9492498899856457,1.1755973723501678,1.328582340353563,1.335831768098764,1.0998812616410758,1.0851237801155045,1.2828078246905479,1.120589783786925,1.1096809114398472,1.4671329762305483,1.5826079853711374,1.8520032440896639,2.0796317703143563,1.3166789969698705,1.2289549197282041,1.2647165991470146,1.1470592027187294,1.0364296168555067,1.1727433236122344,1.0000822201230029,1.5715304949866296,1.1261353220496495,1.4420918553595734,2.2950740607078717,0.9291679789548322,1.127062801015504,1.081048883274538,1.294455862772387,1.695423453689675,1.12086250304626,1.0672179525418444,1.4343259960193113,1.3366488235687828,1.2060266706733196,1.1905598291817996,1.2917957718949689,1.0506901669452016,1.2449986081031779,1.9077656640176408,1.9650649470397008,1.308011539629272,1.2947803076980016,0.9887874331901458,1.3871137180262092,1.6139965946940498,1.1016493963589444,1.1372358045835775,0.9814543042285235,2.0752364247435193,1.031026716106602,1.5201077686491145,1.6614921922252026,0.9778919412955362,1.0863353162944807,1.4427507757200406,1.218961599729322,1.4317984022327703,1.016204644396441,0.9423886107516585,1.2749652516512584,1.0937750137303812,1.0465482220788154,1.3302799475859226,1.5698972320848332,1.3761050377295216,1.0171708163393023,1.2539827036263362,2.249961864207042,1.3231106289416639,1.1407639833200156,1.244514769719254,1.2846977240125623,2.3827888175917735,1.5837953802730278,1.0648834555793132,1.1923966010313047,1.3161572850952497,1.71998532444203,1.4878360263123422,1.4254062701989905,1.267607963816619,1.1355817865646043,0.648232031084424,1.2367382393978863,1.1860587572592238,1.1573593356613434,1.2916041764289112,1.0238785785957412,1.19318738372619,1.6221740456108036,1.5191409745802198,1.40827630777911,1.0043596107342372,1.9810905425834113,1.4000205296964439,1.4873790153629876,4.723066295712375,1.9258303940913701,1.2568589538245418,1.6728434636316392,2.2216750180983373,1.0369149733384222,1.0160206795167577,1.3784205636919995,1.3548985922045382,1.240879269714012,1.042628702842714,1.2119623075712624,0.9912352758216345,1.234496525721775,1.3723240491270499,1.075828909859744,1.0667932429833225,1.3524634989741706,0.8741955467962848,1.2318774459967714,1.3126497616674455,1.0954788987651956,1.1334791066227348,1.0931735158902083,1.1083093833382551,1.0933131032697823,1.3286625167389734,1.4515481567815554,1.1774002296920223,1.5254411649246133,2.0738584165762086,1.4776186444026775,1.2419426927272545,0.978014152328683,1.5459496703816649,1.2539471673493665,1.118159780439666,1.1386896651966192,1.377349149440826,1.2190701086956213,1.5800076993346095,1.5416677185457435,1.220774404999806,1.7661056428219775,1.400214510337697,1.0583113255308372,1.300336245628951,2.4305087127939635,2.0338380204956605,1.2226273328278674,1.0478311232322701,1.0392504607719144,1.1360356242297114,1.1198457698439492,1.113100047879437,0.9786042399831387,0.9522226921461138,1.1941261174411077,1.4397512789341724,1.0799364234819842,1.0038148775817741,1.0239416554567322,1.1212496236957554,1.358860128998775,1.8396211368277569,1.209524078531718,1.4640753407604,0.9836644655334974,1.185046457937661,1.5987022493962653,1.0188908474123797,1.4025162969150062,1.3441910669572803,1.1287927905887014,1.9471506730242112,1.110892706701502,1.6360375850202855,1.4566508028120775,1.3836529888297875,1.4817709032222712,0.9161396652864947,1.263056748848391,1.0003920237141544,1.255025688443939,1.3016418401862058,1.3852962635552448,1.0450697931396,1.2264557400109242,1.7241673869440712,1.1646255330371647,1.006268147304492,1.1518012807656441,1.023711868686823,1.4278244621237965,1.2119048813907234,1.5201538317007548,1.633688896911644,2.5705281988257127,1.43598390010304,1.076155074614853,0.9575959578508648,1.0940438180135175,1.3768262861477285,1.4666026621179653,1.104716212374218,0.9741647974919483,1.2506250090335755,1.0989508579616938,1.2735698902225794,1.0676493875815156,1.186014631886736,0.8394137054327278,1.2024332682381762,1.4349977587741456,1.4478218361282824,1.1546848672274987,1.315101112836775,1.2829001296656686,1.2152422659589552,1.201316330466529,1.2846509166929216,1.0917263875338192,1.0274911756007585,1.0625912223739264,1.326372483363151,1.374110491562797,1.1230675458446089,1.4874119923013933,1.3999457608900319,1.3229772508067936,1.0800918115323772,0.9382591404140023,1.5229554747077738,1.3443425517022465,1.1975199684798035,1.237100459920393,1.220267254165689,0.864499199416541,1.3463982017283027,1.370581243035002,1.2141254461203153,1.1333449339560762,0.9994725776426516,1.224299298966805,1.2262317870177524,1.2187852685309422,1.0107906802515714,1.2864669780135896,1.1497182917323068,1.2741006104520767,1.3379115709439686,1.1920173742658111,1.1323032449907382,1.2793952460526057,1.3064895592085704,1.6553344634399698,1.2189168163872368,3.24116424132263,0.8015903817343311,1.0738833558174092,2.538385773620067,1.3959706944889239,2.4949046470008946,1.3131864102600306,1.1641289131102126,1.492977147338916,1.0762794179503572,1.3304594156441332,1.6271304119107854,2.015783167500689,1.4099206091153236,1.5157756592324723,1.3483309252042792,1.7655351947214095,1.177555684096439,0.994568686791947,1.3928739793152212,0.8119927941820502,1.3472979912695604,1.0066886014112262,1.0898978674726503,1.9407643322185426,1.2670421014184727,2.8622862114464223,1.080179920598865,1.5701743320467587,0.977073616840942,1.111817201669298,1.0604156314333064,1.3801928194103865,1.6631782030690205,1.159922657086616,1.1938634021503634,1.2024858746766176,1.0752768296077242,1.3397382393610184,2.861030610277685,1.7167579339092214,2.1440087780762758,2.202161333415553,0.8054085529459982,1.9903010752959784,1.7273610449608452,1.5393617553582297,1.326561924799055,1.5575691307549797,1.5564041603278584,1.5828064753738569,1.393007830376338,2.2390997923657006,1.3887015409308952,1.9101687693677505,1.525204191525975,1.5902206951403652,2.0303537764332207,2.9044482108272933,1.4428138437496871,1.6111411368591664,2.6042693746865107,1.862133246977863,1.2334619640698588,1.2729109059849602
1.0,1.0,1.0,1.0,1.0,1.0,1.0,1.0,1.0,1.0,1.0,1.0,1.0,1.0,1.0,1.0,1.0,1.0,1.0,1.0,1.0,1.0,1.0,1.0,1.0,1.0,1.0,1.0,1.0,1.0,1.0,1.0,1.0,1.0,1.0,1.0,1.0,1.0,1.0,1.0,1.0,1.0,1.0,1.0,1.0,1.0,1.0,1.0,1.0,1.0,1.0,1.0,1.0,1.0,1.0,1.0,1.0,1.0,1.0,1.0,1.0,1.0,1.0,1.0,1.0,1.0,1.0,1.0,1.0,1.0,1.0,1.0,1.0,1.0,1.0,1.0,1.0,1.0,1.0,1.0,1.0,1.0,1.0,1.0,1.0,1.0,1.0,1.0,1.0,1.0,1.0,1.0,1.0,1.0,1.0,1.0,1.0,1.0,1.0,1.0,1.0,1.0,1.0,1.0,1.0,1.0,1.0,1.0,1.0,1.0,1.0,1.0,1.0,1.0,1.0,1.0,1.0,1.0,1.0,1.0,1.0,1.0,1.0,1.0,1.0,1.1312573442978704,0.972873212151154,0.9425230604226484,1.0696325400971096,0.8417169218556029,0.8440945217155327,0.7093696664377163,1.1968594189776791,0.9368218251915319,0.7959826249415041,0.9846110824945851,1.113449763094283,1.1214549895209656,0.9211191951968767,0.9102849948156808,1.0742516789295753,0.9417386631479179,0.9307535722969346,1.231385345394805,1.3263781866068158,1.5537926095544061,1.7470765570326479,1.1023544457718422,1.0317519581627046,1.062801632864597,0.9592486856721232,0.8705744958805611,0.9830427932795982,0.8395285563535468,1.316747734184578,0.9452390966995229,1.210777578317803,1.9204604429765668,0.7790402740250573,0.9438992720591084,0.9066362587807026,1.0855864275728035,1.4211312613093976,0.9401465985545365,0.8922029707332332,1.2050784208830936,1.1202291832018878,1.0117073153471976,0.9984451624937868,1.0817652051956173,0.8811195419194413,1.0432651224156144,1.598783143252438,1.6468075094550163,1.097085033750121,1.0877206911015571,0.8292524783349868,1.1615999460755178,1.35600279033182,0.9235912866772664,0.9518176848538002,0.8234891159526885,1.7363933160832863,0.8628664776271221,1.2739936733489974,1.3925258606161677,0.8187817589683187,0.9094611596158553,1.2057719511740346,1.0222730982629318,1.2013334284035635,0.8525704558227707,0.7899600830077008,1.0687006643084658,0.9172520789740299,0.8747566436901617,1.114854974142312,1.3135989527760832,1.1539815221417804,0.8544719526304827,1.051579346496726,1.8872311142955978,1.1084380401290423,0.9592568915608346,1.0432405611754243,1.0759102730394055,1.995683991616081,1.335076919491069,0.8956202978788785,1.0002418902402668,1.1024213158834355,1.4407089662425152,1.243615810072337,1.192701079708037,1.0614879422591568,0.9514200518248712,0.5433461499407664,1.034993309634761,0.9955222269026269,0.9707005964622027,1.0826881733303395,0.8595222088635683,1.002112486003212,1.3599944547217477,1.2706959337795563,1.180019546386604,0.842536126261423,1.6607011925401047,1.171423263184785,1.2449712753113786,4.034157780314965,1.61083538403695,1.0553657196924195,1.4102214668527364,1.8623782446980575,0.8695164939729279,0.8512602885683633,1.1549992285512742,1.1353739919311623,1.0407135216189132,0.8738355656181931,1.0165518318325497,0.8307453774465678,1.0364689035781698,1.150626576592455,0.9038721873387816,0.8952869775592869,1.1349525820194488,0.7351886847658189,1.0340925019831004,1.1002367421877688,0.9198675453156129,0.9525143458410211,0.9172551919493439,0.9302140398847547,0.9145679343128286,1.1129609054607232,1.2163906998656506,0.9883910472791725,1.2782566825750088,1.7394351545701823,1.238922394719813,1.0401617350247654,0.8208582441841668,1.2975683691997335,1.0506365210723632,0.9385970817538456,0.95535819302882,1.1526866065584964,1.0218796098969303,1.3227934608688026,1.2932574287102538,1.0208452159406387,1.4803535191800101,1.1777100463029115,0.8869390432348989,1.090263462814388,2.043271219978803,1.703855484136814,1.0236946129571516,0.8781239048068357,0.8726036834250595,0.9525208998298884,0.9412507752472488,0.9335463290532341,0.821382816481133,0.7983244539844497,0.9993681509447474,1.2074094766141723,0.904725240242052,0.8428091447415245,0.8589460780825608,0.9399590218141702,1.1373552372380877,1.5381695108886704,1.0142731871615525,1.226405158048693,0.8249682432509478,0.9921317729878529,1.3476159564504915,0.8560413362363095,1.1758903550390007,1.1257042669371011,0.9480466690476952,1.6257245973775318,0.9315081855212961,1.370094901415114,1.219962183085443,1.1596704470976555,1.2448456803816936,0.769046692183002,1.0584994619933146,0.8386602306760751,1.0549482179052903,1.091166109552364,1.1612144702121674,0.8764661777059355,1.0272508111426863,1.4446202860837647,0.975988480974781,0.846428248108661,0.9703202987220141,0.8586302109443105,1.1969240515879966,1.015737400665607,1.2736126617872094,1.3691414141704124,2.156729942725481,1.2067050223906444,0.9029009566302266,0.8042998433637879,0.9174860074355823,1.1518155589980033,1.2288700058408673,0.9266352612070909,0.8174207024168165,1.0461659830976102,0.9236823673185772,1.0685012923389516,0.8938060609352101,0.9959516307152774,0.7050694823411724,1.0031173153679362,1.2052057007767436,1.2122028063143717,0.9684564395430588,1.1031538197693616,1.07654182279304,1.0192723013042237,1.0062891905064946,1.0763543023156656,0.9150636492945743,0.8605878516621015,0.8875703733676947,1.108297138329775,1.1573938407014275,0.9424087543216819,1.24690443911873,1.168363085101848,1.1084748942690457,0.9075148226111576,0.7878429244001297,1.2771459020813287,1.1309341589939375,1.0044058420203918,1.0410322574216224,1.0248100093266284,0.7257041782216055,1.1289730990102096,1.161780873716238,1.0213723265188996,0.9531914250046124,0.8397743891381964,1.0280879913239955,1.0304904647121114,1.022782290581993,0.8473341574607272,1.0792289103462376,0.9676440762297306,1.072354422322852,1.1289045648777587,1.0045766954570658,0.9548341029691305,1.0741558832455467,1.0981330514784726,1.3850881873178267,1.0238292630743668,2.715600068432008,0.6729374091172361,0.9035102754983299,2.129000096021814,1.1693713689343386,2.0852951414252914,1.1009900670742865,0.977884849203118,1.2530041262798348,0.9022944116897224,1.1159018448651694,1.3683562593680354,1.7004309045724924,1.183317996816052,1.2691841104231345,1.1318128493332105,1.4920915542269126,0.9871132519446961,0.8354572466466265,1.1706915238022177,0.6840963040240995,1.1358004704281934,0.8484850305126754,0.9164454525339756,1.6333478617057788,1.0650182050486037,2.409077009337821,0.9048709125127666,1.316975169907984,0.8194973959097236,0.9350577666897073,0.8885435499069362,1.1569192869490827,1.3947557024648227,0.9731523056677878,1.0011369287396343,1.0074411047176297,0.9052608419460766,1.1225408933719372,2.3976214172495967,1.4384858501636884,1.7842274052458118,1.8432332661870239,0.6770705706202553,1.6764753058833608,1.4489375755125906,1.290712597780514,1.1095906725189764,1.3049966255815462,1.3040735258472576,1.3266114270147087,1.1654171583966038,1.8827705039412743,1.1684065857218324,1.6067862781716786,1.2753644757526414,1.3335491310304062,1.7032310898689156,2.4605916317611207,1.2159558493254945,1.3505618474214425,2.180875089555875,1.5604749917426202,1.0379802759623535,1.0679777053454869
1.0,1.0,1.0,1.0,1.0,1.0,1.0,1.0,1.0,1.0,1.0,1.0,1.0,1.0,1.0,1.0,1.0,1.0,1.0,1.0,1.0,1.0,1.0,1.0,1.0,1.0,1.0,1.0,1.0,1.0,1.0,1.0,1.0,1.0,1.0,1.0,1.0,1.0,1.0,1.0,1.0,1.0,1.0,1.0,1.0,1.0,1.0,1.0,1.0,1.0,1.0,1.0,1.0,1.0,1.0,1.0,1.0,1.0,1.0,1.0,1.0,1.0,1.0,1.0,1.0,1.0,1.0,1.0,1.0,1.0,1.0,1.0,1.0,1.0,1.0,1.0,1.0,1.0,1.0,1.0,1.0,1.0,1.0,1.0,1.0,1.0,1.0,1.0,1.0,1.0,1.0,1.0,1.0,1.0,1.0,1.0,1.0,1.0,1.0,1.0,1.0,1.0,1.0,1.0,1.0,1.0,1.0,1.0,1.0,1.0,1.0,1.0,1.0,1.0,1.0,1.0,1.0,1.0,1.0,1.0,1.0,1.0,1.0,1.0,1.0,1.0,0.8595278576580638,0.8323540553578435,0.9455022571589342,0.743415888358206,0.7454758930058876,0.6255233250778967,1.0590327553346786,0.8269252985751318,0.7027645923292076,0.8697301635349011,0.984017973343926,0.9898533521587278,0.8141060113399785,0.8032867119898822,0.9496055081552962,0.8300883318584243,0.821723891723761,1.0865119947483994,1.1717578901494614,1.3712252360102584,1.5412450421471833,0.9745673122818557,0.9102751064275676,0.9373027226961504,0.8490919449540699,0.767948216713463,0.868115297323237,0.7406643971756713,1.1633650878072377,0.8341404548304058,1.068467728042341,1.69898143590282,0.687877308695584,0.8344956389415459,0.8006246746300835,0.9586998799190114,1.2556110607533082,0.8299887459427953,0.7895759594016287,1.062132440745632,0.9892789781395395,0.8930217145293381,0.8816415760370363,0.95593909863521,0.778016883970652,0.9218638716835079,1.4130231142506697,1.4549645514667,0.9681551963358206,0.9594011727206805,0.732237864512827,1.027106547513421,1.1958771078290924,0.8156548907627253,0.8416039895576366,0.7269211501169701,1.5363814935724365,0.7631756837062271,1.1250657202977825,1.230327156326001,0.7232711271736727,0.8041422298007987,1.0669566366091918,0.9023476501996753,1.0600213057934331,0.7526303572844711,0.6975951376816093,0.9440535280564489,0.8099202786710762,0.7744073207953333,0.9843695249436623,1.1614178038763872,1.0196679437352598,0.7534825740245175,0.9283806378727608,1.666279042386161,0.9794547679898882,0.8454084825269521,0.9217671463611282,0.9510483433219423,1.7632664109699687,1.1746663940351398,0.7891602169250077,0.8830523072659846,0.9740851532736969,1.27292065775484,1.1006214605015021,1.0549746470055252,0.9382802931451135,0.8406114770743891,0.4800254214996833,0.9148457334724598,0.8784184114707805,0.8568498443432502,0.9566531622469965,0.7586047359441024,0.8837094165968827,1.2008011128749476,1.123729424789408,1.042691966375401,0.7437510808950915,1.4665004290790893,1.0358244773547463,1.1009434864100027,3.517463141664983,1.4230867925610953,0.9305277782720653,1.239841371271642,1.6451031467019075,0.7678705205797057,0.7519810624047436,1.0196063010887582,1.0032047880336687,0.9187161771181194,0.7718147339843902,0.8967406423620319,0.7339309087640415,0.914654881998854,1.0159747408263042,0.7970045695232371,0.789783538228448,1.0016662770741203,0.6476698315841507,0.9121673631554132,0.9718591646597416,0.8110544034166782,0.8395487717289882,0.8092810545591987,0.8207942530984729,0.8088338523368692,0.9835856197669967,1.0741626007949971,0.8718280391077591,1.1288037855963071,1.5351159135831445,1.0940572957861916,0.9194772101095663,0.72429514871967,1.144787671657729,0.9285588033884039,0.8289842754320684,0.843167787786139,1.0185257339184026,0.9024165132834201,1.1698018576043947,1.1416559131878383,0.9034608878712866,1.3075371859162133,1.037459617967527,0.7835554953880627,0.9626485981794111,1.801050194639032,1.5061629257572546,0.9047983690917589,0.7755084363328237,0.769629994655748,0.8406291684047437,0.8295138916265263,0.8241598944505736,0.72466335970335,0.7050747638605017,0.8839939913450313,1.0661423264995178,0.7993294763367671,0.7434481143071583,0.7584304422656198,0.8300939932062558,1.0057961540198797,1.36122703672263,0.8949420205286504,1.0834811028810003,0.7283513560400464,0.8771344701744328,1.185863435759674,0.7542001217936571,1.0380847762678225,0.9950992199681711,0.8358870369159263,1.4392683714490684,0.8221982808096877,1.2102293297458115,1.0783386517037061,1.0244980134664372,1.0981878706822714,0.6785841224416638,0.9351827842031424,0.7407622613318121,0.9298101132915568,0.9638631930005508,1.0259530887510162,0.7737372404721311,0.9076359091216017,1.2761185567315703,0.8622000693754462,0.7459158466196496,0.8540781099914835,0.757796537590987,1.0571193057599013,0.8974602810267202,1.125804657527155,1.2091612050574598,1.903623810293369,1.0632997443178107,0.7968119047612504,0.7095828797686079,0.8100113388331005,1.0190004584125356,1.0857974227865907,0.818080981055814,0.721342777202626,0.9252498117341448,0.8141581901382827,0.9432095808938786,0.7902591393981464,0.8785204371066765,0.6214275695109828,0.8886130311611347,1.062953370677127,1.0710140431949857,0.8549856265953001,0.9737572483432381,0.9502401654256154,0.8996851431320938,0.8893420802504013,0.9512386850898713,0.8082098368479979,0.7604577734527759,0.7860476379415635,0.9804352776010663,1.0178494952239692,0.8319788738430327,1.1011215158714016,1.035691240289708,0.9796075533346151,0.800091062343016,0.6952932076577514,1.1270958613962625,0.9962388833260384,0.8870082039749578,0.9168948675747463,0.9035654541943847,0.6399954466637142,0.996855416320712,1.0166921282497412,0.8998797473592042,0.8395311197227316,0.7399033050043932,0.9067930307740344,0.9083592938240819,0.9024572269037037,0.7480689790644084,0.9527288074972672,0.8522418499615885,0.9441170156228451,0.9917333830758179,0.8840289445823826,0.8393733575381614,0.9473004374213284,0.9682551006510816,1.2241335197313268,0.9028937394102576,2.3959041329847692,0.5936829028833389,0.7953042978533674,1.8817777214944353,1.03291807939976,1.846114786693353,0.9728962152776977,0.8625785557750958,1.1054031638955735,0.796794333181547,0.985866758703775,1.205577178283245,1.4959939388046761,1.044856736638101,1.121669984583201,0.9982663153334925,1.3108178499413503,0.8721104504184856,0.7368252818690465,1.0307867563785658,0.6017802097967777,0.9991982992217842,0.7465007629055181,0.8077599341724557,1.4378615962770904,0.9383670371232571,2.1205540015346602,0.7997789946749375,1.162034397461289,0.7233384375712977,0.8229869884295915,0.784983993215513,1.0219337281113026,1.2316756932057267,0.8593580600596991,0.8842153510770622,0.8902898493983072,0.797218487113587,0.9920273838936886,2.1194668545640925,1.2714957517064058,1.585331260015446,1.6269972221574958,0.5966389197152806,1.475319607173561,1.2786246416359874,1.1399761325613365,0.9811437820051505,1.1529629240521289,1.1517278741238326,1.1719571682168675,1.0301788819585982,1.6587495964750412,1.029158328430832,1.414180013258399,1.1285499420994003,1.1776642001583366,1.503671953829457,2.1574725308905833,1.0698191746543337,1.1929995022546551,1.9296782162414945,1.3793042784933638,0.9142327754002976,0.9425624436813955
1.0,1.0,1.0,1.0,1.0,1.0,1.0,1.0,1.0,1.0,1.0,1.0,1.0,1.0,1.0,1.0,1.0,1.0,1.0,1.0,1.0,1.0,1.0,1.0,1.0,1.0,1.0,1.0,1.0,1.0,1.0,1.0,1.0,1.0,1.0,1.0,1.0,1.0,1.0,1.0,1.0,1.0,1.0,1.0,1.0,1.0,1.0,1.0,1.0,1.0,1.0,1.0,1.0,1.0,1.0,1.0,1.0,1.0,1.0,1.0,1.0,1.0,1.0,1.0,1.0,1.0,1.0,1.0,1.0,1.0,1.0,1.0,1.0,1.0,1.0,1.0,1.0,1.0,1.0,1.0,1.0,1.0,1.0,1.0,1.0,1.0,1.0,1.0,1.0,1.0,1.0,1.0,1.0,1.0,1.0,1.0,1.0,1.0,1.0,1.0,1.0,1.0,1.0,1.0,1.0,1.0,1.0,1.0,1.0,1.0,1.0,1.0,1.0,1.0,1.0,1.0,1.0,1.0,1.0,1.0,1.0,1.0,1.0,1.0,1.0,1.0,1.0,0.967744277011586,1.1000259748367927,0.8646327726035985,0.8675187913482509,0.7269689573239718,1.232456273762914,0.9611989338613787,0.8174792599522068,1.0124372018916015,1.1437468171352978,1.1501657806110348,0.9474325444874167,0.9344640239433619,1.1045762395206262,0.9642273617550958,0.9554784120434485,1.2631454911073186,1.3622751650681404,1.594439672744113,1.7890453629969532,1.1336581013445983,1.0577727446982732,1.0886338450125388,0.9874619864395378,0.8920603123683846,1.0098293533152667,0.860965666509689,1.352826452659432,0.9692269783647106,1.2406195746807507,1.976352839859937,0.7998323250127862,0.9704717844994114,0.9309439698018122,1.1142542967485922,1.4595832126577402,0.9651691785712834,0.9185136465504087,1.2331314141681164,1.1510116959321808,1.0379522504317626,1.0249611089377584,1.112212588234251,0.9046537571570775,1.0716696170821518,1.6423825656375777,1.6898918838466557,1.1259271211974553,1.1135630201743583,0.8514355659578516,1.1943578786527498,1.3893700907467492,0.9484606976465982,0.9792258177879665,0.8449922330660787,1.7870655158253808,0.8879059794268827,1.3091127603582473,1.4305508768025037,0.8417621687983288,0.9350829686652729,1.2427021718106854,1.0497849571654922,1.2323601182330233,0.8744374044600817,0.8115535740722304,1.097488250148391,0.9413382177241192,0.9012122093839928,1.1452996945883074,1.3522917890895916,1.1845870844193105,0.8756852043371803,1.0796196744227822,1.937129695444298,1.139194116025668,0.9814491122049342,1.0715890395136571,1.106135098658124,2.0521215479974755,1.3603102131586768,0.916310109256155,1.0265810310918388,1.133438415647537,1.4810970183746794,1.281241316449165,1.227309730303316,1.0916491438386031,0.9772634074572435,0.5579026366631612,1.0643603222693054,1.0212056378507892,0.9959675390913009,1.1115306768608297,0.8812169913094912,1.026642794482568,1.39622782117871,1.3085149445130817,1.212650949269471,0.8644767683312,1.7052521802472178,1.2049319622251908,1.280461267999818,4.050276912705973,1.659606453322517,1.0820282829513785,1.439410700269339,1.9112743730450301,0.8929410062810546,0.8751346845981596,1.1867515386844336,1.1671010163943547,1.0681738466162995,0.8975553288020715,1.042813245835334,0.853629936188441,1.0626183239881923,1.1812792073397236,0.9261247631520213,0.918298183554745,1.1637777112600443,0.7523401923102031,1.0601229680372206,1.1298340225017296,0.9432318535826598,0.9754585234182523,0.9414114890085307,0.9539898940702987,0.9414487093221812,1.1441597953524072,1.2493539316950533,1.013713219375662,1.3136407910187862,1.7844249469374907,1.2716978743676468,1.0697966146483298,0.8419162093930707,1.3303955436233579,1.079622919140081,0.9628317334174342,0.9805156469368096,1.1851850550072984,1.0491279796291804,1.3605919182775184,1.326727338079045,1.0511202025542734,1.5209543850234368,1.2050844233051428,0.9115789334736759,1.1189287450449261,2.088571448890707,1.750567303102432,1.0529086202781792,0.9022532187924981,0.894246055512641,0.978216158660373,0.9639271914994536,0.9585220403166659,0.8422569584247632,0.8200045332123459,1.0282504666977514,1.2388824906917781,0.9299440108045972,0.863964816835853,0.8816587079784892,0.9658322297533106,1.170339104603581,1.5845144402962736,1.041217259233833,1.2599219502162229,0.8473188733204027,1.020584561994875,1.3744459805982443,0.8773334064643096,1.2071781687080145,1.1580878753979191,0.971730166541385,1.6768503722353068,0.9566980873484835,1.409747565443638,1.2542033856917796,1.1913940871027364,1.2740002471259864,0.7887054443218613,1.0879081488013724,0.8616891900202759,1.080220017051135,1.1206337706684506,1.1926815528611103,0.8998978656129097,1.0564391833346234,1.4839819638986298,1.003086551439705,0.8664946449755123,0.9908919484177878,0.8814234573210863,1.2296389313439766,1.0431860209651358,1.3086819165131298,1.4068242485954385,2.2130312459885753,1.2363339870090524,0.926588598076229,0.8241111701710273,0.9419264787383685,1.185948831675665,1.2624841547846155,0.9511049955715744,0.8385124505006788,1.0771502027948205,0.9454811977741014,1.0962831275418399,0.9194914912211147,1.0203072397004047,0.7226855547706994,1.0361099745534168,1.235764048888706,1.246895977983212,0.9938910438909916,1.1326289814526136,1.1038950719006038,1.046466175595987,1.0345409241226837,1.107114503938991,0.9400998152020781,0.8850572130058131,0.9159028486315726,1.1427567172902022,1.1821890936039763,0.9669316621863082,1.2801944082539352,1.2054916827400688,1.1390582243326643,0.9294012260487887,0.8074679555286771,1.311318873938483,1.1559721320366503,1.0306577015730864,1.0643789374407417,1.0501838406081183,0.7442175218508941,1.1592079146005672,1.175994739187571,1.0445053126734558,0.9750567597385735,0.8604045822559739,1.0536264259332797,1.0551374496452302,1.049462091189631,0.8696836024663479,1.1073036992637582,0.9890316900209356,1.0958960901201582,1.1510501969935287,1.0258043262891672,0.9740950174727392,1.1010004975566008,1.124281433493711,1.4249885541269776,1.0492465823810604,2.7921882428438716,0.6899915997240899,0.9233216409048186,2.1838926200284368,1.202282433047993,2.1486445105105334,1.1307223081426978,1.0020182328652467,1.2848776165114937,0.9267862388772325,1.145843481605946,1.3986376433666479,1.7283545908059026,1.2129589533854985,1.3059591881381318,1.1606484300040925,1.5170813070208156,1.0137817216768752,0.8555942584068243,1.1989006257729553,0.6984923578241953,1.1575612119213468,0.8656794806735841,0.9376799313325221,1.6685669089386663,1.0903499998228532,2.459843926743521,0.9304121831983359,1.3520181145806949,0.8414569638991108,0.9571250152123189,0.9132717001060524,1.1883286956285701,1.4316901557812933,0.9984186989805293,1.0277636690588574,1.034993339371568,0.9246372179865547,1.1535186626464382,2.4627712770038146,1.4782990087658658,1.8475704783923703,1.8981880277445904,0.6930985714356515,1.7102086170487958,1.486054258555484,1.3250648817271196,1.142682788829374,1.340937993647169,1.34078076116906,1.3634136232004552,1.2000250719864796,1.926472630677766,1.1949924334704343,1.6446031681384172,1.3128142852244198,1.368887530187434,1.74803231621543,2.494248838350314,1.2401409704075477,1.3872416066935649,2.2420720836152137,1.6030326769644292,1.0607273401522062,1.0961580238711204
1.0,1.0,1.0,1.0,1.0,1.0,1.0,1.0,1.0,1.0,1.0,1.0,1.0,1.0,1.0,1.0,1.0,1.0,1.0,1.0,1.0,1.0,1.0,1.0,1.0,1.0,1.0,1.0,1.0,1.0,1.0,1.0,1.0,1.0,1.0,1.0,1.0,1.0,1.0,1.0,1.0,1.0,1.0,1.0,1.0,1.0,1.0,1.0,1.0,1.0,1.0,1.0,1.0,1.0,1.0,1.0,1.0,1.0,1.0,1.0,1.0,1.0,1.0,1.0,1.0,1.0,1.0,1.0,1.0,1.0,1.0,1.0,1.0,1.0,1.0,1.0,1.0,1.0,1.0,1.0,1.0,1.0,1.0,1.0,1.0,1.0,1.0,1.0,1.0,1.0,1.0,1.0,1.0,1.0,1.0,1.0,1.0,1.0,1.0,1.0,1.0,1.0,1.0,1.0,1.0,1.0,1.0,1.0,1.0,1.0,1.0,1.0,1.0,1.0,1.0,1.0,1.0,1.0,1.0,1.0,1.0,1.0,1.0,1.0,1.0,1.0,1.0,1.0,1.1354548024800262,0.8930266596131435,0.8954341560805182,0.7516805604690087,1.271341088811265,0.993011928766979,0.8442476750283909,1.0446265693062367,1.181537928728389,1.188905325894659,0.9776338472259187,0.9651447418928891,1.1398846172454045,0.9976744864696536,0.9870606979005345,1.3052099274725772,1.4066091386654542,1.6470440394632968,1.8504795683868493,1.1699913258812344,1.09325695488249,1.1256780441318615,1.0185131784390618,0.9224540091085197,1.0428457982249975,0.889834778069716,1.3964128570598906,1.0020697424357623,1.2834817741048998,2.04016265009749,0.8260767400307504,1.0018517763281645,0.9614956767232805,1.1511951354018386,1.5075122933420069,0.9969931441386741,0.9473130091314315,1.2755406022686666,1.1883709551426622,1.0723945200285088,1.0588414699450472,1.14772555822949,0.9345242298488032,1.1068800528226728,1.6963487704805975,1.7463751435610502,1.1630477996373583,1.1521849407001579,0.8795650029345063,1.2332634899883939,1.4368006898035726,0.979452153399207,1.0102757694531421,0.873139168202185,1.8434253085625745,0.9162163720909267,1.3514343365600177,1.4768831837238268,0.868687072541003,0.9651333323198144,1.2803118720526614,1.0844122394791904,1.273206079253716,0.9036761437123506,0.8378246902155675,1.1332012004687093,0.9724253236413276,0.9293143902476472,1.1820664522916797,1.3949146099603555,1.2246995406443664,0.9052603258379095,1.1151981186221236,1.9999724922757691,1.1761057555086216,1.0159512101690171,1.1068851871001448,1.141790152185726,2.1178355431261044,1.4118791740538121,0.9482370709505732,1.0608355999512167,1.1694846433924253,1.5291315139955626,1.3209161721706202,1.2664408769941797,1.1268141864571595,1.009083702374968,0.5764311068322577,1.098208695484264,1.0554116241394538,1.028992419866969,1.148590798985992,0.9114643531602793,1.0616704125978262,1.4419564512165306,1.3492964642059835,1.252116529588372,0.8930263794501909,1.7617314196232712,1.243294326406195,1.3213047163844425,4.2430029405171386,1.7119330436397704,1.1183394093592616,1.4930429653646717,1.9741152118565592,0.9223126678277342,0.903303259662936,1.2249215102308482,1.2047133806740078,1.1035097901918376,0.926775239389407,1.0773379430912784,0.881398592226012,1.0985084337736,1.220271337144724,0.9577478271646742,0.9491339659297142,1.2026815414446164,0.7785806592688775,1.0957957673779304,1.1666529630280467,0.9747908386487882,1.0091488693590969,0.9725194569486258,0.9861289644981194,0.9710858790962235,1.1809719118705087,1.2899111058385215,1.0477529675515416,1.355667953733164,1.8432716577888515,1.3137602540349058,1.1040005320623307,0.8701825274843629,1.3749593963283617,1.114876370933541,0.996048443879952,1.0129516900461237,1.222380916651659,1.0839873671499691,1.4045486961175837,1.370826615640989,1.0840913553347353,1.5699073201449603,1.247375145524254,0.9410356970023073,1.1560573550840763,2.161918837908291,1.8076762768906378,1.0864675017596288,0.9313437936114541,0.9244932560034365,1.0098546609000238,0.9971338981124033,0.9900309192830412,0.8706812521479649,0.8468486302423253,1.060950047473533,1.2800691172717467,0.9599189573151985,0.8931120783664122,0.9111745647803436,0.9973292430263127,1.2074636846991083,1.6338016390970016,1.0747779346597783,1.3011334388750886,0.8747219555920255,1.053435874861961,1.4249232250918689,0.9070191079900285,1.2465467872111913,1.194839033000958,1.0045130920368308,1.7269996744231584,0.9877141773032947,1.4535375407489242,1.294738806473004,1.230168092030346,1.3180993592407235,0.815210381912924,1.1230411515928955,0.8898589136944542,1.1177757208647172,1.157267316064279,1.2319080137003948,0.9294639287513158,1.0894056723483483,1.5321633328073472,1.0358181441893972,0.8967359123040479,1.0267881734495106,0.9102441241336734,1.2694481039273862,1.077399511750726,1.3517011800749072,1.451929281199345,2.2870357882843226,1.2783096094855182,0.9573153406853934,0.8526250764272756,0.9731315177406958,1.223139834307253,1.3034823270323326,0.9826247485211166,0.8665964591956088,1.111003289587221,0.9783459165471934,1.1324591791337693,0.9488793539625762,1.055197787194044,0.7468184330026859,1.066361208643086,1.2774591514291704,1.2864170248757256,1.0275410056870382,1.1697385255867798,1.1411393994833121,1.0810871323223465,1.067908908547277,1.1422926793632504,0.9707307797990741,0.9136981645949827,0.9439677509832886,1.1772736691283845,1.224895106301891,0.9992394842796406,1.3222279504398746,1.242225190834675,1.1761897179804226,0.9616877887212534,0.835097205492334,1.3541557584018822,1.1972661906697577,1.0651440573624416,1.1020429471616426,1.0860394630015322,0.7691421889638942,1.1971680149159212,1.223078332231416,1.0814479042115694,1.0095471392557638,0.8897244151197289,1.0894732493965513,1.0915530054599727,1.0842347920380617,0.8983569670294078,1.1450396764109603,1.0244497010495128,1.1347246085488696,1.1936706735486575,1.0630731043880595,1.0099691137419793,1.1387012642557046,1.1632844265274307,1.4701820366892857,1.0854280982294842,2.87748393266148,0.7133020373479404,0.9562635326956735,2.257668532029345,1.2402993071890158,2.215100517668736,1.168195595453842,1.0366386673007384,1.3278123244637545,0.9571109313279078,1.183682637531306,1.447943892591185,1.7973570863225148,1.2542229761311146,1.3478902220452706,1.2001482108321975,1.5756795941438597,1.047090988458774,0.8848814401244298,1.2402487711856551,0.723622035553839,1.2010908815911818,0.8974571706236139,0.9703923304043875,1.7278016094956594,1.1277746854578425,2.5480287844712546,0.9603960490627125,1.3961988678774735,0.8690315634584937,0.9900290056161389,0.9428576552563368,1.2271682043762908,1.4789905444858165,1.0318028788076021,1.0616719878158214,1.0691184013296042,0.958056070222157,1.190766820061624,2.545704377428153,1.5267530720514104,1.9004734980860754,1.9564352004498737,0.7171179284104123,1.7718685774616918,1.5353930083123737,1.3688015523020642,1.177972998651269,1.384508292382563,1.383853927278108,1.4074943110798819,1.2374545300604156,1.9933938500124273,1.237265222379819,1.6989361453796994,1.3544169815210776,1.414299752811086,1.8066407723221993,2.5973334078387227,1.2860393123662885,1.4327172881937735,2.314726836677221,1.6554131627553301,1.0984187981478764,1.1324666340869447
1.0,1.0,1.0,1.0,1.0,1.0,1.0,1.0,1.0,1.0,1.0,1.0,1.0,1.0,1.0,1.0,1.0,1.0,1.0,1.0,1.0,1.0,1.0,1.0,1.0,1.0,1.0,1.0,1.0,1.0,1.0,1.0,1.0,1.0,1.0,1.0,1.0,1.0,1.0,1.0,1.0,1.0,1.0,1.0,1.0,1.0,1.0,1.0,1.0,1.0,1.0,1.0,1.0,1.0,1.0,1.0,1.0,1.0,1.0,1.0,1.0,1.0,1.0,1.0,1.0,1.0,1.0,1.0,1.0,1.0,1.0,1.0,1.0,1.0,1.0,1.0,1.0,1.0,1.0,1.0,1.0,1.0,1.0,1.0,1.0,1.0,1.0,1.0,1.0,1.0,1.0,1.0,1.0,1.0,1.0,1.0,1.0,1.0,1.0,1.0,1.0,1.0,1.0,1.0,1.0,1.0,1.0,1.0,1.0,1.0,1.0,1.0,1.0,1.0,1.0,1.0,1.0,1.0,1.0,1.0,1.0,1.0,1.0,1.0,1.0,1.0,1.0,1.0,1.0,0.7852773681934233,0.7879544941872013,0.6597728471798116,1.1204159757943493,0.8727784805379941,0.7422107618234465,0.9198594180109056,1.0390332869183705,1.0438764128484954,0.8607246856362162,0.8483893591929555,1.0035306381089104,0.8748360176271677,0.8676893815929467,1.1465961614429334,1.237627258174657,1.446817749759726,1.6230535240958737,1.0303101963987547,0.9601326113981254,0.9876759852666146,0.8979367012696,0.8095147114118495,0.9173024081343715,0.7814783415801052,1.228836534175721,0.8798697909654412,1.1256312078896724,1.7958837501563711,0.726374543202552,0.8819026933534748,0.8453902023983276,1.011668794417846,1.3258385672172253,0.8763764608677008,0.8350941375509586,1.118793832418924,1.045526136054377,0.9423497215755517,0.9307158841796935,1.0104553875564353,0.8215617190507455,0.9734831655550673,1.491844198712773,1.5352449125157126,1.0221435375535508,1.0103825525510424,0.7731615412808479,1.0854981675571884,1.2606775583091745,0.8613945396109959,0.8900490271899351,0.76721100073902,1.6249860736122752,0.8071621277254795,1.1890094286149497,1.2992839266788612,0.76478552739043,0.8497436712739448,1.1300639392634348,0.9535322220089228,1.1187646027684703,0.7937976665213169,0.7371171265205341,0.9968391307566165,0.8547268772705711,0.8195532490447789,1.0401719377496934,1.2295225595982784,1.0758732255376597,0.7946955040266622,0.9803770690848972,1.7594819476709338,1.034949011912039,0.8903012127119495,0.9733549456252694,1.005170986941764,1.8645655771258638,1.2323253689906861,0.8311655651941,0.9320946319545236,1.0295478616279574,1.3452807395478992,1.1649361758318473,1.115725334898895,0.9918747367100695,0.8877837495947664,0.5067854595262601,0.967634568807125,0.9270287923807641,0.9043121874366966,1.009683462454578,0.800002276077732,0.9321213485150533,1.2678607440654661,1.189520552942287,1.1017407235176409,0.7850076755466757,1.5488262995557358,1.095398209720419,1.1638233428421203,3.644338478605918,1.5089505219511858,0.9821531195919395,1.3048928195219927,1.7357852292994904,0.8109210765792674,0.7950316833295483,1.077949510664301,1.0601317952649683,0.9697506737929847,0.8152643482962627,0.9470579410288573,0.7753973523206992,0.9648392128804418,1.0729054008752494,0.8404540209464177,0.8337195518165241,1.0563279743417082,0.6823747532426057,0.9619931210296206,1.0261377204641955,0.8560542284673656,0.8850429011317555,0.8547515493097279,0.8661183022792449,0.8558194252437442,1.039594331576887,1.1348297185771474,0.920210543834371,1.193481816934732,1.6201995768938637,1.1548698352431062,0.9720105977228978,0.7642616950883001,1.2078998016360631,0.980837182805113,0.8741179868099562,0.8902081519794778,1.0771709269438827,0.9530127744645553,1.236438805916492,1.204497937904387,0.9556549752757787,1.3818655889652018,1.0931858139474793,0.8280505809450641,1.016245660954353,1.8940523485968408,1.590755080866086,0.95668003877581,0.8195226812688039,0.8116872549082481,0.8883131041198935,0.8745915301526732,0.8703695680244158,0.7645490957854149,0.7447632231022401,0.93458701495513,1.1251527655132794,0.8448378482920895,0.7841229221079267,0.800576623126287,0.8772770734561353,1.0637447188204563,1.440635029736171,0.9453290719601093,1.1446643213562184,0.769409247163372,0.9276164555659293,1.2452631300502057,0.7960635516449186,1.0962199169749205,1.0522109487077071,0.8818814354529856,1.5254426425456105,0.8688396447315312,1.2808651703801703,1.139599052379542,1.0822104242819683,1.1559977987069712,0.7159074935248124,0.9881242907044463,0.7826030308690519,0.9801107069826865,1.0177387225595362,1.0833156301542677,0.8171681053950282,0.9596653038725402,1.3479838527654815,0.9112755464170775,0.7858466392456783,0.8981490481701488,0.8003043391219256,1.1167944484024919,0.9476119913866186,1.189019572112122,1.2780498958486013,2.009264867150398,1.1217341920521497,0.8413434777731382,0.7480298465580875,0.8554474005506423,1.0782179349464578,1.1467046810977382,0.8637291075394122,0.7612317234863613,0.9789900933582812,0.857862525408469,0.9955055294341391,0.8356760061715947,0.9259400651222337,0.6557208353813886,0.9429895103881827,1.121289540472999,1.133349270667512,0.9026889213793192,1.0283143015243787,1.0027219626791473,0.9502613308406287,0.939877607678749,1.0056928320935314,0.85388587344802,0.8040588951070318,0.8331098542572243,1.0395057384189443,1.0712095252694507,0.877967065941929,1.162789873763176,1.0971459901366702,1.034834098482003,0.8434550225378679,0.7329212963989451,1.1905986021709878,1.0482572795130247,0.9357099630980237,0.9650822448972248,0.9529358656268077,0.6755885845243901,1.0527985859390179,1.0626886042727925,0.9472121059672157,0.884439497618566,0.7806182312048515,0.9561915030700769,0.9571837322322618,0.9528183979891026,0.7899002726408969,1.0054383150095776,0.8970532122402809,0.9935597059179746,1.0428446594071963,0.9298126637717827,0.8826304929125787,0.9994521761650983,1.0196577796137423,1.2951695605977842,0.9524922431699151,2.535230514854651,0.626254105862907,0.8373436246557465,1.983234756520927,1.0922196786117477,1.954001856511589,1.0269595168143872,0.9092394077721182,1.1664103935086687,0.8416522149963941,1.0403227039467864,1.2682117394379864,1.567405830467087,1.1009969100596748,1.186512435861917,1.0535335637152299,1.3730306491355315,0.9207691602768064,0.7764417457253241,1.087637485484346,0.6330746918155761,1.0488836810957656,0.7845000142665998,0.8505635624840416,1.5122466957606275,0.9889320943677179,2.230278620866903,0.8454280876074326,1.2273246757295917,0.764082015062957,0.8679540254564573,0.8295851437443842,1.0793533347373985,1.30006518808176,0.9067445646414388,0.9334655354890237,0.9404428077074948,0.8382965191735685,1.0480628044943454,2.2368997144029734,1.3430119567265013,1.6834993694331994,1.723688590092837,0.6288328772460379,1.5494804373362343,1.3491363807658487,1.2035820247016618,1.038613276053682,1.2180194481198083,1.2182195297067904,1.2383805242447148,1.0910327912169304,1.7472766236694184,1.0832849665467803,1.490933297611127,1.193833245969238,1.2432382794608419,1.5873228661433423,2.2554805408172918,1.124043876935694,1.2599692558899331,2.038384629997471,1.4561702062006652,0.9618758231797576,0.9952017046048731
1.0,1.0,1.0,1.0,1.0,1.0,1.0,1.0,1.0,1.0,1.0,1.0,1.0,1.0,1.0,1.0,1.0,1.0,1.0,1.0,1.0,1.0,1.0,1.0,1.0,1.0,1.0,1.0,1.0,1.0,1.0,1.0,1.0,1.0,1.0,1.0,1.0,1.0,1.0,1.0,1.0,1.0,1.0,1.0,1.0,1.0,1.0,1.0,1.0,1.0,1.0,1.0,1.0,1.0,1.0,1.0,1.0,1.0,1.0,1.0,1.0,1.0,1.0,1.0,1.0,1.0,1.0,1.0,1.0,1.0,1.0,1.0,1.0,1.0,1.0,1.0,1.0,1.0,1.0,1.0,1.0,1.0,1.0,1.0,1.0,1.0,1.0,1.0,1.0,1.0,1.0,1.0,1.0,1.0,1.0,1.0,1.0,1.0,1.0,1.0,1.0,1.0,1.0,1.0,1.0,1.0,1.0,1.0,1.0,1.0,1.0,1.0,1.0,1.0,1.0,1.0,1.0,1.0,1.0,1.0,1.0,1.0,1.0,1.0,1.0,1.0,1.0,1.0,1.0,1.0,1.0028069051035735,0.8410007997439615,1.4236554778423938,1.1111594305437138,0.9449915965829457,1.1698905886534794,1.3224740080019388,1.3303725522424985,1.0950186824654016,1.0806319097605215,1.276185117042014,1.1158506472300367,1.10495088364855,1.4608366445736825,1.5748290229875046,1.8431612422766182,2.069765122126289,1.3100988858353593,1.2231432772897022,1.2595105069872883,1.1405493334714016,1.0320679981164957,1.1675288797093761,0.995759816690825,1.5633979017572448,1.1210730151055845,1.435648722772535,2.284149810175453,0.9246011872926564,1.1216624297497875,1.076442964261557,1.288228014425999,1.68750970355293,1.116085237624989,1.0607625267381973,1.4263369943548991,1.330456395271665,1.200050027700649,1.1851314008067713,1.2851372532308276,1.0460480498275868,1.238843037159932,1.8986479838527601,1.9534101003121953,1.3014753496703881,1.2884512591492165,0.9845863438281692,1.3805931833345675,1.6075074960608178,1.0963504868402172,1.1313906946165417,0.9772363757102753,2.065168835999499,1.0260840940926972,1.513160879722849,1.6532296731305505,0.972526072752361,1.0803447299503692,1.4342410781872568,1.2139756649005942,1.4246969477131348,1.011181347079741,0.9381458733443329,1.268384391459055,1.088313460278556,1.040862590227511,1.3232682751519587,1.5624123388447688,1.3702266557722564,1.012994718178849,1.2483409703202595,2.2386941817076904,1.3167220356286626,1.136198003772223,1.2391160376258674,1.2783552868915662,2.371323404755966,1.5760335242626988,1.0604654438775407,1.1871855536455134,1.309589441052519,1.7118882096347643,1.47940392419229,1.41799192420046,1.2617125954108657,1.1292525171780348,0.6451040844171488,1.2293787844813573,1.1810843739613577,1.1514522957637212,1.285280594922911,1.019532059305241,1.1878658973310887,1.6138986224020806,1.5113275943933644,1.401872204235825,0.9993537496318119,1.971416200101305,1.3919306475484672,1.4792678577226268,4.718094161719074,1.9178596105074153,1.2514726659953768,1.6684421267556675,2.208456224233702,1.0326000884814148,1.0115035158771248,1.3715865856735285,1.3492370067226689,1.2348343270547204,1.0373666262995895,1.2058283836228079,0.98681824686002,1.2292971768834542,1.365685832089682,1.0719136154646678,1.0620664815318503,1.3454105833688343,0.8708790358606788,1.2259174933988493,1.3059778579171168,1.0910064425357673,1.1288720222074535,1.0887482396917951,1.1035997011693275,1.087388405740063,1.3223742765459128,1.4436563491199776,1.1726443193977656,1.5179768964720375,2.0624864660724542,1.4703297262079336,1.2363591402933292,0.9737665861215778,1.5385565378905044,1.247992172075512,1.1146841627308608,1.1339325698167713,1.3688793488446234,1.212905965233064,1.5726919397668153,1.534114393190499,1.2141709837308587,1.7577514150789069,1.3951502487071317,1.0537899947452174,1.2934939897410394,2.415999701995198,2.023373436060518,1.216694053803001,1.0427489559836771,1.034386555130355,1.130671391604855,1.1156989007693108,1.1083450061952957,0.9742878811339106,0.9482780911477581,1.1880513938062855,1.4321790830807897,1.0746962350642848,0.9992124422755925,1.0198160257033164,1.1165659857574628,1.3522005539519286,1.8299372870286614,1.2033231341427553,1.4559674277798627,0.9794717963987799,1.179722671421553,1.5923725191258005,1.0152274748831902,1.3953990561037102,1.3383086565344255,1.124126756996528,1.935545573691912,1.1059035320307067,1.6286816945732108,1.4495400617159477,1.3771850349133152,1.4741272537641619,0.9123170815749913,1.2576254381548342,0.9963045764517735,1.2503946304392617,1.2955907684048251,1.3790001477519578,1.0405325726184302,1.2200891248006995,1.7145788086563194,1.1598822425722404,1.0032611944537453,1.1479238067076318,1.0189054557682549,1.421095130813422,1.2058249759463473,1.5130292936790906,1.6257122173433955,2.5600406239834226,1.4306107107972976,1.0715330222774995,0.9536282593131874,1.0893311738805773,1.369929886718913,1.4590752698216267,1.099948472916935,0.969742289274479,1.2442556902504494,1.0943590141029391,1.267585374441556,1.0627166271000432,1.1803162288788789,0.83586007938202,1.194928381362567,1.4297221804786933,1.4408744834517722,1.14959577604721,1.3095300182476985,1.2770582826965113,1.2102671591512961,1.1956714109983066,1.279614838752778,1.086709410455355,1.0230575220875944,1.0581738428632033,1.3193133543862499,1.3695014216957733,1.1183199831260668,1.4797521358830537,1.3913556123557602,1.3167272529129241,1.0756794094353226,0.934209359819552,1.5158529935838105,1.3381968112809155,1.1921569346758183,1.232246900573622,1.2149502372173968,0.8606832020648267,1.3401109915554645,1.364128618910256,1.209350659103391,1.1286717136527296,0.995533863532891,1.2189508143043204,1.2210603557853255,1.213671866923303,1.0053285230374458,1.2809338706068063,1.1455138556617905,1.268809057416146,1.334031061744087,1.1886414840035937,1.1288711212514002,1.273693495351977,1.3012522407877878,1.646613033486974,1.214339852080597,3.221732735549013,0.7981444682898158,1.0688782727707775,2.5260779430392235,1.3888784806236913,2.4816280754584943,1.3076342320271637,1.15986869307289,1.4857651981209705,1.0714107597213989,1.3251771629332914,1.6188407259977893,2.0041425372524424,1.40317657208123,1.509673231998514,1.3425359300891087,1.759257595489734,1.1720786338226856,0.9898689594687756,1.387549056562567,0.808975178416757,1.3413522023227187,1.0029114019640721,1.0852871253432297,1.931802875661473,1.261552823251896,2.8474123866895473,1.0753820166222205,1.562847256629886,0.9729221660033802,1.107659510158347,1.055664101593356,1.3736439407852565,1.6551757188455236,1.1548857866718372,1.1880654487788136,1.1969572460827704,1.0708447216984454,1.333252321674292,2.8478466673037133,1.7090653604285344,2.131268438901821,2.1912088210246488,0.8020645912379698,1.9800433341286974,1.7176660967506363,1.5320452344853055,1.3197184198818692,1.549795991712125,1.5497625737846437,1.5761319780612206,1.3862385037308256,2.229246325627588,1.3837584425648313,1.9012820182528127,1.5163294541839418,1.582652007128301,2.0219765111342105,2.8952984822513503,1.4374665949872787,1.6037809682075943,2.5931272144465023,1.8532777202058905,1.2279777296840768,1.2676505832044205
1.0,1.0,1.0,1.0,1.0,1.0,1.0,1.0,1.0,1.0,1.0,1.0,1.0,1.0,1.0,1.0,1.0,1.0,1.0,1.0,1.0,1.0,1.0,1.0,1.0,1.0,1.0,1.0,1.0,1.0,1.0,1.0,1.0,1.0,1.0,1.0,1.0,1.0,1.0,1.0,1.0,1.0,1.0,1.0,1.0,1.0,1.0,1.0,1.0,1.0,1.0,1.0,1.0,1.0,1.0,1.0,1.0,1.0,1.0,1.0,1.0,1.0,1.0,1.0,1.0,1.0,1.0,1.0,1.0,1.0,1.0,1.0,1.0,1.0,1.0,1.0,1.0,1.0,1.0,1.0,1.0,1.0,1.0,1.0,1.0,1.0,1.0,1.0,1.0,1.0,1.0,1.0,1.0,1.0,1.0,1.0,1.0,1.0,1.0,1.0,1.0,1.0,1.0,1.0,1.0,1.0,1.0,1.0,1.0,1.0,1.0,1.0,1.0,1.0,1.0,1.0,1.0,1.0,1.0,1.0,1.0,1.0,1.0,1.0,1.0,1.0,1.0,1.0,1.0,1.0,1.0,0.8374453535544472,1.4197586074269464,1.1071539068621954,0.9420020722761083,1.1665445259183715,1.3171970367050916,1.3249330778147443,1.0916416625281231,1.0768832615291604,1.272258115948849,1.11060426595684,1.100723216986117,1.4552791245939678,1.5693159353303958,1.8366719545305774,2.0606177648021067,1.3058387470126798,1.218417066672005,1.254220910795873,1.1373123296021275,1.0275090408660912,1.1633987383944056,0.9919036639214338,1.5585937071485358,1.116197679229212,1.428287511102224,2.2757007280755714,0.9213985122821808,1.1179324323304285,1.0726519759446487,1.2832086028467669,1.6811625817209563,1.1120224944123476,1.0574984486071592,1.4196911749333458,1.3261422135218917,1.1954917507938712,1.1806490027449823,1.2813479802320558,1.0420347212896846,1.2341758908740066,1.8913700997947998,1.9448049401717586,1.2971828531330556,1.281966504285316,0.980912577698912,1.3756580189839136,1.6003743785334121,1.0925930589522068,1.128071727016537,0.9734377484346947,2.059024945908755,1.0228057410005782,1.5082510666998923,1.6479447041270494,0.9695240007897086,1.0769418436958307,1.4320807455781424,1.2095774461595998,1.4196594222588128,1.0070344755936276,0.9351764582300945,1.2643322259578946,1.0842211687248926,1.0379946862270262,1.3200338210903189,1.5584340310667897,1.364084992005749,1.0091799605693796,1.243645297129909,2.232549733589801,1.312231062213075,1.1302803123923826,1.2342939697045734,1.2741421808601854,2.364184958380865,1.564507620944311,1.055527059240387,1.1825348507584628,1.3059143051684345,1.7065047746634694,1.4755872435437736,1.4136413725750283,1.2575177757705642,1.1252866288668892,0.6424340227227396,1.2260208964703074,1.1765992090178883,1.1471334324633249,1.2797247716079942,1.0148297581387267,1.1827156287722358,1.608205731662701,1.5075350925665085,1.3969502255919983,0.9957942805244135,1.9637442850588722,1.3875999620088888,1.4748262285500962,4.6519170215194245,1.9124952403951823,1.2467602328102578,1.6575097128383165,2.20009658910473,1.0287021490974209,1.0083121627462543,1.3673944492638848,1.3449963804126344,1.2302488219908447,1.03383076926518,1.201322532028054,0.9834432713236948,1.2242039521770565,1.3606099485268823,1.0669679135985142,1.0578553890592672,1.340231188327032,0.8667570511314384,1.2210300493244641,1.301383664391826,1.0869899553986937,1.123684204994808,1.0848929046252147,1.0990378122836417,1.0846332309325017,1.3180805724290168,1.4387701502046064,1.1679466000474124,1.5140197782638039,2.054539219098545,1.4646470489071046,1.2326520653681357,0.9699338932540666,1.5325399034774236,1.2435685366744518,1.1085532804103178,1.1296758117844106,1.365338666260393,1.2082337537366281,1.5670746042048047,1.5281223107249704,1.2105386298701952,1.752802618905324,1.3882733287333002,1.0503906837280845,1.28864005330992,2.4036599422138476,2.0160683496668876,1.2128493101930333,1.039556697649791,1.0301743258575575,1.1272423405635998,1.1106935167125769,1.1043554384730134,0.9701947203696945,0.9446686030188083,1.1842953834835175,1.4265849488119038,1.0714038195349598,0.9952309836799857,1.0155488535543573,1.1129921031510155,1.3482667602234502,1.8256677650268633,1.2000756821135643,1.450866214725978,0.9764874660190788,1.1756183118260348,1.5826565033023026,1.011128110414646,1.390732608078198,1.3344381243605865,1.1197255440347402,1.931995731420753,1.1026099780810026,1.6257379455476209,1.4446573030771725,1.3724759953431978,1.4665142752362295,0.908664367579441,1.2534457902753693,0.9928199523263865,1.24418762563579,1.2908393757196865,1.3737405011382215,1.0368375487808157,1.218279203372242,1.7088517412930484,1.1555317615131813,0.9982420761666162,1.141324708234194,1.0157721966667546,1.4166362377128867,1.2014687601138263,1.5070235406311663,1.621278535924499,2.5491788383988387,1.4249230466096976,1.0676390631677641,0.9489832747913348,1.0852238251357065,1.3663254919268293,1.4542346270883466,1.0957169160701288,0.9658406747416824,1.2410574642269117,1.0889480184648335,1.2631456749189498,1.0591731251221943,1.174862086260013,0.8331163383950779,1.1944100508286102,1.4242295846073723,1.4372262535803542,1.1445508941196447,1.305178812274482,1.2713804160792712,1.2057901469425105,1.1917695721780686,1.2760789893853093,1.0829733739751468,1.0196499473931766,1.0556171045758376,1.3172057116131253,1.362141186225469,1.1138872536306894,1.4744664052187066,1.388074407313949,1.3120082852346786,1.0704032962206176,0.930038205328433,1.5109411505194603,1.331054997101173,1.186804224098867,1.2260925065961894,1.2096360464297866,0.8575771257570306,1.3358799868678488,1.3539524043187627,1.2028141688979648,1.1229311483873499,0.9916481735822189,1.213686963884301,1.2153629511821138,1.209249365319018,1.0017765944939945,1.2750269530573457,1.1388245581275371,1.2623362219378975,1.3260042715699831,1.1815335879357018,1.122195423946085,1.2680086386368672,1.2949239705711384,1.6413215738568194,1.208839961247175,3.222036102623452,0.7948649821313288,1.0632140841836373,2.513320351159374,1.3854949436678827,2.4752045063289314,1.3022880393628258,1.1538778307297064,1.4799442460057488,1.0676302041535928,1.3199828566826723,1.6100562377901695,1.9850239759909405,1.3965800313824372,1.5046809048773817,1.3365930939508799,1.7457383227902912,1.1676479320559245,0.9852428867958156,1.3816146065271977,0.804644027344962,1.3320447390613162,0.9968026167456647,1.0800292403978227,1.9208456366423863,1.2564631210669026,2.831419047218693,1.0719968721804822,1.5580268072260415,0.9697002753131779,1.1033441490931537,1.0522222883669035,1.3689317387701592,1.6491855770730757,1.1499393343384636,1.1839487133930606,1.1916828480825274,1.0642413782887257,1.3291463764548457,2.8351556938713824,1.7028476759264268,2.127412629812124,2.189276518891033,0.7982497709228544,1.968746989597702,1.7114323277647552,1.5263285515824334,1.3167691052785901,1.5446720992774527,1.5450536440395157,1.5710340972137327,1.3829360634013916,2.2187823563922295,1.3763643542001536,1.8972952104350367,1.5117004672366976,1.5766465009088455,2.0132220616148935,2.8685658085688166,1.4270773242405528,1.5980712596661129,2.5834780801191086,1.8462753393170221,1.2213135060681855,1.2630145825640307
1.0,1.0,1.0,1.0,1.0,1.0,1.0,1.0,1.0,1.0,1.0,1.0,1.0,1.0,1.0,1.0,1.0,1.0,1.0,1.0,1.0,1.0,1.0,1.0,1.0,1.0,1.0,1.0,1.0,1.0,1.0,1.0,1.0,1.0,1.0,1.0,1.0,1.0,1.0,1.0,1.0,1.0,1.0,1.0,1.0,1.0,1.0,1.0,1.0,1.0,1.0,1.0,1.0,1.0,1.0,1.0,1.0,1.0,1.0,1.0,1.0,1.0,1.0,1.0,1.0,1.0,1.0,1.0,1.0,1.0,1.0,1.0,1.0,1.0,1.0,1.0,1.0,1.0,1.0,1.0,1.0,1.0,1.0,1.0,1.0,1.0,1.0,1.0,1.0,1.0,1.0,1.0,1.0,1.0,1.0,1.0,1.0,1.0,1.0,1.0,1.0,1.0,1.0,1.0,1.0,1.0,1.0,1.0,1.0,1.0,1.0,1.0,1.0,1.0,1.0,1.0,1.0,1.0,1.0,1.0,1.0,1.0,1.0,1.0,1.0,1.0,1.0,1.0,1.0,1.0,1.0,1.0,1.6838284952014648,1.3197315407838563,1.1211533944498604,1.3852080533365998,1.5684066854380796,1.5806424406576602,1.2962602440962423,1.2817304426360299,1.5118954938392168,1.3282041516302177,1.3107894190447444,1.7349961232237363,1.8669599568193442,2.189031059669358,2.4640502453143083,1.5512153743065455,1.4538002210548784,1.4982197907154822,1.3492897620929494,1.2273066730984192,1.3842305433292208,1.1830436220705352,1.8533741299396536,1.3324054654058246,1.7081298694922824,2.7039589215473487,1.0970587037107493,1.3285148049669164,1.276753604104921,1.5294772972606512,2.0013446548393263,1.3241556924183655,1.25471206807581,1.6994476461548282,1.5769015293368436,1.4253022292331101,1.4065575817154508,1.522458557580674,1.2411072286556768,1.4694586381733248,2.251949644584809,2.3203961051783173,1.5455849757682767,1.534619894506458,1.1680822726228417,1.6356127923996562,1.9118842905977451,1.3004571714122037,1.3390499182412348,1.1601431045493469,2.441704487956009,1.2140604725059205,1.793612886982538,1.9605415236290962,1.1524115487301985,1.2800144688356925,1.694330850132153,1.4396626125506107,1.6923254004659527,1.2014631367069315,1.1119276772862237,1.5044732587226275,1.2919510120016284,1.2299828204278054,1.5693166538070178,1.8472122444283448,1.6268706503613652,1.2043810084427338,1.4810620363960028,2.6556931113028286,1.5603973860848974,1.3534322641932404,1.46934455224908,1.514548454507476,2.8088140374165658,1.8895150267910141,1.2634903149147603,1.4093641315034708,1.5510721802928806,2.028852049795667,1.7480258959442891,1.6784293749056478,1.4941420972045563,1.3395606438491512,0.7653559237634977,1.456424071651325,1.402777625034482,1.3674871089558707,1.5255340306151761,1.2120473594026466,1.4124092571403062,1.9151773508042202,1.7868269770429794,1.6614290324002359,1.1864873294380753,2.339697846989954,1.648023743926287,1.7520156952250292,5.758327811657836,2.265544935182824,1.4871716153936752,1.9927892135939027,2.622886182725839,1.22461084780331,1.1979042541235834,1.625438171884856,1.5979898314419634,1.4659807703549053,1.230409946686608,1.4315311160721271,1.1696015249082268,1.4602879113941412,1.6207231119569872,1.27391384459661,1.2615787538219274,1.5994237263087758,1.0370884406681125,1.4576155502241375,1.549104291743816,1.2959622082021531,1.3432720734752805,1.2917912619519347,1.3106758315891025,1.2868023011770862,1.5665043674669734,1.7124896981905435,1.3925548535111183,1.798523338815031,2.449463541876769,1.7451291952470784,1.4638282134049998,1.1568324735649818,1.8280397869167375,1.4794741505403526,1.3234826528377939,1.3456926903245114,1.6207011263639137,1.4395485451098269,1.8621780834362607,1.821949002991584,1.4356031240372487,2.0833790381588453,1.661428714801053,1.2485128116925883,1.5360092209918181,2.884912980020059,2.399230293093365,1.4403938628482997,1.236034350814803,1.2299307335704932,1.340757160359223,1.3270932529477761,1.3147523255969866,1.1576780643617375,1.1239560631923387,1.4061980368197102,1.7009071698545992,1.2736029575683774,1.1881004534741302,1.209988077552276,1.323390134314788,1.6001253231653612,2.163415028185466,1.4274647370461524,1.7274625355511026,1.1610707089980072,1.396111257057337,1.9047157907036392,1.206525285946201,1.6555004151607635,1.5837851877852818,1.335942574978462,2.284357143313418,1.3113158995386034,1.9258140866903348,1.7173723889927985,1.6327572898743679,1.7559222944280806,1.0836972204386628,1.4900994385475932,1.180925985553797,1.4880078462690212,1.5364037509672528,1.6354404799814737,1.2341355326931802,1.4446923769441595,2.0343343579454922,1.3740389392285883,1.1939425385351172,1.3703046832989432,1.2091573711446542,1.6848439607382049,1.4304651689888963,1.7938397800105974,1.9265628869805391,3.039362228447981,1.7008494269446048,1.2717812667717419,1.1343735590386634,1.2922815236946454,1.6199738823326655,1.7300876787727735,1.3050154677709198,1.151885021051339,1.4719632746794584,1.3028350051714415,1.5046773385225356,1.2576461170358002,1.4042140259228204,0.9933839661408005,1.4083559668265786,1.6987578186828471,1.7051587173141698,1.3651892727445398,1.5533483956818852,1.5166355548064403,1.4356251341845967,1.4165441771255258,1.5143831236276777,1.288378525756373,1.2115189069507073,1.2472691247559056,1.5573710479105105,1.6344798507302296,1.3276978703931681,1.7562219819565006,1.6424663698040454,1.560895546378796,1.2799009555931717,1.1107932793726594,1.7987009133749339,1.5965934311260026,1.4152251515488268,1.4694309211772447,1.4451428692511663,1.0225305857444467,1.5899493072900444,1.6462120767639952,1.4414187445452087,1.3453898624995657,1.1837134268203036,1.4493018436917144,1.453383846275835,1.4404874933961642,1.193575973186192,1.5220450012490208,1.3656587226866956,1.5134191383587217,1.5951641985083964,1.4186795477607492,1.3491260448291347,1.5145181458911625,1.5491187636181147,1.9484789642597318,1.4437301484243943,3.8187176125629505,0.9485737354915296,1.275724199031197,3.000524658356253,1.6448459304873335,2.931851384428587,1.5509066899792563,1.3789011597795675,1.7656638711722557,1.2706596688227945,1.5717955641042025,1.93116038146095,2.4090541162927797,1.668614429637454,1.7866458922797088,1.595843933688518,2.111812222466254,1.3902635979820195,1.1779745608297953,1.6504969157123335,0.9658831972045014,1.6064515997717508,1.1989029179863182,1.2927199388022856,2.3058091946315633,1.5019902635289704,3.4020598598013674,1.27358060330356,1.8545728356808708,1.1539646142969002,1.3181273462216325,1.2509730758835684,1.6289284213528517,1.9645497335365425,1.3706548323464658,1.410060056399812,1.4185012701987683,1.2782449338785011,1.58007680958513,3.3810603422469807,2.026060223537897,2.5022837419999724,2.5921507023653123,0.9548350305458522,2.3676523402295397,2.041474885885053,1.8179005581611536,1.5601595431104305,1.8375044633843336,1.8355484200354066,1.8675239729535997,1.6386583994496813,2.655402715146444,1.649354926630087,2.2621355729680888,1.7946259384643628,1.8784553665863464,2.3995333982514753,3.4928578163173007,1.7179391987333261,1.902021923002642,3.067823415053971,2.1969197644096683,1.4647890755310962,1.5043630923919342
1.0,1.0,1.0,1.0,1.0,1.0,1.0,1.0,1.0,1.0,1.0,1.0,1.0,1.0,1.0,1.0,1.0,1.0,1.0,1.0,1.0,1.0,1.0,1.0,1.0,1.0,1.0,1.0,1.0,1.0,1.0,1.0,1.0,1.0,1.0,1.0,1.0,1.0,1.0,1.0,1.0,1.0,1.0,1.0,1.0,1.0,1.0,1.0,1.0,1.0,1.0,1.0,1.0,1.0,1.0,1.0,1.0,1.0,1.0,1.0,1.0,1.0,1.0,1.0,1.0,1.0,1.0,1.0,1.0,1.0,1.0,1.0,1.0,1.0,1.0,1.0,1.0,1.0,1.0,1.0,1.0,1.0,1.0,1.0,1.0,1.0,1.0,1.0,1.0,1.0,1.0,1.0,1.0,1.0,1.0,1.0,1.0,1.0,1.0,1.0,1.0,1.0,1.0,1.0,1.0,1.0,1.0,1.0,1.0,1.0,1.0,1.0,1.0,1.0,1.0,1.0,1.0,1.0,1.0,1.0,1.0,1.0,1.0,1.0,1.0,1.0,1.0,1.0,1.0,1.0,1.0,1.0,1.0,0.7770783405852084,0.661232468148875,0.8200627474487994,0.925389898315231,0.9288353657232769,0.7673262044773028,0.7554493074040294,0.8946764352500919,0.7778152347424785,0.7724828218386046,1.0204454057645167,1.1023540599595574,1.2886322392370242,1.4432266736460568,0.9184906086482882,0.8543735291700013,0.8781327709800817,0.8010220178998309,0.7199541740782079,0.8170382729169029,0.6954529972576938,1.09500141936484,0.7829542434099506,1.0011881180631153,1.602243101165094,0.6470075649127254,0.7861092843009356,0.7527601496092302,0.9008667104707948,1.180798434347564,0.7803355592934291,0.7452677013339202,0.9946241376075076,0.9316453226207316,0.8389929635646003,0.8287367537261563,0.9008585553827272,0.7315354789649529,0.8672379551231857,1.328913951832393,1.367193677269585,0.9104198590675516,0.8982000198954064,0.6884924607200692,0.9674530563432296,1.1210286150596047,0.7672890093464118,0.793718164843755,0.682910207257403,1.4488726009348858,0.7196917155086425,1.059473090461374,1.1575965987178964,0.6818740295062515,0.7576770809686308,1.0093151143176704,0.849086500989748,0.99609407258716,0.7065634978782216,0.6566741278364135,0.887989257206518,0.7610483119271954,0.7315723440632942,0.9270592139932419,1.0968594900711666,0.9578004818185712,0.7068236979039753,0.8730688181877027,1.5668176622274288,0.9222903937137804,0.7910253295408434,0.8668303580438144,0.8958833229708356,1.6622312445175949,1.0925047011413032,0.7383799282835731,0.8299093460501624,0.9178551427337636,1.1996066066407827,1.040074873448765,0.9950131162837149,0.8842629431184779,0.791147220459696,0.4513570615854279,0.8629538905902082,0.8250871355125057,0.8052623379250339,0.899110450205491,0.711750884729942,0.8287694635660883,1.1293784173204338,1.0615226254084587,0.9814982925047301,0.6989149335059313,1.3794233174953971,0.9770029974619241,1.0377957847900579,3.1975761878298474,1.346678745889625,0.873994409929123,1.1575740338910627,1.5461857101219556,0.7220931549754548,0.7085082960834554,0.9607579927543274,0.9446724295240769,0.8637582220772217,0.7263288986624172,0.8432754425357718,0.6908549799728292,0.8582639526832314,0.9555850104077925,0.7472765604589998,0.7420386483831182,0.9403094341958522,0.6063701734135433,0.8562028574476905,0.9139871108438301,0.7617906939409487,0.786914671509492,0.7609568098658454,0.7707496368698898,0.7636257797536153,0.9264535185555136,1.0112349460250623,0.8189436234183853,1.0637107592469264,1.4425028125829544,1.028407574213572,0.8665197465531718,0.6801285400393073,1.07489259926324,0.8738929334894888,0.7774804327156444,0.792506739689126,0.960805706315347,0.8489854061221793,1.1021351202744323,1.0721999486045557,0.8526823969135797,1.231218454936119,0.9713788743246992,0.737773621531797,0.9050169199039545,1.6830954478102245,1.417222641336306,0.8529836492032215,0.7303024804640607,0.7220468901742666,0.7914218115162153,0.7775077927396554,0.7750731720185956,0.6803848743134504,0.6632613947416975,0.8334046345676287,1.0017377291199938,0.7530000327519015,0.6977123849719727,0.7127364280973325,0.7816332761780386,0.9486678662873482,1.2860490038538614,0.8422483344085174,1.020054991875864,0.685354065381867,0.8269560054764541,1.104050752412098,0.707975869636325,0.9764286053341817,0.9380981506654005,0.784533901862964,1.3627885165870495,0.7739708494281523,1.1425843357823908,1.015715084665974,0.9640723911068535,1.027352394856636,0.6370692456618046,0.8803955923606958,0.6971558059411551,0.8712368573583906,0.9064712215673651,0.9648385846510834,0.7277542437234532,0.8558524518609256,1.2012873501674761,0.8118592533083142,0.6981773325456075,0.7968518234065648,0.712810618604008,0.9949825100515401,0.8440988427412158,1.0592402760342057,1.13905093898215,1.7881256678112565,0.9976248180801608,0.7490317220386187,0.6652279506982461,0.7617311805720981,0.9618285392448969,1.0218167642508695,0.7689632603052445,0.6775878699177844,0.8735298926860454,0.762427680942186,0.8861491654697274,0.7450470332276306,0.8236384864005963,0.5834538837868495,0.843504247027681,0.9977329453817396,1.010550516526978,0.8036026403082677,0.9157343594841449,0.89191880310303,0.8461163947972704,0.8376430989800794,0.8963891827378871,0.7607456102226073,0.7167693133646427,0.7442045880223992,0.9283188190652776,0.9511553731629532,0.7814211615159834,1.0357024124517435,0.9802778335884049,0.921937868478411,0.7499808256098075,0.6519301025014045,1.0605490126665766,0.93128199222167,0.8329346004349316,0.8571591899970086,0.8477969199864692,0.6012599123307037,0.9377564440435272,0.9386711814599931,0.8413456499529186,0.785916500794677,0.6944619170651352,0.8506447324495114,0.8510576635991054,0.8481388209966325,0.7035732813613682,0.8950357724460374,0.7962707649248901,0.8823330032250205,0.9242983954192783,0.8246880024612004,0.7826637700281488,0.889115725988227,0.9065294199409366,1.1552612808099463,0.8472361893125051,2.2624883555336908,0.5572387789934676,0.7437369183721843,1.7644083538803381,0.9738876055305674,1.7441072966298115,0.9144067027875149,0.8084763895957948,1.0380795805521514,0.7497517825876492,0.9263647346478185,1.1265275789383788,1.3869415309774635,0.979383425346565,1.0579047501766257,0.9376015758358348,1.2148250610961702,0.8200354011206692,0.690328022576529,0.9672976746214471,0.5617847433301568,0.9297773314544898,0.6957956965267631,0.7558253894912823,1.342697770602724,0.8794126834714817,1.9802416494138955,0.7535191997013699,1.0933433897028288,0.6804977548868737,0.771828644566591,0.7392702756661509,0.9615547780142866,1.157788131975256,0.8068152851026407,0.8313102744322383,0.8376407821371243,0.7440768358538885,0.9337796648620447,1.992823008523549,1.1964876189916704,1.507530713188451,1.53994875929856,0.5589360847011935,1.3747970721026088,1.201394418809362,1.0716960818722774,0.9268986017204988,1.0854715631748737,1.0854044820330389,1.1033781778419811,0.9734422610554104,1.5530279022390583,0.962108516384534,1.3260048171379326,1.0650480659414536,1.1070506234059911,1.4131055950823355,1.9922202449239155,0.9963833536742527,1.122366105760035,1.8160065059150914,1.2972844927262137,0.8541528761018551,0.8860085715509032
1.0,1.0,1.0,1.0,1.0,1.0,1.0,1.0,1.0,1.0,1.0,1.0,1.0,1.0,1.0,1.0,1.0,1.0,1.0,1.0,1.0,1.0,1.0,1.0,1.0,1.0,1.0,1.0,1.0,1.0,1.0,1.0,1.0,1.0,1.0,1.0,1.0,1.0,1.0,1.0,1.0,1.0,1.0,1.0,1.0,1.0,1.0,1.0,1.0,1.0,1.0,1.0,1.0,1.0,1.0,1.0,1.0,1.0,1.0,1.0,1.0,1.0,1.0,1.0,1.0,1.0,1.0,1.0,1.0,1.0,1.0,1.0,1.0,1.0,1.0,1.0,1.0,1.0,1.0,1.0,1.0,1.0,1.0,1.0,1.0,1.0,1.0,1.0,1.0,1.0,1.0,1.0,1.0,1.0,1.0,1.0,1.0,1.0,1.0,1.0,1.0,1.0,1.0,1.0,1.0,1.0,1.0,1.0,1.0,1.0,1.0,1.0,1.0,1.0,1.0,1.0,1.0,1.0,1.0,1.0,1.0,1.0,1.0,1.0,1.0,1.0,1.0,1.0,1.0,1.0,1.0,1.0,1.0,1.0,0.848949563109995,1.0505228541241842,1.1882140319552112,1.1959415948389789,0.9825939518027045,0.9704272590609325,1.1468596884993616,1.0038754626519015,0.9925867641945217,1.3134080172084155,1.4157503243773752,1.6574288880651966,1.864787359953618,1.1766548537945285,1.100817512270919,1.1334989935626898,1.0250539141988564,0.9284633323225111,1.0484421961979016,0.8952455768803471,1.4056736265092389,1.0081787952649222,1.2915540829811936,2.049354483389979,0.8312807665242404,1.0073621073190995,0.9671314125379958,1.1585096384363796,1.5165890550427514,1.0026602230826562,0.9534121210587974,1.2865350644514275,1.194808668508777,1.0796492406612166,1.0652586810260318,1.154760332775853,0.939782530277754,1.113582304950612,1.7065096582993524,1.7595143353862848,1.1705861177932755,1.1609496769436554,0.8843877123271373,1.2397457280305146,1.4457731131625708,0.9855088923318878,1.0160897851109578,0.8782673076746756,1.8541263241152577,0.9209191736436051,1.3590748911314166,1.4865970820875614,0.8740167899676259,0.9712566184782588,1.2880683390609207,1.0897240298317232,1.2817583765086897,0.9099888001225988,0.8425909994581824,1.1410399602931989,0.9790161765362304,0.9342547888927832,1.190136694955327,1.401339800645521,1.231163326749665,0.9110799410001725,1.1215138303697842,2.0141815606762874,1.1828133285263716,1.0226398979347504,1.1129743851316443,1.1483970412782731,2.1292705892777706,1.424630418980383,0.9552377108090243,1.066713542998265,1.1765976213589802,1.537009938247408,1.327943681448149,1.2734465561163357,1.1325093658557714,1.0160293194199594,0.5797973322690451,1.1056157259848436,1.0614540767057732,1.036010037215709,1.1557327972628237,0.9166964033614289,1.068957774756785,1.4513971728317296,1.3562906024765304,1.2589966570557396,0.8990881809542507,1.771974450863576,1.2511634470025998,1.3296847946985635,4.287175748828643,1.7154822545713184,1.1249615844226648,1.4997934082373117,1.9896390273527467,0.9272913757725713,0.9077620126163117,1.2320591674171908,1.2110862819159953,1.110234746021281,0.9326250701934512,1.0842798613040827,0.8861861164289383,1.105526728895295,1.2278005910589573,0.9630578508584045,0.9545767818330204,1.211617172103745,0.7833748702893157,1.103259159869595,1.1745305547592269,0.9803891226695794,1.0152233909210433,0.977746073731856,0.991752180028871,0.9765508608318859,1.1877532125963297,1.2983958149125059,1.0534129367320175,1.363905501758929,1.8568908128520376,1.3221683320691016,1.1098087525225089,0.8754229693256559,1.3842823728136477,1.121293083690921,0.9999675860848709,1.0187061239140096,1.2314091644611307,1.0902264052995345,1.4116962418495267,1.3801627296803805,1.0901799694678098,1.5796318977219492,1.2545513169236615,0.9460373182469572,1.163792028767166,2.183456051325929,1.8195541475981682,1.0923414322964304,0.9369071287733597,0.9309842801302692,1.015882778800997,1.0027909211907784,0.9955166338438586,0.8759573197701485,0.8513113332703258,1.0670952806314464,1.2890934562125946,0.965419716039716,0.8990567058478101,0.915706766492371,1.0021061016387016,1.2139215735028883,1.6425862014706112,1.082302517705783,1.3095550615054807,0.8797175441148009,1.0583352559747747,1.4370873640673278,0.9116634862581261,1.254855550962942,1.2009122316901228,1.0105226085400423,1.737160214594084,0.9934803076931688,1.4610282462509248,1.30205280284272,1.2376006292323702,1.3293850368858047,0.8199889274039629,1.1291423300704269,0.8942682369027337,1.1240711643854997,1.1642903332042454,1.2390194444763827,0.934649711661343,1.096684115742966,1.5427380060255027,1.0405830055927634,0.9014477681308051,1.0337800425626085,0.9159932128022172,1.2770612707315827,1.0843250153405513,1.3592725100533565,1.4607374701110232,2.300224829494634,1.2856415243576724,0.9627899841407133,0.8576189743739863,0.9784118089165048,1.2296870519328786,1.3119335529933789,0.9882618446238508,0.8718431326813503,1.1168140896458751,0.9848847882966403,1.1401805690658966,0.9536232813949217,1.0625775061071219,0.7515876364409042,1.0718879627320685,1.2843634458493232,1.2932529787874705,1.0327996134849617,1.1763706250017982,1.1488219101017634,1.0865441107962202,1.0737849553635668,1.1477066756108778,0.9762027062498846,0.9177121760932676,0.9463880581710951,1.1830164300933514,1.2318706733908575,1.005121829389776,1.3310454695581315,1.249081505654188,1.1829899303288371,0.9672715444613251,0.8403828064602115,1.3622598428344381,1.206033590185735,1.071502902528548,1.1097089903001938,1.0925268781263227,0.7736983040450661,1.204539999122761,1.2382905140770006,1.0888570465419487,1.015819489485288,0.894447325236043,1.0964507926994325,1.0987131600375735,1.0905370611064318,0.9045934355544882,1.150836597447551,1.031093546835394,1.1430679497556882,1.2013363748080774,1.06953923454659,1.0162310768333178,1.1452870633410719,1.1709576685919791,1.4780947078756566,1.090927997521784,2.899870216264326,0.7176269929409202,0.9633988004110551,2.27393016701233,1.2478231791731393,2.2271637736494396,1.1745762150521935,1.042018631874119,1.336862167330502,0.9624592845621582,1.189925929329827,1.4604983644444183,1.8161074015403003,1.263334879701567,1.3528257805141277,1.2063705077242508,1.5902685019834268,1.0534002615894837,0.8914900663817658,1.2464250480190464,0.7287896827639051,1.211176582471864,0.9041402963194304,0.977232617586715,1.7418606376245584,1.1354122895831114,2.570794780320018,0.9652757482120563,1.4043580630296597,0.8737902740945376,0.9955250903336972,0.9478097083951675,1.234347046499242,1.4883301005995313,1.0381808613330652,1.0684530863975548,1.0747111150092925,0.9650871735656552,1.1983431388964485,2.558613492127015,1.5350062462734126,1.9065079143951495,1.964951127312278,0.7216678473721202,1.7893008840061477,1.5470117171661408,1.3774046203490147,1.1843132015346942,1.3927541887386152,1.390705980957982,1.4149622168226128,1.243145674736648,2.0075090164267264,1.2450823444387813,1.713425886252332,1.3626509354831111,1.4229937199885176,1.8156653733163004,2.6198053661519,1.295729591789553,1.4408562333100527,2.3267840890960487,1.6656037182479029,1.1070138800922018,1.1386257688940176
1.0,1.0,1.0,1.0,1.0,1.0,1.0,1.0,1.0,1.0,1.0,1.0,1.0,1.0,1.0,1.0,1.0,1.0,1.0,1.0,1.0,1.0,1.0,1.0,1.0,1.0,1.0,1.0,1.0,1.0,1.0,1.0,1.0,1.0,1.0,1.0,1.0,1.0,1.0,1.0,1.0,1.0,1.0,1.0,1.0,1.0,1.0,1.0,1.0,1.0,1.0,1.0,1.0,1.0,1.0,1.0,1.0,1.0,1.0,1.0,1.0,1.0,1.0,1.0,1.0,1.0,1.0,1.0,1.0,1.0,1.0,1.0,1.0,1.0,1.0,1.0,1.0,1.0,1.0,1.0,1.0,1.0,1.0,1.0,1.0,1.0,1.0,1.0,1.0,1.0,1.0,1.0,1.0,1.0,1.0,1.0,1.0,1.0,1.0,1.0,1.0,1.0,1.0,1.0,1.0,1.0,1.0,1.0,1.0,1.0,1.0,1.0,1.0,1.0,1.0,1.0,1.0,1.0,1.0,1.0,1.0,1.0,1.0,1.0,1.0,1.0,1.0,1.0,1.0,1.0,1.0,1.0,1.0,1.0,1.0,1.236128278755355,1.3975504917241675,1.4071297127600684,1.1572172984655884,1.142196634197194,1.3490405732975712,1.180265558449248,1.1675787688464283,1.5445187631523556,1.6632858943572577,1.949993472744851,2.1890267537938786,1.3839673442617264,1.2934683108260192,1.3318368550057018,1.204782755807856,1.0911493833595154,1.2339927693795618,1.0531101932398412,1.6525657101051636,1.1854217865916927,1.5178463715495436,2.414372787448989,0.9775212499853043,1.1852045042518506,1.1376533620399734,1.3622062115775018,1.783231228810033,1.1797690764817617,1.1200941354206966,1.5082536279128902,1.4064346597174424,1.2688914032173053,1.2529216481062457,1.3584920194876227,1.1057530086992577,1.309439834564528,2.0069842691775004,2.0639598668033186,1.3769543529616364,1.3624364526611057,1.0408868449877913,1.4590122334771838,1.6997929476147762,1.159001544743996,1.1953867945293002,1.0330729966119712,2.1794333986575536,1.0839593828365561,1.5995082883449256,1.7474309618485568,1.0280360830080095,1.1419625560394002,1.5162436638243986,1.2830630948210489,1.5067907939919796,1.068992916519205,0.991533228869147,1.340613643994575,1.150300409986602,1.09929002496259,1.3999449840827227,1.6507123853937324,1.4485169589356641,1.0714764789951552,1.319620251438673,2.366477483204261,1.3915679572538466,1.2010216891516374,1.3094192964646676,1.3510633698302041,2.5067915094102413,1.668226448863574,1.1211325286765799,1.2553722438592807,1.384068674974393,1.8108062326918528,1.5623253692503036,1.4987268888679666,1.3334365278525069,1.193621354590786,0.6816576902612707,1.2995904288077977,1.2490474168393688,1.2174219784828662,1.3580304361105404,1.0779935083237513,1.2549383262576759,1.7062308388627863,1.5969766745517493,1.4815278500571476,1.056515890019778,2.0844912795577835,1.4703470065731106,1.5633808257921378,5.007332832419119,2.0270999650497257,1.323729493586924,1.7647645657163635,2.3347738133906235,1.0912536620395075,1.0690313266494749,1.4498656379278705,1.4256803615172084,1.3059525758893982,1.0967272162185213,1.274402146603015,1.043010480731414,1.2987611249325077,1.4435950629164824,1.1326404357733908,1.123064329812264,1.4231437981344643,0.9210136342002264,1.297066019599324,1.3802116624615506,1.1536714026661747,1.1937531488388786,1.150883003150382,1.1663939617265164,1.149584150314828,1.3972856431246408,1.5263534074466218,1.2396290316378527,1.6045944629797808,2.1793342377274785,1.5540164547145732,1.306695962644102,1.029643373709742,1.626151036129687,1.3191087500741974,1.1771320716712768,1.1986653126354376,1.4456753181180166,1.2825320789145664,1.6618543585426493,1.6215698117987796,1.282505571499668,1.8579971539663394,1.4750215390187718,1.113752222465818,1.3677448014592222,2.5566372173181433,2.137935602695564,1.2854845077117771,1.1022900811123084,1.0934746643982693,1.1954380324744442,1.179499611024248,1.1717210629578392,1.0299756421013146,1.0017020112195971,1.2549650658669016,1.5138012243583117,1.1362941678460197,1.0569538061263377,1.0776587698045192,1.1807374711685106,1.4286989590333359,1.934201434426948,1.2720896396234986,1.5396395907674332,1.0352742460587263,1.2459971397047735,1.6843851342183926,1.0736235424415046,1.4749797580901145,1.414183075267454,1.188583659863027,2.044707617483385,1.1692376731143892,1.7214292255408332,1.5319499882671073,1.455309298962812,1.557751282158949,0.9645178986701646,1.3290800051229836,1.0531737921570978,1.3217727570840618,1.3691349904410306,1.4573837609125349,1.099723755692152,1.291215916336107,1.8132284339435838,1.2252946272198504,1.0605620838623175,1.213717584708745,1.0775726321074028,1.5022777174725883,1.2745325039145137,1.5987996444897339,1.7186035716516979,2.7052012509278165,1.512866741685928,1.1328633214353254,1.0082078696195227,1.1512248658086581,1.4476021991236458,1.5423697613854368,1.1621966015386058,1.0252678917373181,1.3156677625802855,1.1567823100266326,1.3396620903474203,1.1224849501023855,1.2479940064924329,0.8842137894325943,1.2636932269262187,1.5123481518406199,1.5225246293229704,1.215601069099344,1.384394744142075,1.3480137145089808,1.279327660639272,1.2638488238267058,1.3525155897632897,1.1486398879457567,1.081544643631477,1.1174889041927025,1.394167256630177,1.449513472497923,1.1821539488589958,1.5643480261725586,1.469820172357133,1.3915636942314809,1.1369421027912772,0.9877246426707618,1.6032544317698054,1.4157256711197488,1.2596040563089042,1.3036321246974123,1.2853805142636445,0.9103957657764875,1.4170362841208324,1.4453215325443691,1.2782920265747906,1.1943552911088922,1.0533928204728917,1.288459916713698,1.2910676066277502,1.282885438444934,1.0629300110746085,1.3547500248132398,1.210646379216818,1.3419862580840025,1.411427831386833,1.256837390731341,1.1945009445492727,1.3469559319371498,1.3758326474928508,1.7387851105329823,1.2839659569934283,3.4162013559663844,0.8440486883646346,1.130926242519304,2.667133998922706,1.468354800740836,2.621076565188274,1.3817246636467502,1.2259162228652827,1.5712630018420377,1.1326684236191786,1.4010470019216044,1.7114610887697848,2.1176854435824586,1.4831798829201168,1.5959775244775436,1.4202122824661263,1.860600984983267,1.2387683981844098,1.0461957533625845,1.4677011236473838,0.8558104743547781,1.4191389051784469,1.0609015779317366,1.1474649376579622,2.042798618712187,1.3351933566968246,3.0120296266900226,1.1365427269797623,1.6535373038661028,1.0286378520896098,1.1719934882692322,1.1160600020647817,1.452178143134469,1.750078191002428,1.2197517719794455,1.2559627206160742,1.2635402082574558,1.1319671095825117,1.408932053804925,3.013264039703431,1.8067820552550984,2.2479621247142467,2.3236064065146134,0.8480203376026771,2.094399920559193,1.8167760749240864,1.6190772230242554,1.3948579861520027,1.638573011101062,1.6381828711282127,1.6658544782862972,1.4648189883296745,2.357211659399325,1.4634047328007354,2.013372443868185,1.6021848497608038,1.6730157236818215,2.136663282122975,3.069166951936139,1.5183500525817877,1.695533716051457,2.7365845155057986,1.9575512179225332,1.2977916751010332,1.3402980698249527
1.0,1.0,1.0,1.0,1.0,1.0,1.0,1.0,1.0,1.0,1.0,1.0,1.0,1.0,1.0,1.0,1.0,1.0,1.0,1.0,1.0,1.0,1.0,1.0,1.0,1.0,1.0,1.0,1.0,1.0,1.0,1.0,1.0,1.0,1.0,1.0,1.0,1.0,1.0,1.0,1.0,1.0,1.0,1.0,1.0,1.0,1.0,1.0,1.0,1.0,1.0,1.0,1.0,1.0,1.0,1.0,1.0,1.0,1.0,1.0,1.0,1.0,1.0,1.0,1.0,1.0,1.0,1.0,1.0,1.0,1.0,1.0,1.0,1.0,1.0,1.0,1.0,1.0,1.0,1.0,1.0,1.0,1.0,1.0,1.0,1.0,1.0,1.0,1.0,1.0,1.0,1.0,1.0,1.0,1.0,1.0,1.0,1.0,1.0,1.0,1.0,1.0,1.0,1.0,1.0,1.0,1.0,1.0,1.0,1.0,1.0,1.0,1.0,1.0,1.0,1.0,1.0,1.0,1.0,1.0,1.0,1.0,1.0,1.0,1.0,1.0,1.0,1.0,1.0,1.0,1.0,1.0,1.0,1.0,1.0,1.0,1.127597924938517,1.132703499825539,0.9348856327961695,0.9216598167013821,1.090113620821957,0.9495948895880926,0.9421964480468719,1.2451224234788887,1.3444695505436979,1.5719946936108906,1.762053380785969,1.1191194293581366,1.0426827407489527,1.0722084811390942,0.9752713506378621,0.8787466155162176,0.996039523927484,0.8484831794693048,1.335181781550499,0.9549302847272032,1.2215759672145352,1.949602650522458,0.7889584446727088,0.9575390504910265,0.9180213900172101,1.098411711707321,1.4394597497701545,0.9516621707713955,0.9077562434559845,1.215530081802563,1.1356498685304504,1.0234160859619892,1.0105037785332343,1.0979454835850286,0.8919291766036508,1.0568903889221257,1.6193367982453046,1.6673244010398287,1.110471513506796,1.0966269392105346,0.8393540893508493,1.1780666673764473,1.3683900816623438,0.9355702713235142,0.9668951150288765,0.8329010889580136,1.765005153602,0.8764004083491224,1.29171024388729,1.4114328441968986,0.8313272973603685,0.923002847522815,1.2286326362008289,1.03521451583834,1.2153766439668527,0.8620393789932437,0.8007229330918996,1.083115880963167,0.9284179119315839,0.8903685506343972,1.1304845359506364,1.3356866034011203,1.1667663031526816,0.8628049050191671,1.064707405335074,1.9115241767057691,1.1239835959791475,0.9662086625541626,1.056473607030897,1.0913949993831749,2.025237103090431,1.3359803655696418,0.9023527414811152,1.0117638085268053,1.11908002879476,1.4610463923206676,1.2663802806222473,1.2113551751048197,1.0771211577136102,0.9644586822846699,0.550126610007925,1.0513820198323383,1.006396869468126,0.9822777925733369,1.0958515821721662,0.8679020865677121,1.0121182929341903,1.377465074182215,1.2927053203935488,1.1961249918833001,0.8526317124574617,1.6814893680670013,1.1903074721956097,1.2641399973558147,3.9402394842850423,1.6384991190381206,1.066463047028032,1.4144643731239759,1.8857454297328444,0.8804207300525035,0.8635707227414732,1.171876452730726,1.1515063659020055,1.053279753635041,0.8854686980145107,1.0291213619039437,0.8419593415762996,1.0474372886485328,1.1651971543984745,0.9123737805236701,0.905200989048742,1.1473696922504146,0.7406950075476764,1.0448955050415825,1.1147634809065106,0.9298473482966157,0.9607666675448787,0.9283443181574433,0.9403169314614234,0.9296756257971078,1.1291152727281069,1.232998241310794,0.9991870469879284,1.2969825979635905,1.761098730315425,1.254181764686201,1.0555881161816805,0.8297873639235519,1.3119536392568705,1.064785198757599,0.9476740189928928,0.9667104938135236,1.1719833053571633,1.0346067610117633,1.3421166732610175,1.3082763758760545,1.038050267198136,1.5008879158923014,1.186484442005936,0.8991968766691182,1.1035611112815786,2.0568390285652347,1.7270724279501077,1.0394570112788293,0.8904431097642231,0.8815751293488714,0.9654406801605058,0.9494176399167106,0.9451552728933779,0.8301450764394946,0.808799813970914,1.0150707522750877,1.2219702674237132,0.9175430271452828,0.851327362979208,0.868993994727612,0.9524004140293929,1.1554289018957284,1.564890151800862,1.0282206961200466,1.2430565018604032,0.8358693096692247,1.0072573320511837,1.350990737498365,0.8644594581881546,1.1913391848203043,1.1429484844724727,0.9577480066139858,1.6585521256759868,0.9439536122980009,1.3926963006860906,1.237510375723448,1.1754403489161094,1.255121958228127,0.7772393795191216,1.0731152516045672,0.8496541011850616,1.063641576142009,1.1053176678048322,1.176022044868521,0.8875974702372595,1.0431977992145005,1.4644520902956493,0.989445641936949,0.8527821353407423,0.9743588251135904,0.869470077713901,1.2131617297349213,1.0289619344022203,1.290382735886055,1.3884483980536833,2.181187032654833,1.2182142873589445,0.9136217448599051,0.8114998034932419,0.928900207742706,1.1711068007874976,1.2457468467668953,0.9379185901452727,0.8265897308789887,1.0635260243908409,0.9312198548420758,1.0811734680670613,0.9075544899898003,1.0053262118967927,0.712518680092342,1.0253449835661528,1.2171753207033948,1.2315266802234512,0.9793558811481009,1.1170590634049145,1.0887439468269826,1.0317813528974114,1.0206336692405786,1.092112606553708,0.9273977755945538,0.8731155782422302,0.9047310445928644,1.130005398009152,1.1628170466390428,0.9529534882516458,1.2629161222915979,1.191425999176176,1.1234921277633168,0.9155063652412931,0.7953847629176027,1.2935151961858087,1.1377459963163021,1.015906842631613,1.0473849892171128,1.0344023334187815,0.7336719489485459,1.1432554246008542,1.1545482095990187,1.0282370139400752,0.9595630355104341,0.8476457938391732,1.0384018469838328,1.0393070925874361,1.0348665507823214,0.8582053608995154,1.0907201102794815,0.9731880580985284,1.078628337609738,1.131320476708305,1.0082581351091995,0.9573769438127733,1.0848245312737934,1.1069443864018527,1.4079953264217075,1.0334418104914478,2.7593772288968546,0.6798787822041042,0.9090677368733535,2.152267226425174,1.187331024012022,2.12273380642134,1.1144372763157575,0.9865579529825368,1.2668121431178,0.9140744120686548,1.128950296736651,1.3775135883853453,1.6968589981220572,1.1948403641764862,1.2882024602561322,1.1434417668662986,1.4891791007778914,0.9996334093236051,0.8431015748646339,1.1812931853828768,0.6872577697623817,1.1375807709890204,0.85098141141884,0.9232957860307349,1.6426220597899137,1.0739865520154384,2.421659243491396,0.91782561817201,1.3335036425493163,0.8298479214222516,0.9430924223684898,0.9008730671579248,1.1721570411928262,1.411753738698546,0.984296485376289,1.013599134693493,1.02103920286313,0.909654831109376,1.1381725725930338,2.425279760324426,1.4573422311367175,1.8287248802386034,1.8746955106723173,0.6826310281437024,1.6832937145654852,1.4658636295181982,1.3067424252684423,1.128937208530561,1.3229749371566213,1.3228443081592207,1.344748086522714,1.1855032161813384,1.8979732302307466,1.1756593734328695,1.62195149421926,1.2964788732792893,1.349853623763332,1.7231729282188586,2.44041415722248,1.2196538541413449,1.367994121991801,2.211269378897836,1.5812892134891399,1.0445755665466914,1.080631641768249
1.0,1.0,1.0,1.0,1.0,1.0,1.0,1.0,1.0,1.0,1.0,1.0,1.0,1.0,1.0,1.0,1.0,1.0,1.0,1.0,1.0,1.0,1.0,1.0,1.0,1.0,1.0,1.0,1.0,1.0,1.0,1.0,1.0,1.0,1.0,1.0,1.0,1.0,1.0,1.0,1.0,1.0,1.0,1.0,1.0,1.0,1.0,1.0,1.0,1.0,1.0,1.0,1.0,1.0,1.0,1.0,1.0,1.0,1.0,1.0,1.0,1.0,1.0,1.0,1.0,1.0,1.0,1.0,1.0,1.0,1.0,1.0,1.0,1.0,1.0,1.0,1.0,1.0,1.0,1.0,1.0,1.0,1.0,1.0,1.0,1.0,1.0,1.0,1.0,1.0,1.0,1.0,1.0,1.0,1.0,1.0,1.0,1.0,1.0,1.0,1.0,1.0,1.0,1.0,1.0,1.0,1.0,1.0,1.0,1.0,1.0,1.0,1.0,1.0,1.0,1.0,1.0,1.0,1.0,1.0,1.0,1.0,1.0,1.0,1.0,1.0,1.0,1.0,1.0,1.0,1.0,1.0,1.0,1.0,1.0,1.0,1.0,1.005575727666915,0.827052732221158,0.8160452830018501,0.9647274089363964,0.8434790409312725,0.8348634891283178,1.1038907885302813,1.1903706982125497,1.3927056280413996,1.5657141510588144,0.9901682963174017,0.9247191766065186,0.9520986255394772,0.8626264866908782,0.7801817124580616,0.8820927459785783,0.7524994787714177,1.1817394262881953,0.8476103978377599,1.085752562111368,1.7264179886450675,0.6988482237536806,0.8477601764648802,0.8133382857121793,0.9740447646056771,1.2757082140779112,0.843218216176191,0.8021527281483032,1.0792982904652564,1.0051224992174252,0.9072791191796039,0.8958220860595895,0.9711845511341192,0.7905516973561357,0.9367445746048833,1.4357575528002922,1.478643644840276,0.9836385895390511,0.9749765456688892,0.7439684598526191,1.0437203541087314,1.215021743753941,0.8286239541029023,0.8550609402633045,0.7385264004168757,1.5605558817201908,0.7754472078251358,1.143037748194985,1.2495979919040154,0.7349205499882132,0.8169559277448291,1.083747818880268,0.9168785029779671,1.076849002206725,0.7646607195334847,0.7086554454119152,0.9588889808955374,0.8227995510332513,0.7867478351152604,0.9999911417047542,1.1798910423634084,1.0362177838159818,0.7654239694459262,0.9433397993581575,1.6920081818766157,0.9951994468964341,0.8590380058951064,0.9365817432461294,0.9663689042658656,1.7915996698663852,1.1944842589225464,0.8017568151599952,0.8972177894192299,0.9893330521270658,1.2932745192480015,1.1179535028572989,1.072070410912441,0.9533162878974741,0.8540293290615101,0.4878086218403904,0.9296461273081134,0.8924004081346337,0.8705787127310284,0.9720977045089061,0.7708930628720881,0.8979465102636415,1.2199710214237787,1.1416400797304282,1.0595009918057108,0.7555284720920676,1.4904898345079465,1.0524012805857705,1.1185002773627304,3.5779946918342986,1.4469066714970595,0.9454672299148503,1.2603935634364576,1.6712486327724463,0.7801495510526729,0.7639872590399331,1.0359122535189123,1.0190058886791722,0.9333367893072284,0.7842051151296261,0.9111667634009286,0.7456217404003633,0.9291468838446908,1.032265525014164,0.809678219591436,0.8025710938221544,1.0175618837055374,0.6580570606302691,0.9268218372898412,0.9872947822630505,0.8239384498472173,0.853083461505117,0.8221888779937961,0.8339011241255577,0.8218251297618352,0.9993368204632012,1.0914374382521637,0.8857518245754299,1.1466304652341979,1.5597309240704342,1.111596653356598,0.9340186948332492,0.7359124855850333,1.1630180171561442,0.943491022547306,0.8423493432910256,0.8566279808883976,1.0345865654677693,0.9170255136150383,1.1888264955853827,1.1598613763849486,0.9179102804351296,1.3280927121304493,1.0540395743731565,0.7960264967693711,0.9782141871497463,1.8298521477833614,1.5303156969526897,0.9192598201406204,0.7878349649996403,0.7819126756251609,0.8539752002317049,0.8427766650848576,0.8373244523463149,0.7363307700513013,0.7163033702233237,0.8980156299272322,1.0832617300768304,0.8121328109891129,0.7553796086117259,0.7705022866536434,0.8433696638041416,1.0216898634243075,1.3828720197397883,0.9088257923612924,1.101204804524017,0.7396630876091204,0.8912205447731204,1.2049259112727728,0.7664851156583667,1.0545446743807099,1.0108016532516275,0.8491780081584251,1.462538319855771,0.8352404937403469,1.2289639873896436,1.0956758083383824,1.0407718465332243,1.1158354944023325,0.6893750909029912,0.9500412918832151,0.7525769199206935,0.944768381099416,0.9792495626806068,1.042434250725623,0.7860143388602926,0.9217382873405398,1.2967037229774574,0.8760387357923187,0.7577399650646461,0.8677223659665594,0.7697827177006851,1.073775226568813,0.9117616166723846,1.1440648050258586,1.2281981082157165,1.9345710859809495,1.080285547782319,0.8095429100625773,0.7210715084153079,0.822998956592328,1.0352615519219355,1.1029819118143114,0.8311125726328858,0.7329378212137979,0.9401547708584748,0.8273401536902235,0.958145052259142,0.802877564347956,0.8926832127968778,0.6311867295988745,0.9026494993179035,1.0798032499803951,1.0880950746221358,0.8691099780833321,0.9890737702064595,0.9654846475741352,0.9141430919424127,0.9036072554367658,0.9661145594784852,0.8211066147460557,0.772707666763014,0.7986159687824175,0.99609825286976,1.0343247279095904,0.8452459448762535,1.118803970162718,1.0524130332421546,0.9953705121582377,0.8129823675762737,0.706395468825767,1.14515820679053,1.0122936361585853,0.9011663874389358,0.9315732816697879,0.9183068316327789,0.6502599269473346,1.0126512815894193,1.032797564368509,0.9142321329237718,0.8533874214778494,0.751780482671703,0.9212234330976476,0.9228787357071686,0.9167613409336648,0.7601000143696549,0.9683975817421262,0.866151128842324,0.9592572683256846,1.0080156538062752,0.8983963446575352,0.8530341492935092,0.9628042524176164,0.98362427184524,1.2437585674373612,0.9174384290353215,2.4330602079249513,0.6032355577236728,0.8084031311291006,1.91188388551046,1.0490940158537179,1.875652912138456,0.98850565506993,0.8765582079680456,1.1231731038811499,0.8095577389782753,1.0014796465600575,1.2250295989307247,1.5218832837461687,1.0616895226121374,1.1399053281511846,1.0145866866984492,1.3318601310640545,0.8860933927692007,0.7486234191820197,1.047596549696661,0.6114242158572626,1.0156342037934565,0.7585756327878512,0.8205584628251444,1.4609771168398682,0.9533675046918055,2.1549806275034804,0.8124735038204508,1.1805548504277592,0.7348431472588686,0.8360136164052738,0.7975554057590241,1.0381549137797599,1.2512939665147944,0.8730511634240767,0.8980712817855219,0.9047145730944673,0.8101043485801939,1.0077237705506623,2.154011853005378,1.2920936557133516,1.6106005870013718,1.652997732714221,0.6062662949061728,1.498792066647392,1.2991114105596315,1.158204704223897,0.9967946360656822,1.1714057710781378,1.1706308589506804,1.1905717891225431,1.0468226623085801,1.6851312503565832,1.0458687541617242,1.4359579585258913,1.1469764502983155,1.1965093623281746,1.5277872083086441,2.1942898401046396,1.0872951528264003,1.2120736116415691,1.960043943736427,1.4009266225369985,0.9286972842979533,0.9575781724536037
1.0,1.0,1.0,1.0,1.0,1.0,1.0,1.0,1.0,1.0,1.0,1.0,1.0,1.0,1.0,1.0,1.0,1.0,1.0,1.0,1.0,1.0,1.0,1.0,1.0,1.0,1.0,1.0,1.0,1.0,1.0,1.0,1.0,1.0,1.0,1.0,1.0,1.0,1.0,1.0,1.0,1.0,1.0,1.0,1.0,1.0,1.0,1.0,1.0,1.0,1.0,1.0,1.0,1.0,1.0,1.0,1.0,1.0,1.0,1.0,1.0,1.0,1.0,1.0,1.0,1.0,1.0,1.0,1.0,1.0,1.0,1.0,1.0,1.0,1.0,1.0,1.0,1.0,1.0,1.0,1.0,1.0,1.0,1.0,1.0,1.0,1.0,1.0,1.0,1.0,1.0,1.0,1.0,1.0,1.0,1.0,1.0,1.0,1.0,1.0,1.0,1.0,1.0,1.0,1.0,1.0,1.0,1.0,1.0,1.0,1.0,1.0,1.0,1.0,1.0,1.0,1.0,1.0,1.0,1.0,1.0,1.0,1.0,1.0,1.0,1.0,1.0,1.0,1.0,1.0,1.0,1.0,1.0,1.0,1.0,1.0,1.0,1.0,0.8194345541508175,0.8098066665800725,0.9554999503285712,0.8388598605143806,0.8281979698572779,1.0960904683997794,1.179493333074817,1.3831357352967348,1.5565003438413076,0.9802033993095868,0.9184640711876108,0.9468366239820462,0.8529530354425849,0.7753588813215667,0.8746463141427979,0.7474661587574031,1.1710658265293576,0.8417600127134426,1.0790301267670244,1.7092124199216054,0.6931489037438304,0.8398647655759524,0.8068459602284659,0.9665558566089691,1.264734933193763,0.8367171230819904,0.792702460091851,1.0722895459553237,0.9963718338762797,0.9005151397279834,0.8887267822064412,0.9619659434931076,0.7842503035074032,0.9284624702632738,1.4233594064237407,1.4645276391967994,0.9760269396735695,0.9690110459883952,0.7382444425177314,1.033759323851624,1.2077012392008926,0.8217865342801665,0.8461153750670725,0.7331203073129798,1.5437780521184838,0.767507506921861,1.1329916924166294,1.2386850868604284,0.7276093839674207,0.8089702994597602,1.0710385758596757,0.9095501643212838,1.068854178807692,0.7589191454848659,0.7026868235840256,0.9504430491842614,0.8162243486867311,0.7775723386242067,0.9914622631001895,1.1676239117206162,1.0282206883995322,0.7608359996724758,0.9354902851942425,1.6787422358627615,0.9860258176027583,0.8544966507478522,0.9287371646050709,0.957155945242568,1.7747742905199553,1.191283016039903,0.7974973983276412,0.8905833715703889,0.9802061224435028,1.2821989664738247,1.1045322598552185,1.0611490097159315,0.9443717967995615,0.8461974110978407,0.4836185904504546,0.9197366465750332,0.8863659577192506,0.8636571156302697,0.9638024773750804,0.7656464522486793,0.8916497280442719,1.2097119177784208,1.129440990807948,1.0499787988025373,0.74966511388791,1.4779628245014447,1.04103431312647,1.1070900252381182,3.6198862782619408,1.4317327228316747,0.9391878989421478,1.2573009719449981,1.6566604939356862,0.7738703462057208,0.757114134296099,1.0264067078232675,1.0101443661513967,0.926252724640473,0.7774555755062065,0.9035993796143065,0.7392405560483324,0.9224705843152204,1.0235588008254783,0.8048266634309803,0.7968335840433103,1.010302126389376,0.654863054819554,0.9205770932434953,0.9788349526659739,0.8185379151566488,0.8482158423618508,0.8161695950012378,0.8279710962441218,0.8129831887761068,0.9897523875832117,1.081711158114648,0.87965010728138,1.1362428893490708,1.545611754294489,1.1025632149870905,0.9254133494222063,0.7307636892672256,1.1543461770072652,0.9350227223408663,0.8366551547763704,0.8502291142677575,1.0230111907107684,0.9094105815316631,1.177331150768569,1.1507741418425397,0.9078992609694608,1.3166140316989319,1.0487889810837183,0.7891970575080918,0.9700419287779279,1.8207236580033452,1.515923694153142,0.9099942840864854,0.7807117951520622,0.7764910895512342,0.8467817128496494,0.8381291379129988,0.8308104375820663,0.7310927450827271,0.7102993097834965,0.8888128441097505,1.0742610766259744,0.8047983006024795,0.7504800992318101,0.7647576356283773,0.8365494460688412,1.011329626918459,1.3677587721748892,0.9011256111212058,1.0908148181686035,0.733895393493707,0.8824715803196856,1.2018326821195684,0.7618258612017448,1.0456697823825278,1.0012177121680352,0.8437630162574503,1.4433523978482226,0.828541523468856,1.2174314061385068,1.085295195785034,1.031574044270314,1.108546097914052,0.6846862293787528,0.9418829984205146,0.7464969784692024,0.9396222282957953,0.9709707375879439,1.0336225724352357,0.7797538886327424,0.9136290667770199,1.284836113470261,0.8682676320705449,0.754215412628429,0.8650443650409136,0.7638058931313711,1.0648292234503494,0.9038144097882099,1.133753389376819,1.2173662160451508,1.919703324793731,1.0740400008033413,0.8035110879573373,0.7164982448374008,0.81637528996728,1.0241516094309242,1.0932950069162364,0.8244792828815665,0.7274455945418041,0.9305964962898174,0.8225134520901969,0.9508359758244631,0.7949107786490262,0.8867949056430598,0.6273744638860548,0.8905167403556542,1.073622978022616,1.0773685168546423,0.8622080054021319,0.9815593677061224,0.9577169914662376,0.9071812140032276,0.8952872820698523,0.9579532476750989,0.8140495080432033,0.7657286464292388,0.7892586095755367,0.9840048115772841,1.0314795970416353,0.839132083841664,1.1090360380644144,1.0385010359850049,0.9864528182414534,0.807927974828297,0.7018275328034089,1.1360801298751098,1.007683708970803,0.8944094272648319,0.9276455081234368,0.9127614988215381,0.6458123062359082,1.0046880762377368,1.0359935672022362,0.909868724294669,0.8491871694379709,0.7477546672506223,0.9150469111180113,0.917620025792651,0.9100631607054221,0.7536148582772977,0.9611649715029305,0.86223616114078,0.9553658871935737,1.0059710274912124,0.8957079793912647,0.8512308722567243,0.9563866387023987,0.9782885055644415,1.230126091542877,0.9117629687770779,2.412121733750807,0.5991827768663364,0.8044927199706913,1.8961998975908876,1.0393711077528567,1.8535720571009122,0.9804583718434549,0.8713273804336772,1.1149880145001385,0.8028077598510378,0.9941006148704035,1.2185294232469346,1.5173974037141797,1.0542449892822245,1.1292445410599563,1.0075754649948176,1.331160266568785,0.8786668241279529,0.7437125856208437,1.0416574037507134,0.6094710275011277,1.0125168204847363,0.7565433557600045,0.8163193403991699,1.4549707362388835,0.9483326538393758,2.1458290472754555,0.8051457468464233,1.1715883738150077,0.729231515437843,0.8320572332063362,0.7905833507531443,1.0294838013407588,1.2414000288625937,0.8663441352274911,0.8908557874154628,0.8960383110500867,0.806744033533356,0.9988290584527036,2.137567958718366,1.2808689113950285,1.5847079314534898,1.6388494844184134,0.602720193520637,1.493455447227186,1.288871823008407,1.148693774841754,0.9859049558931745,1.1609940958431708,1.1596868369079734,1.180538968610393,1.0353090129887152,1.6755270474262292,1.041455759904506,1.4291238272269657,1.1339646398211152,1.1867815185561281,1.515873039889021,2.20036179890355,1.0835983939418168,1.2020624240349163,1.941966696507159,1.3888412648016553,0.9241524299987688,0.9505641431307457
1.0,1.0,1.0,1.0,1.0,1.0,1.0,1.0,1.0,1.0,1.0,1.0,1.0,1.0,1.0,1.0,1.0,1.0,1.0,1.0,1.0,1.0,1.0,1.0,1.0,1.0,1.0,1.0,1.0,1.0,1.0,1.0,1.0,1.0,1.0,1.0,1.0,1.0,1.0,1.0,1.0,1.0,1.0,1.0,1.0,1.0,1.0,1.0,1.0,1.0,1.0,1.0,1.0,1.0,1.0,1.0,1.0,1.0,1.0,1.0,1.0,1.0,1.0,1.0,1.0,1.0,1.0,1.0,1.0,1.0,1.0,1.0,1.0,1.0,1.0,1.0,1.0,1.0,1.0,1.0,1.0,1.0,1.0,1.0,1.0,1.0,1.0,1.0,1.0,1.0,1.0,1.0,1.0,1.0,1.0,1.0,1.0,1.0,1.0,1.0,1.0,1.0,1.0,1.0,1.0,1.0,1.0,1.0,1.0,1.0,1.0,1.0,1.0,1.0,1.0,1.0,1.0,1.0,1.0,1.0,1.0,1.0,1.0,1.0,1.0,1.0,1.0,1.0,1.0,1.0,1.0,1.0,1.0,1.0,1.0,1.0,1.0,1.0,1.0,0.9855915779431191,1.165267444099789,1.0157447732929064,1.0075176803717154,1.3315728689216528,1.4367161092321106,1.6810311651283043,1.8843840985641074,1.1961747712721023,1.1146294442379365,1.1468958003922833,1.042192500101378,0.9399189480646248,1.0652098119780835,0.9075208323709364,1.4270513651268215,1.0214667066666356,1.307230927219782,2.086069076646906,0.8434354626368736,1.0239100512278063,0.9817299613595738,1.1747118477978136,1.5392706328595611,1.0178022495298937,0.9694511433721044,1.2984788297972139,1.214253501102669,1.0942296230660138,1.0807405989052978,1.173580477404082,0.9539585544263558,1.1301494211291456,1.7320243040623575,1.78101564959836,1.1870704795457399,1.1726945136051854,0.8979338740762318,1.2600755456731625,1.463772905362462,1.00020735298425,1.0334664770710933,0.890865977528218,1.8863811890797275,0.9371409961721331,1.3809753296816611,1.5085011470363652,0.8881541488610889,0.9865139162457404,1.312350185233153,1.107177774047041,1.299090265888045,0.9216867968573916,0.856129987217,1.1572161954891889,0.99242007295937,0.9515418008896224,1.2080700829449582,1.4277607642505261,1.2488472363880327,0.9228112149316576,1.1385200265695654,2.042438616599345,1.2017585336554342,1.03346466466932,1.1301646486768413,1.16699701105262,2.1652790125489974,1.4292478090331082,0.9645901162099734,1.0824006917291278,1.1958343570967294,1.562913718076619,1.3526864719524703,1.295303830946271,1.1519447855975076,1.03049532562145,0.5882809886961768,1.1230421505591766,1.0765258657784877,1.0499537867801707,1.1718519204307525,0.9285790830682323,1.0816279649790586,1.4722503305502945,1.3815615764294191,1.2792107650168756,0.911324523291596,1.7980720529307894,1.2714405847742518,1.3510095001612563,4.229474417226765,1.7533288653077201,1.1405145736152105,1.5144737211283392,2.0144659887856013,0.9417535659532305,0.9233791265437243,1.252219403340352,1.2314741367914295,1.1262351865816236,0.9466030099698642,1.099665115605307,0.900477122652035,1.119804932913901,1.245604429927331,0.9760369437720928,0.968045036449626,1.2263689561418185,0.7923879343781732,1.117265861149733,1.191474269939651,0.9943441976527008,1.0276904459578537,0.9927666672503521,1.0056989685897892,0.9937695559904379,1.2070838501854078,1.3175669139131065,1.0686809503260657,1.3859293428135575,1.880511941749638,1.3408493195529694,1.1289264344400887,0.8874455683083473,1.4021474505468068,1.1387564336661122,1.014926233745947,1.0339199877901613,1.2506993071692059,1.1063666425521,1.4357659032652823,1.3985073778668273,1.1096356327620718,1.6043133081586858,1.2691213916629076,0.961748640828362,1.1796209487569973,2.197740191133261,1.8461814681231612,1.1110708223237853,0.9517760743273691,0.9422852458022513,1.0318499824935028,1.0156708168192692,1.0109158986067261,0.8877779047524965,0.8649685987774531,1.085043025664595,1.30574013153395,0.9811246145053761,0.9104688942183642,0.929664953385259,1.0188990473650743,1.2351496153175079,1.6731315605234924,1.0980989491946054,1.3286750026317504,0.893757348208176,1.0770874951263099,1.4452020616438617,0.9248351072931973,1.273045525607662,1.2222167343053552,1.0241766943126775,1.7719396302950439,1.0091538701431548,1.488466032625406,1.323205236162769,1.2565233641814704,1.3414263410082743,0.8313697315964049,1.1477312681616079,0.9089887560002379,1.1379534864688154,1.1818732067846742,1.2578295732419682,0.9490553615231608,1.1149464447723223,1.564834333430174,1.0583099969335987,0.9126318854059327,1.0426412744803337,0.9295279585251305,1.2968138160295006,1.0999949109297256,1.3803161436078977,1.4841628233842714,2.3331198648536016,1.3030398707587478,0.9770332584287512,0.8681588382058567,0.9933574394290756,1.2519249077108463,1.3315538980788748,1.0028836773110146,0.8838985019947202,1.137203981306746,0.9958540793329629,1.1557268101748683,0.9704450707533621,1.0749786160688544,0.7617882034361826,1.095225048017514,1.302747092308032,1.3161579577964635,1.047811874651756,1.1943876795640587,1.1633142671980994,1.103691452775524,1.0914685455683855,1.1684639695384387,0.991542565921474,0.9339954940651402,0.9682430234495811,1.2073451385932938,1.2446235784341857,1.0193576135899425,1.3497964500853676,1.2733763075430264,1.2014524150277137,0.9790928802875646,0.8508131012156769,1.3829383812003107,1.2167532680266726,1.086689141113476,1.1204689025633803,1.1067402786248954,0.7845468171097916,1.2225643038654304,1.2329752838383794,1.0996023085650113,1.0266797763510969,0.906976967432702,1.1102572843758143,1.1115586655726775,1.106515113978884,0.91703204518978,1.1672643326602308,1.0410820340280917,1.1536062412854615,1.2104577788850255,1.0793742856331896,1.0247315306648273,1.1601858175219035,1.1841984356556479,1.5042544781788711,1.1058712180473014,2.9466711556978917,0.7272297085821845,0.9718512931882488,2.3011137490376843,1.2686032629641142,2.269095821668894,1.192364970746567,1.0559496795226,1.3543116567320987,0.977453419060599,1.2084991017963063,1.4721245177275368,1.8137574994538173,1.2780311977371492,1.3786744948393068,1.2232872371569603,1.5926792966377843,1.0690822409725254,0.9012262428145352,1.263513204024958,0.7350002546804955,1.2167524464136368,0.9104942294438154,0.9874035970910671,1.7560326249397065,1.1486899311565484,2.587977810504513,0.9817150509736206,1.4259181953519242,0.8874842836659245,1.008495702512402,0.9635199386881231,1.2533041743070887,1.5095112294661344,1.0525107274619807,1.0835414457537267,1.0917364996910859,0.9728229526870272,1.2168112004552118,2.597180942127575,1.559369964323981,1.954982572966073,2.0054581243961622,0.7298807491677162,1.7984337079393562,1.5662723244800554,1.3971347895740953,1.2066126976537856,1.4144528301474604,1.414727706404996,1.4383901997430442,1.2671588816222203,2.0283972184679255,1.2581911335623936,1.7326331881327761,1.38544280195187,1.4431485988939714,1.842996462044575,2.615395727397326,1.3044321282264422,1.4631497133455489,2.3667121772274244,1.690746792129484,1.1161913713821332,1.155862400111604
1.0,1.0,1.0,1.0,1.0,1.0,1.0,1.0,1.0,1.0,1.0,1.0,1.0,1.0,1.0,1.0,1.0,1.0,1.0,1.0,1.0,1.0,1.0,1.0,1.0,1.0,1.0,1.0,1.0,1.0,1.0,1.0,1.0,1.0,1.0,1.0,1.0,1.0,1.0,1.0,1.0,1.0,1.0,1.0,1.0,1.0,1.0,1.0,1.0,1.0,1.0,1.0,1.0,1.0,1.0,1.0,1.0,1.0,1.0,1.0,1.0,1.0,1.0,1.0,1.0,1.0,1.0,1.0,1.0,1.0,1.0,1.0,1.0,1.0,1.0,1.0,1.0,1.0,1.0,1.0,1.0,1.0,1.0,1.0,1.0,1.0,1.0,1.0,1.0,1.0,1.0,1.0,1.0,1.0,1.0,1.0,1.0,1.0,1.0,1.0,1.0,1.0,1.0,1.0,1.0,1.0,1.0,1.0,1.0,1.0,1.0,1.0,1.0,1.0,1.0,1.0,1.0,1.0,1.0,1.0,1.0,1.0,1.0,1.0,1.0,1.0,1.0,1.0,1.0,1.0,1.0,1.0,1.0,1.0,1.0,1.0,1.0,1.0,1.0,1.0,1.1802518015231314,1.0327949035461823,1.022073984943118,1.3516944576470356,1.4566223613118237,1.7059838626034036,1.9157484729734011,1.211363614986407,1.1319124181154323,1.1657822534053395,1.0543272225473197,0.954977923405981,1.079857915420174,0.921427009001689,1.4463987827143607,1.0371115999996494,1.3281063262283173,2.1111968421814575,0.8554288441175049,1.0371512104592049,0.9957376902876744,1.1916860121404942,1.5606182430866475,1.03248029824882,0.9806882352722769,1.3205446558815215,1.2307406965290353,1.1103695653040113,1.096247541543325,1.1887100079945037,0.9675078554551235,1.1456569801130119,1.7556721118086753,1.8063833792385298,1.2044576508156049,1.192237761212711,0.9107309628395261,1.2762279692989635,1.4874479060417183,1.0142419960520925,1.046156615105133,0.904027193397364,1.9090219451014692,0.94855390483966,1.3996005576532986,1.5292727370658556,0.8995771872935062,0.999148498180861,1.326526260614096,1.1228425906230575,1.318480689949349,0.9355342100184039,0.8678742651333511,1.173512008364503,1.0069192279828383,0.9621193217198591,1.224769039719281,1.4447774359307481,1.2668059592106813,0.9375914116062938,1.1547346214814809,2.072101358204787,1.2177455675724231,1.0514770185401119,1.1457889873047078,1.1820448574815865,2.1931032861408966,1.4590439738672463,0.9815546886549462,1.0981989511823533,1.2115164254802537,1.5833727417944679,1.3677446484652926,1.3109154386849289,1.166659784590168,1.0445281774417894,0.5965732874307057,1.136988065304796,1.0928227836762971,1.0653895028951685,1.188381203752729,0.943028584819983,1.099120707150879,1.4932318133185374,1.397498772532441,1.2963400275768235,0.9247462207410888,1.8233518039693637,1.2870763358437154,1.3678514384268348,4.377474068753449,1.7732049686933844,1.1582206046951775,1.5441743365793816,2.0432165090602252,0.9550110572651087,0.9355755388368472,1.2690980626897317,1.2478909242241683,1.1425609384594564,0.9596095234365697,1.1159237280539895,0.9126642690829991,1.1372595602750273,1.2632632707170461,0.9918573150064525,0.9827007477406984,1.2450764222464243,0.8061810181676801,1.1346078888080968,1.2081480064903027,1.00983083741954,1.044814073062906,1.0073777197088647,1.0210780279730236,1.0054758372245653,1.222848298274994,1.3355663931624842,1.0850525019866752,1.4044687288525646,1.908465478519405,1.3601395918546748,1.143277465306314,0.9009868222847873,1.4236949533935501,1.1540438925874128,1.0302959786306967,1.049044460965296,1.2665041998786601,1.1219335386496576,1.453872590120373,1.41941866445633,1.122492893220068,1.625981531428077,1.2911876065574832,0.974617562401251,1.1966175563936035,2.2365886446920262,1.8708761257029205,1.1251082336627334,0.9646601688442876,0.9572836706163943,1.0462923471407972,1.0326582305478822,1.0253188082461313,0.9014426967044428,0.8770147812708973,1.098315964565116,1.3248906634906057,0.9940533367580368,0.9246537418942053,0.9432392511995433,1.0328183236042663,1.2502470451338885,1.6918753504733433,1.1140418114592376,1.3466059083492568,0.9062962797268929,1.0905798569494647,1.4745692970914994,0.939709664511384,1.2912364370983909,1.2375758448384397,1.0404712629165491,1.789199057531608,1.0233240245958437,1.5071488623222562,1.3404008775051581,1.2737227973144396,1.364049883080604,0.8441429437179255,1.1631074843562705,0.9214600413630152,1.1569080026035965,1.1983945554887252,1.2752705848406944,0.9626755075714825,1.129512156261872,1.5860647773198762,1.0724374591564012,0.9283955884521322,1.0627442927076483,0.9429355402058197,1.3146554014425673,1.1152281213547035,1.398786022499936,1.5041282476451916,2.3677639837529547,1.3243725169247051,0.9913904410209662,0.8821384715743621,1.0076251063940889,1.2665643152009816,1.3497988775115548,1.0174548116576467,0.8971824639253332,1.1506032166331663,1.0127379050349221,1.1728940885170407,0.9824671951101256,1.0922181465322098,0.7739835885134946,1.1049029430442272,1.3231527725040653,1.332776001024845,1.0630888382878978,1.211625382394764,1.1811041034172731,1.1196022805614043,1.105747651413013,1.1834940093108073,1.0051225985676826,0.9460371749504121,0.9778111267309942,1.2198550269882262,1.2685075467237326,1.0344905418642654,1.3687521251957968,1.285320211603504,1.2175887836904011,0.9952638282076641,0.864334114157572,1.4026729392962505,1.2388762607843145,1.102689964801802,1.1408710609418593,1.124350713991621,0.7966041746906191,1.2398639896117212,1.2662178856581656,1.1192810174841594,1.044701551684713,0.9217955601611723,1.127965880175831,1.1301644141259661,1.1229768723859883,0.9301639728174473,1.184516874584716,1.0601601236703513,1.1749569674033185,1.235549418323701,1.100231109271458,1.0454854376865255,1.1784850070000705,1.204244592329982,1.522625295060954,1.1233687316418406,2.98594547006617,0.7385330976330806,0.9896289945734889,2.335417873794201,1.285091501037148,2.2937706877608637,1.209086913792771,1.0729702106353212,1.3748404962717784,0.9910394802819132,1.2256119204738556,1.4988519884494043,1.8539396250398044,1.2979836493952877,1.3957822312109671,1.2419999268711615,1.6294525358952783,1.0839846030211082,0.9159548237083781,1.2848149578879797,0.7492430517868642,1.2417780228356046,0.9286147582934878,1.0045800983517053,1.7890028571515932,1.168181046098529,2.636638641243627,0.9943972070402782,1.4465990723965096,0.9001548406604143,1.0259962360253474,0.9763505104790823,1.2706572477801141,1.5313074909873468,1.0682050787368826,1.0990143213442032,1.1064863654283,0.9911405197099101,1.233158473039368,2.632237521974077,1.580225934296843,1.9674440030204239,2.029001008398331,0.7422865238717664,1.8343690430007018,1.5897117088921058,1.417036629662333,1.2204978649504044,1.4335478314719916,1.4332333528322607,1.4577176574482338,1.2819322210037245,2.0636464207904854,1.280922752141449,1.7634421299382883,1.4016124619904722,1.4639073911602138,1.8699703911897347,2.6820149094081884,1.3304614380017226,1.4833851190071266,2.39708872212978,1.7138404939690346,1.1368082090965257,1.1728230743426769
1.0,1.0,1.0,1.0,1.0,1.0,1.0,1.0,1.0,1.0,1.0,1.0,1.0,1.0,1.0,1.0,1.0,1.0,1.0,1.0,1.0,1.0,1.0,1.0,1.0,1.0,1.0,1.0,1.0,1.0,1.0,1.0,1.0,1.0,1.0,1.0,1.0,1.0,1.0,1.0,1.0,1.0,1.0,1.0,1.0,1.0,1.0,1.0,1.0,1.0,1.0,1.0,1.0,1.0,1.0,1.0,1.0,1.0,1.0,1.0,1.0,1.0,1.0,1.0,1.0,1.0,1.0,1.0,1.0,1.0,1.0,1.0,1.0,1.0,1.0,1.0,1.0,1.0,1.0,1.0,1.0,1.0,1.0,1.0,1.0,1.0,1.0,1.0,1.0,1.0,1.0,1.0,1.0,1.0,1.0,1.0,1.0,1.0,1.0,1.0,1.0,1.0,1.0,1.0,1.0,1.0,1.0,1.0,1.0,1.0,1.0,1.0,1.0,1.0,1.0,1.0,1.0,1.0,1.0,1.0,1.0,1.0,1.0,1.0,1.0,1.0,1.0,1.0,1.0,1.0,1.0,1.0,1.0,1.0,1.0,1.0,1.0,1.0,1.0,1.0,1.0,0.8713131665346232,0.8639810387381083,1.1420233276515352,1.233006761758379,1.4416661240082478,1.6182351831727741,1.0261477242256622,0.9567537423973256,0.9841381694360127,0.8947264059109938,0.8063725284710987,0.9131314472051408,0.7783054827033761,1.2245842830212492,0.8762569057457268,1.12128030903065,1.7880224375159135,0.7236380635901001,0.8782288583928878,0.8419067737401322,1.0079974947955799,1.3205246588434654,0.8726737130541118,0.8324508527715255,1.1160253346659252,1.0411230159483633,0.9389683744226647,0.9270179923638666,1.0066339594190996,0.8180650441374305,0.9696956712929323,1.4860514267708993,1.5307110203366547,1.0184696118474674,1.007130633527264,0.7697931271501625,1.0806544980559383,1.2556458301628004,0.8580930768284012,0.8865588483427436,0.76398527358592,1.618070462399761,0.803584240939233,1.1840363230075162,1.2946374898241013,0.7618888870753774,0.846772586701011,1.1261831110153877,0.9488298515055941,1.1147638804804743,0.7910920172140925,0.7340040747410163,0.9935791327046971,0.8517715221748139,0.8163675597485603,1.0367137804823663,1.2235786115067662,1.070965603530069,0.791448392468882,0.9764613433951568,1.7535095859835192,1.0308157588376687,0.8868071189222597,0.9691517802934431,1.0010461533200077,1.8564472117921498,1.2292850364009302,0.828117924453196,0.9281144466841473,1.0258736840814118,1.3394498452459107,1.1607642584958264,1.1110493422820449,0.9875405314302239,0.8848849972657112,0.504778524092756,0.964124829472262,0.9230458023899674,0.9011540123253721,1.0056437368034015,0.7965557600973153,0.9283310169713501,1.2634948638045813,1.184501458095285,1.0969896009209854,0.7822642725594222,1.542482965617662,1.0913495937592534,1.1595396423082753,3.636775874680332,1.4995588149247334,0.9779787099362218,1.2974701609688082,1.7312430630211604,0.8073201763567963,0.7914965799438991,1.0737117689294073,1.05548654677892,0.9661236031458045,0.8121908388886112,0.9434348689670644,0.7720859018764687,0.960975383586118,1.068589806006178,0.8366787746985161,0.8300951978426502,1.0531144700066677,0.6794957267037545,0.9587939890623995,1.0226274717514134,0.8523655116854154,0.8813167112489141,0.8508589445731993,0.8623197960833962,0.8523331151722684,1.0353977549392597,1.1308575360379343,0.9161068362490191,1.1886746191983788,1.6157928452747372,1.1505253135394073,0.9677876491989985,0.7610755159958239,1.2034039994576622,0.9768506211629391,0.8694598711984751,0.8863948961657028,1.0741375260941504,0.9489897251351839,1.2310911447309383,1.200367337038444,0.9520407270590179,1.376225455549747,1.0882071871279253,0.8243917306865176,1.0125740220231791,1.8903049932786125,1.5847954664326604,0.9528626323188696,0.8163440264695592,0.8087161770983116,0.8848594989159866,0.8706355062071314,0.8666562879961819,0.7614307426026736,0.7414822769846445,0.930869326730493,1.1213797627434112,0.8413723321684481,0.7810944660800558,0.7969197971384812,0.8731941516122188,1.0592043684524013,1.4345594550748748,0.9422849084813949,1.1404965275844878,0.7661597450772162,0.923253634105011,1.2414540441414217,0.7922358194221576,1.0924466284978798,1.0476331194697623,0.8781893808453336,1.5196230510598197,0.8651629403148438,1.2754475426007592,1.1349554899767265,1.0779025811614256,1.153041946947202,0.7129235401130041,0.9838901768512796,0.7789889848476885,0.9755828726300841,1.013909469812353,1.0788848708755485,0.8137222561075175,0.9567104746071143,1.3435962817186986,0.9068122588866377,0.7821715767652401,0.894407115902416,0.7971766115537096,1.1124276926633765,0.9440703144544934,1.1839637011987094,1.272977769248142,2.0005552268441065,1.1167032399931203,0.8377058114677731,0.7448472781696531,0.8516274648251065,1.0737343488962487,1.1427087987877715,0.8600762225138295,0.7581771629081024,0.974955284895642,0.8545138454679294,0.9918796624183437,0.8319558960052661,0.9228094123054039,0.6531067399001862,0.9392725268323291,1.116201243020749,1.1281769506467494,0.8985223305377197,1.0240651928390325,0.9985008754131792,0.9458072342508206,0.9360069711364168,1.0010234491230736,0.8503311961576043,0.8002305027845498,0.8284614085134285,1.0346788889806429,1.0664176244742123,0.8742932688098706,1.1585337282162842,1.0926821816540038,1.030547186876872,0.8397586206267593,0.7300688006229985,1.1858647961787052,1.044717715725152,0.9320337787149444,0.9614563144254527,0.9489883370456319,0.6727081208524077,1.0484327744025204,1.0615281001681791,0.9435962349544877,0.8807643462326893,0.7770314133845091,0.9524539842441089,0.9534471414401109,0.9487273504105644,0.7870725349368041,1.0006961275867776,0.8933390411738436,0.9900778465236253,1.0381313165195243,0.9256332034873064,0.8786009237822304,0.9950364113310046,1.0160049832868268,1.2896509428936005,0.9477266594245202,2.5294992386270585,0.6237160372796655,0.8343807032976713,1.9769295372114084,1.088280187792389,1.9462572495540487,1.0225675370425569,0.9052410983913948,1.162137338441632,0.8381585254874756,1.0360315092167822,1.2651330828597593,1.5627048705095232,1.0973547500294327,1.180340677230975,1.048707335044365,1.3694073441769206,0.9171393231496354,0.7738109179541757,1.0825285566766252,0.6306804106492919,1.0456770440657401,0.7815527196253036,0.8474596210844043,1.5080208794296226,0.9854330657624073,2.2238871374853186,0.8415456127499445,1.222708327966923,0.7607149258771668,0.8641840055658491,0.8259885108390904,1.075078035268067,1.2952739061309746,0.903075964403281,0.9297520002286286,0.9363247793037303,0.8354384196915259,1.0439355001383386,2.226350938151354,1.33721790042396,1.675838821025935,1.7166229443073058,0.6263474199299497,1.5467820002602246,1.3450643253505175,1.198743731078931,1.0345226066387032,1.2133696098523674,1.2124856836026927,1.232949108256011,1.0859557881412085,1.7415340314135874,1.078965168502442,1.487984289610472,1.1892556943856238,1.2383741130121138,1.580216071916139,2.24693931704591,1.1198587918284357,1.2547398666294562,2.0290086695443144,1.4505883756259674,0.958855676978775,0.9908171513561627
1.0,1.0,1.0,1.0,1.0,1.0,1.0,1.0,1.0,1.0,1.0,1.0,1.0,1.0,1.0,1.0,1.0,1.0,1.0,1.0,1.0,1.0,1.0,1.0,1.0,1.0,1.0,1.0,1.0,1.0,1.0,1.0,1.0,1.0,1.0,1.0,1.0,1.0,1.0,1.0,1.0,1.0,1.0,1.0,1.0,1.0,1.0,1.0,1.0,1.0,1.0,1.0,1.0,1.0,1.0,1.0,1.0,1.0,1.0,1.0,1.0,1.0,1.0,1.0,1.0,1.0,1.0,1.0,1.0,1.0,1.0,1.0,1.0,1.0,1.0,1.0,1.0,1.0,1.0,1.0,1.0,1.0,1.0,1.0,1.0,1.0,1.0,1.0,1.0,1.0,1.0,1.0,1.0,1.0,1.0,1.0,1.0,1.0,1.0,1.0,1.0,1.0,1.0,1.0,1.0,1.0,1.0,1.0,1.0,1.0,1.0,1.0,1.0,1.0,1.0,1.0,1.0,1.0,1.0,1.0,1.0,1.0,1.0,1.0,1.0,1.0,1.0,1.0,1.0,1.0,1.0,1.0,1.0,1.0,1.0,1.0,1.0,1.0,1.0,1.0,1.0,1.0,0.985217667050413,1.3044314960538863,1.402366750652078,1.6458842011085524,1.8542863981378577,1.1647092597926547,1.0933611403958796,1.1273763626667632,1.0125961591717088,0.9233791207765862,1.0400899223296305,0.8897209606254237,1.3921178797920517,1.0022720905579765,1.2857424106148287,2.030774130426175,0.8244825736241354,0.9978536302727599,0.9594270225560951,1.1498839728212285,1.503902707591567,0.9952332180034356,0.9414676523330945,1.2789111782742697,1.1845999148333726,1.0715649953524902,1.057237598537383,1.1431899036380069,0.9329067061798593,1.1042246650969623,1.6923809555078244,1.744102625061707,1.1616559765270669,1.1551608868004097,0.8780150647143341,1.2285612033757802,1.4385331868661355,0.9772364231652343,1.0050980992987117,0.8722463014190598,1.8322613293986496,0.9114986159247804,1.3471270620510467,1.472707240437818,0.8652243050593761,0.9613128175967909,1.2703583674809658,1.0819444975093795,1.2721886877280304,0.9033803948246117,0.8352971650197518,1.1302538609736752,0.9711140511672895,0.9228152145469057,1.1786296046767832,1.386367914550054,1.2235077614252015,0.9058964413836887,1.1130982869577424,1.9952529345160819,1.1721325829628966,1.0190562537439536,1.104261947713349,1.1374753726233524,2.109174994955429,1.4260730847908598,0.951049347376761,1.0596983757615608,1.1646191957468246,1.5240319468741412,1.3112750906769746,1.2602105740832745,1.1221732118360686,1.0063675497880902,0.5753389478324287,1.093180734541482,1.0548777125111224,1.0279180442414804,1.1467461428339243,0.911905700800847,1.0622743692683667,1.4392495346057395,1.3407024812994637,1.2481393615781244,0.8918695395811258,1.7587031948027065,1.237119245578818,1.315297410616599,4.383540413066836,1.7003307676413173,1.118336876834593,1.502830921668187,1.9713207895671283,0.9203252519514962,0.8997896836516844,1.2206461378988662,1.200173778871422,1.1021422829142908,0.9244802398499146,1.0758390729460592,0.8787186194168916,1.0980725157079982,1.2178988840431257,0.9585621676919076,0.9486972434116893,1.2027575217770052,0.7808236734750388,1.0963795247847792,1.1639426579891479,0.9744957229955848,1.0109839062596664,0.970978054586692,0.9856797055746451,0.9655813769605075,1.176336725610485,1.2865762023569651,1.0472128573429713,1.350373962465242,1.840678221889318,1.311764828784124,1.0991968918673587,0.8699168246589919,1.3744126137660078,1.1115553337181157,0.9959531808841382,1.0115425037491503,1.2159638839382538,1.0821598134453476,1.3986962421347928,1.3697708985793413,1.0775925661816073,1.5646474959040693,1.2508112917675884,0.9378240594052296,1.1545722690588414,2.172366597310651,1.8022049824338389,1.0814407261072823,0.928327579042015,0.924935071116097,1.007141487363273,0.9987467831515231,0.9881220366960703,0.8706474427558172,0.8445677636987308,1.0556176494632152,1.2785607732480635,0.956565995055714,0.8936512910451694,0.909831918732585,0.9943973612186903,1.20111727943089,1.6231049058352707,1.0721148508409561,1.2977870144877517,0.8722958538664263,1.0483924044421364,1.4361895787767798,0.9075754533478264,1.243873772276587,1.1890166856015245,1.00477990527404,1.71179180146261,0.9850967046057773,1.4451107171506714,1.2898859434283096,1.2264936903644008,1.321520129720282,0.8150091228380296,1.1193058673285736,0.8873894292894395,1.1199788223067824,1.1545449715845209,1.229071045098507,0.9274626857229281,1.0844881446877648,1.528214494546269,1.0322322525043282,0.8989429456621529,1.0328174434808957,0.908564517930615,1.2657507718543366,1.07484244156575,1.3479539001101748,1.4467679903539976,2.2848891620442036,1.2794249831877809,0.955998966756157,0.8537322367996474,0.97128743437278,1.2156849431307926,1.299834150457798,0.9808674745438754,0.8660922021614839,1.1048046644094243,0.9806424426873173,1.1309617562666148,0.9442901926394355,1.056611377353493,0.7469865185900599,1.05471648262216,1.2778269336803558,1.2798896126181756,1.0266690327697097,1.1673334015005685,1.140196249558394,1.0791440755006627,1.0639776842620812,1.1372325891190367,0.9679398349594295,0.9100711347251773,0.9354558287880862,1.1672721346862622,1.2320489344653263,0.9983016057021767,1.3195399757544943,1.231356351902646,1.1726904886247231,0.963181810986299,0.8357996111787709,1.3515100545971623,1.2028493197072252,1.0642422242568494,1.1067657345947688,1.0874328458980687,0.7689101831797525,1.194699167844699,1.2450537954951821,1.0855170014450342,1.0132813328168089,0.8907500357944793,1.0901284704549075,1.093786606843737,1.0828050452467617,0.8969347900143396,1.1448134108653085,1.0289853377569629,1.140082240039189,1.2028906270694275,1.0694399152963108,1.0174311624568575,1.1395711678309153,1.1660577769737717,1.4621582771738808,1.086182783202796,2.864220375606049,0.7134581002411717,0.9608811792878197,2.2564925030677525,1.2348306099565391,2.1991643728626804,1.165829876796188,1.0380219916900937,1.3275798478495866,0.9547939296046515,1.1819036857538185,1.4543679730619026,1.8203443725103599,1.2552983986478545,1.3417653473443805,1.200456736400373,1.5948976206736383,1.0448366369946658,0.8862579475001617,1.2421753482949587,0.7278851819607612,1.2119001230681894,0.9040371854042905,0.9732972717599186,1.7372422273218366,1.1303954004279582,2.563353198152363,0.9565236079517225,1.3938066153249213,0.86720578875924,0.992045097006496,0.9397370324293202,1.2240388047963306,1.4767030686997211,1.0306347706534167,1.0596896590939444,1.065842377471766,0.9633925419852074,1.1868471103823812,2.54284541289902,1.5224406871576899,1.8733004542463907,1.945256801298505,0.7186804832143705,1.784546988893498,1.5346721206709346,1.3662242366679205,1.1703615886352678,1.3804430474147509,1.3784352615064956,1.402840143443351,1.2293850947522538,1.998643511805095,1.2424489410317072,1.7014159717893667,1.3469081691911917,1.4119650347257051,1.8043221594467767,2.64362447111506,1.2955351278346954,1.4293015959547346,2.3052357517949402,1.6507036890321931,1.1031975692564226,1.130893183540422
1.0,1.0,1.0,1.0,1.0,1.0,1.0,1.0,1.0,1.0,1.0,1.0,1.0,1.0,1.0,1.0,1.0,1.0,1.0,1.0,1.0,1.0,1.0,1.0,1.0,1.0,1.0,1.0,1.0,1.0,1.0,1.0,1.0,1.0,1.0,1.0,1.0,1.0,1.0,1.0,1.0,1.0,1.0,1.0,1.0,1.0,1.0,1.0,1.0,1.0,1.0,1.0,1.0,1.0,1.0,1.0,1.0,1.0,1.0,1.0,1.0,1.0,1.0,1.0,1.0,1.0,1.0,1.0,1.0,1.0,1.0,1.0,1.0,1.0,1.0,1.0,1.0,1.0,1.0,1.0,1.0,1.0,1.0,1.0,1.0,1.0,1.0,1.0,1.0,1.0,1.0,1.0,1.0,1.0,1.0,1.0,1.0,1.0,1.0,1.0,1.0,1.0,1.0,1.0,1.0,1.0,1.0,1.0,1.0,1.0,1.0,1.0,1.0,1.0,1.0,1.0,1.0,1.0,1.0,1.0,1.0,1.0,1.0,1.0,1.0,1.0,1.0,1.0,1.0,1.0,1.0,1.0,1.0,1.0,1.0,1.0,1.0,1.0,1.0,1.0,1.0,1.0,1.0,1.322224213830095,1.4254092035377048,1.6683556041588712,1.8749228529123914,1.185283726056531,1.1076534415099355,1.140632784458282,1.0319245356360667,0.9344955293123158,1.0563416561005248,0.9013917514075587,1.4149661143790222,1.0149473191630851,1.299831217680566,2.0653882786127804,0.8368915627459383,1.014803875667471,0.9740664398411505,1.1661079248772674,1.5271688604037097,1.0099337038739598,0.9598412658777252,1.2927497424559462,1.2037267459355152,1.086432173135858,1.072577805059118,1.1627259657843918,0.9466454255837798,1.1211718394097887,1.718225174953754,1.7692605301117101,1.1780751291133165,1.1672904961513644,0.8908787662249403,1.2488864945195903,1.4554919065431897,0.9922912958173542,1.023455251126221,0.8844731684441713,1.8679133786714925,0.9280489272168176,1.36889147856884,1.496214302829906,0.8799786586968521,0.9777227640428279,1.2971468037848406,1.098281911911983,1.289879140882988,0.9155401903580271,0.8488180346338079,1.1482625897057201,0.985279213751872,0.9413445488254605,1.197625783235892,1.412857236321699,1.2399717033195514,0.9171275134336186,1.1296864216492357,2.0269824813696244,1.191399914679836,1.0291616964101067,1.1211811043546163,1.1566016019771044,2.1450903099184906,1.4299232007941614,0.960761960208266,1.0743889977697174,1.1849130981736815,1.5482466242527695,1.3381200834744087,1.2826846406772492,1.1412214006863661,1.0222871456675433,0.583908933333161,1.1125710998033664,1.0689825001640396,1.0424485564097763,1.1633516998219915,0.9229450641437948,1.0757179329424122,1.4608974877437584,1.366742677131926,1.2683537156315416,0.9048880959995396,1.7842457462323085,1.2595771713937993,1.338517574009436,4.29362734060193,1.7328142484759996,1.1328370128973035,1.5111059174551946,2.0003852700226705,0.9342623309926494,0.9150465581514212,1.2409137464837132,1.2203581892425388,1.1177434623603513,0.9389018693516389,1.0915638038880122,0.8928026285008053,1.1129557438642017,1.2359720342530074,0.9703688287574257,0.9613508318204675,1.2184795466217604,0.788693101428727,1.1100350331850366,1.1821694270010052,0.9874584708644141,1.0221511457762107,0.9851605380125776,0.9989130174536844,0.9834528175789823,1.1963829448404384,1.3067931098946834,1.0613068300715498,1.3734819551886464,1.8679676318788323,1.3309297144771368,1.1182275468012077,0.8814678970627752,1.3931526268022925,1.1292434519112071,1.0085227523496338,1.0260983294357018,1.2389780707582116,1.097767522310576,1.4224852272868056,1.3889907664515657,1.0983375502029022,1.590595377846573,1.2633705810352458,0.9532320016349861,1.1710471462811625,2.1906260832130084,1.8312434368000274,1.1005950459322045,0.9435124566619584,0.936664220508975,1.0231186972285222,1.0101125445642842,1.0028604146119078,0.8819430110437654,0.8579286154194463,1.0747353939411997,1.2969187128026114,0.9722956932564035,0.904692243724594,0.9228029284524331,1.0100311219890175,1.2230685458404904,1.6546024351630133,1.0892209923888743,1.3178123537369824,0.8862296668087867,1.0669783261179346,1.4438058799841609,0.9187833892483045,1.2631047827355697,1.2103082251109485,1.0176515152481156,1.749651495975265,1.000611559454075,1.4727880666415505,1.311451656942486,1.246187513272695,1.3359523895845753,0.8258024097622643,1.1376446945618577,0.9012313228882366,1.132022972399361,1.1725329052573912,1.2478887123951843,0.9415610510295325,1.1039912508789995,1.5520833911236818,1.0490281534493429,0.908261875599043,1.0401282211479514,0.9221108543029979,1.2860477748787693,1.091413939551758,1.369008937704994,1.4710604634216615,2.316505541380036,1.2948903058072987,0.969707501304151,0.863482067445895,0.9856650928741747,1.2389638206677493,1.3205638576514915,0.9954439098121971,0.8778174411669839,1.1251912426073332,0.9911561289429456,1.147622162202628,0.9611425837625173,1.0689926619362422,0.7566727790488887,1.0799164911611459,1.2937207745334343,1.3031747962494311,1.0403193317597497,1.1849669206583475,1.1563233496903313,1.095030063644001,1.081696287943479,1.1571491133198122,0.9832618209689856,0.9251692939184274,0.9558220367558223,1.1924311178648213,1.2404143863846402,1.0122209502964798,1.3394233118496421,1.258048283905807,1.1914361263508657,0.9739853836290848,0.8459142504366487,1.371644866378058,1.212648695368902,1.0790047265253215,1.1163252557897971,1.0998966031060404,0.7791060278679536,1.2126851184231082,1.2400184741376734,1.0955319552877778,1.022290038639912,0.9010964801353728,1.1035999034756139,1.1057180814078262,1.0984111387778166,0.9101149480052396,1.1590768605809707,1.0378880223514546,1.149733821634836,1.2089983603863093,1.0768850128722995,1.0229470940782392,1.1531690450054546,1.1783310421559654,1.4892222316287587,1.098977255757653,2.9154810459355653,0.7224960361594919,0.9685804224922279,2.2876479561646144,1.2566788347642968,2.2440209203114354,1.1832595194650148,1.049931487403292,1.3451708683638937,0.9694378587802319,1.199217214552255,1.4674003110778182,1.8207577513192985,1.2707108746165414,1.36471225069931,1.2150871212102734,1.5968728070615335,1.0607400060397003,0.896647128607647,1.2560664917568782,0.7331319418395041,1.2165583180837616,0.9091247845863251,0.9832004306797222,1.7510332047695985,1.142498601278076,2.5817401991083226,0.972712094945248,1.4143188526495156,0.8803069356289714,1.0027600173540385,0.9549474920734529,1.243128105334156,1.4982620177118955,1.0455277142095578,1.075407467407242,1.082959552080941,0.9706063402269622,1.2064725249561636,2.576376605128985,1.546178582344658,1.9250218003006614,1.9802744860296704,0.726482401861345,1.7961234182598083,1.555633434183585,1.3867026452522664,1.1933148914296792,1.402419195385212,1.4018031424688666,1.4257242223898419,1.2534059638358124,2.0196645695006836,1.2532989600484044,1.7227886311550673,1.3718618875655566,1.4325971310835701,1.8298172323147892,2.6289979487263793,1.3030924441880642,1.4512006531144095,2.345909496382178,1.677157360754571,1.1130656984713483,1.1470822723515108
1.0,1.0,1.0,1.0,1.0,1.0,1.0,1.0,1.0,1.0,1.0,1.0,1.0,1.0,1.0,1.0,1.0,1.0,1.0,1.0,1.0,1.0,1.0,1.0,1.0,1.0,1.0,1.0,1.0,1.0,1.0,1.0,1.0,1.0,1.0,1.0,1.0,1.0,1.0,1.0,1.0,1.0,1.0,1.0,1.0,1.0,1.0,1.0,1.0,1.0,1.0,1.0,1.0,1.0,1.0,1.0,1.0,1.0,1.0,1.0,1.0,1.0,1.0,1.0,1.0,1.0,1.0,1.0,1.0,1.0,1.0,1.0,1.0,1.0,1.0,1.0,1.0,1.0,1.0,1.0,1.0,1.0,1.0,1.0,1.0,1.0,1.0,1.0,1.0,1.0,1.0,1.0,1.0,1.0,1.0,1.0,1.0,1.0,1.0,1.0,1.0,1.0,1.0,1.0,1.0,1.0,1.0,1.0,1.0,1.0,1.0,1.0,1.0,1.0,1.0,1.0,1.0,1.0,1.0,1.0,1.0,1.0,1.0,1.0,1.0,1.0,1.0,1.0,1.0,1.0,1.0,1.0,1.0,1.0,1.0,1.0,1.0,1.0,1.0,1.0,1.0,1.0,1.0,1.0,1.0765240940870449,1.2613581443481678,1.4191640459315327,0.8946708698328107,0.8375927142543655,0.8630734058078482,0.7787777850243429,0.7068995672054124,0.79786764395759,0.6815333284314742,1.0688043807958376,0.7673710047873977,0.9833053065664348,1.55914829677148,0.6323080994946888,0.7661275544072519,0.7361241105053071,0.8814387152460892,1.1537661708188511,0.7632351439278166,0.7240290190745929,0.9782761394642293,0.9090775883092954,0.8213540748868035,0.810705088399103,0.8781469344755155,0.7152380225448012,0.847072870834922,1.2982510138289434,1.3370116409634583,0.8907078136163058,0.8834535660838279,0.6732489303405201,0.9431592739891356,1.1010505731825377,0.749696040539025,0.7725331652975939,0.6685224715655689,1.4094395313171284,0.7003702841623868,1.034254607679363,1.1306069990108556,0.6644965461688054,0.7382231473474505,0.9785325408848025,0.8296090971301951,0.9750347772919845,0.6923099627673055,0.6411026645241753,0.8675365557160137,0.7446183102771545,0.7099402695587365,0.9051399462785281,1.0656914147504564,0.9372868883149414,0.6937636722496846,0.8535159206665623,1.531516971480104,0.8997147495365118,0.7788220865787912,0.8470268172529885,0.8734276903808436,1.6198238280727313,1.085142719193223,0.7274045225227066,0.811983318197055,0.8947573952599818,1.1697305219063354,1.00886014656444,0.9682160569717001,0.86160125685141,0.7722973857761241,0.4410196207177343,0.8400595406392855,0.8081567739774272,0.7880152766106405,0.8791609890208245,0.6979489824839525,0.8134597559201985,1.1038510207771501,1.0311692994650483,0.9578950788666153,0.683779906833799,1.348154905320655,0.9505276735602555,1.0106990952919221,3.284064331432943,1.3058566378148062,0.8565117087464327,1.1443722953724762,1.511838287398802,0.7058749256806953,0.6906352451762541,0.9371339318745839,0.9218066512014165,0.8447024950656246,0.7093208998412129,0.8246686485153418,0.6743554765944129,0.8413875557250913,0.9341307119871469,0.7334585177013693,0.7266191225191759,0.921555805082449,0.5967771442589421,0.8396494892849127,0.8931381264261188,0.7465378622385432,0.7731590240892326,0.7444079739732692,0.7548904874782952,0.7424368246363504,0.9035210776666005,0.9871292837657623,0.802073427475607,1.03733861881916,1.4116603934789307,1.0057097742923067,0.8444331521149429,0.6664152417657903,1.053034483600457,0.8530436441913879,0.7618658169121784,0.775563082030504,0.9351425420382213,0.8292716775642714,1.0740042841827067,1.0498914690657197,0.8284368822239153,1.2015332089984283,0.9557847365263535,0.7200422757618371,0.8850713259819103,1.660351078846452,1.3835872791365826,0.830792164540417,0.7127316171071579,0.7084595691817933,0.7729593803090443,0.7638476713670908,0.7578058740768374,0.6668004197471604,0.6479161616255489,0.8113252296999938,0.9801931059016209,0.7344513118257627,0.6844014243914378,0.6970572252476611,0.762842081838751,0.9231299646779259,1.2489909318673198,0.8231001473288493,0.9957086161503299,0.6694912442473191,0.805077594571683,1.0951229089184031,0.6946443399796002,0.9542953809100578,0.9137645528604247,0.7694115273793133,1.3197000543326614,0.7560806009475595,1.1115339510883349,0.9903684437740622,0.9415281330699453,1.0110972910630769,0.6242685846132926,0.8593720905848481,0.680807240509586,0.8563317690153738,0.885774581089659,0.9427731739889629,0.7113309307766228,0.8338956893300025,1.17302271470093,0.7920963606045703,0.6871502523443156,0.787985334613525,0.6970263536920146,0.9715080252389863,0.8246474818656262,1.0341359937096426,1.110976291817614,1.751587688900788,0.9794613157159692,0.7328901592446543,0.6530307789364206,0.7447054255565604,0.9349683851929738,0.9976566561531147,0.7520975700479822,0.6635539062076794,0.8494099145203249,0.7499195542436664,0.867326846220548,0.7253878715188314,0.8086426302083181,0.5722707306819201,0.8139887796921426,0.9785959874014631,0.9836806932981284,0.7862813766865053,0.8954136547220035,0.873863282109541,0.8272037156357945,0.8169189976296005,0.8737091379292482,0.7427855341575671,0.6985184027115303,0.7199989549541363,0.8992760458117123,0.9393321263414713,0.7650957909310285,1.0123672047970254,0.9486346798013687,0.8999649930011858,0.7365040397748669,0.6397002277869328,1.0368049858885486,0.9182279941514995,0.8153788322260833,0.84542878152159,0.8319824895224506,0.5889432088733406,0.916598695303976,0.9436791308721328,0.8293496205344195,0.7738604097011039,0.6813421082184119,0.8346747250175969,0.8366426380332705,0.8301140458410847,0.6878545254164512,0.8764005299987382,0.7854804342023101,0.870579891232794,0.9164162378579305,0.8155954786686892,0.7750930287709445,0.8719034754257252,0.8918698089697976,1.1236995486575112,0.8310189889553377,2.2048741648171317,0.5463658962575153,0.7336259621405192,1.7292474700212737,0.9488708403096491,1.6926822601716995,0.8939830387452383,0.7937347005781765,1.0172411533593009,0.7324586141177967,0.9058692411285459,1.1112189396071734,1.3814162555569511,0.9612765524516902,1.03011345133036,0.9186891585049246,1.2122721558098866,0.8014526914613191,0.6783585443238049,0.9496020005252869,0.5553625924916574,0.9226691109069567,0.6890351301526356,0.7440256696705341,1.3260113451311342,0.8646369525846547,1.956446668474102,0.7344598909877567,1.0688279237878548,0.6651530826654759,0.7585021552820903,0.7213016860438957,0.938979437583952,1.1322779069855549,0.789868198909836,0.8127098195055042,0.8174396463034592,0.7349553044650412,0.911432452085118,1.9477470021071213,1.168226004165606,1.4466301324309652,1.496011671849892,0.5494812039255432,1.361483092937302,1.1762814633087046,1.0478090501272583,0.9005298288757553,1.0593767102798337,1.05853892204683,1.0770318892999322,0.9455237370267091,1.5283339835013416,0.9489922752855041,1.304122475371703,1.0353903981730816,1.082582435749941,1.3821632608066485,2.000710110096263,0.987203873264449,1.0964123816158438,1.7692856028470683,1.2667271935118944,0.8426153920146416,0.8668622661265846
1.0,1.0,1.0,1.0,1.0,1.0,1.0,1.0,1.0,1.0,1.0,1.0,1.0,1.0,1.0,1.0,1.0,1.0,1.0,1.0,1.0,1.0,1.0,1.0,1.0,1.0,1.0,1.0,1.0,1.0,1.0,1.0,1.0,1.0,1.0,1.0,1.0,1.0,1.0,1.0,1.0,1.0,1.0,1.0,1.0,1.0,1.0,1.0,1.0,1.0,1.0,1.0,1.0,1.0,1.0,1.0,1.0,1.0,1.0,1.0,1.0,1.0,1.0,1.0,1.0,1.0,1.0,1.0,1.0,1.0,1.0,1.0,1.0,1.0,1.0,1.0,1.0,1.0,1.0,1.0,1.0,1.0,1.0,1.0,1.0,1.0,1.0,1.0,1.0,1.0,1.0,1.0,1.0,1.0,1.0,1.0,1.0,1.0,1.0,1.0,1.0,1.0,1.0,1.0,1.0,1.0,1.0,1.0,1.0,1.0,1.0,1.0,1.0,1.0,1.0,1.0,1.0,1.0,1.0,1.0,1.0,1.0,1.0,1.0,1.0,1.0,1.0,1.0,1.0,1.0,1.0,1.0,1.0,1.0,1.0,1.0,1.0,1.0,1.0,1.0,1.0,1.0,1.0,1.0,1.0,1.1679540505055017,1.3132565504848843,0.8312524434102905,0.7758353196231489,0.7985489576454275,0.7246814803660143,0.6540841012161066,0.739767947076636,0.6308717453979829,0.9923782791161797,0.7103444662568994,0.9093872482621421,1.4464862294727827,0.5864431817992195,0.7114297529387235,0.6823730544270894,0.816756088808942,1.0702073696633636,0.7071994282972938,0.6742802531121298,0.9060339255504921,0.8432141976288461,0.7611475051621461,0.7511949825258676,0.8152701188017796,0.6628056178751244,0.785651219378724,1.2038545004404269,1.2411621301966098,0.825042799169191,0.8172966270084057,0.6236919184995776,0.8750570424958107,1.0182925049336622,0.6953398416648209,0.7178887373849484,0.6192633191647144,1.3116648377918105,0.6506802466473718,0.9589027060679767,1.0490689296147486,0.6169313252617199,0.6858631470311193,0.9109605528532897,0.7686909303713934,0.903546792143716,0.641485786743554,0.5947595819962062,0.8054483248228949,0.6906306098752415,0.660800781140957,0.8397117878004672,0.9905861012364332,0.867746348126001,0.6418442790403222,0.7910645034921198,1.422092737142416,0.8349802129198585,0.7199066797300739,0.7852863001484326,0.8107394788161074,1.5029992623170658,0.9989248266874189,0.6724457103302036,0.7519751148422631,0.8309935225139669,1.084057760221107,0.9394346293638971,0.8993906924767158,0.7995531919329115,0.716993642538525,0.40913045483361016,0.7807936152584394,0.7480722386143575,0.7304938445138336,0.8151542326534292,0.6457171842574545,0.7536540172744046,1.0238609382625778,0.9585782013713228,0.888630842518374,0.6342379562459197,1.2493425473185695,0.8841324374628687,0.9390763323090381,2.9688239280230295,1.2118350865604453,0.7926298928971225,1.0529361166279683,1.4035402440852154,0.6541739023025697,0.6409776981977406,0.8696360121888269,0.8551056064115778,0.7827125182410497,0.658005805821511,0.7649478867656249,0.6254276284656514,0.7797103738740075,0.8658900126498927,0.6788813407176839,0.6727627599558571,0.8537632865947288,0.5513829794632821,0.7770818161203763,0.828956892309107,0.6909736544717535,0.714858671366706,0.6896165607358475,0.6992724849547929,0.6897131892298328,0.8386618743716265,0.9160490252210884,0.7426234816206277,0.9630289730752759,1.3101247784898888,0.9326711190151253,0.7836155345897108,0.6169957520499872,0.9761416163668586,0.7912778843475023,0.7049180826776402,0.7183386907992768,0.870754249225528,0.7687875026282379,0.9967496164582788,0.9733902692280061,0.7709098766604705,1.115093157766286,0.88302986623952,0.6677401459960626,0.8205805539506861,1.5351077351958269,1.2843326780342301,0.7715163997833423,0.6612263840174385,0.6561018884368379,0.7167855223460234,0.7063868654266874,0.7021643631569601,0.6173561328127701,0.6009631121043925,0.7539238151846911,0.9092166049948229,0.6812783610689315,0.6332518977043411,0.6458761338271086,0.7069486854808322,0.8576059334383576,1.160744467208287,0.7639237452524317,0.9236113045237344,0.6208533056716808,0.7477310745970627,1.0093664766200905,0.6422047103273448,0.8855201088666922,0.8481914556862233,0.7121756499890898,1.2290714401584775,0.7009401485030656,1.032787468690333,0.9191729991113181,0.8734558176151663,0.936525910437305,0.5780056569226585,0.7969722943776079,0.6308963384911006,0.7913424539908628,0.82171227447503,0.8742279085130669,0.6594531998716748,0.774509501337572,1.0881116759761285,0.7344802137187325,0.6345686817616989,0.7267305438002184,0.6459477915191689,0.9012261684806748,0.7650505859109216,0.9591511423725176,1.0312920301062634,1.6216963418373251,0.9056016221239612,0.6789087968612605,0.603999533921374,0.6902086367767744,0.8690352348413095,0.9259574322857757,0.697299094438321,0.614555053488773,0.7887538321908473,0.6935537664471885,0.8045389460265093,0.6736998873327337,0.7485210522337462,0.5296384566217928,0.7586786101774649,0.9046985541594602,0.9137802122489905,0.7277282665251247,0.8298052391577835,0.8107827389874028,0.7664092020136117,0.757938592649883,0.8104966674862675,0.6887962386056732,0.6475992705305811,0.6698411121786211,0.836686333781278,0.8655329228307372,0.7087338527980853,0.9387686476656452,0.8836084704839372,0.8348941336944234,0.681269543247423,0.5921367548755552,0.960487443724704,0.8480945073064938,0.7557289953223999,0.7804415550755537,0.7691588139923258,0.5452276112722763,0.8496272133950789,0.8658819878824285,0.7662280436496115,0.7142644024160261,0.6298546465764466,0.7725895124078626,0.7736018057614926,0.7691046730924646,0.6379934044048519,0.8103805243501265,0.7256064777565722,0.8041188899113102,0.8433562010806688,0.7518053563825098,0.7136593792620478,0.8066426383013183,0.8243487525650088,1.044529563199752,0.7682640329525094,2.045481099188319,0.5056041997997199,0.6772126130048163,1.604284591043608,0.8812365528839119,1.5753108390457646,0.8286858348566603,0.734048757866902,0.9420280116901854,0.6788946359866521,0.8394638127483792,1.027833631068194,1.2732567116809754,0.8902381168546494,0.9547200711379049,0.8493287458700944,1.115083144067097,0.7432126921064143,0.6280802865080882,0.8776655272817058,0.5122645017466136,0.8498549812036711,0.6350624723852009,0.6880511255789882,1.2250888356458383,0.799186558703392,1.806912764803447,0.681470526377518,0.9901875794014637,0.6163627512350394,0.7008243030813174,0.6688034420533855,0.8709873597144335,1.0496956014149914,0.7326884691805324,0.75357060383718,0.7589442179710193,0.6787085875508873,0.8461232697704613,1.801558558795351,1.0828805771636931,1.353943462393635,1.3851661053635174,0.5081554502923337,1.2578023951989237,1.0904512695596242,0.9718179867534287,0.8369877633596867,0.982751323932243,0.9815739771438292,0.9986553749290856,0.8786371542039181,1.413321336038299,0.8757705800617207,1.2076738888539045,0.9627743841447518,1.003614633684983,1.2804905877910278,1.8280741722846474,0.9107702054375395,1.0164192895249455,1.6459348212397513,1.1760724751772014,0.779156353364368,0.8028284341662584
1.0,1.0,1.0,1.0,1.0,1.0,1.0,1.0,1.0,1.0,1.0,1.0,1.0,1.0,1.0,1.0,1.0,1.0,1.0,1.0,1.0,1.0,1.0,1.0,1.0,1.0,1.0,1.0,1.0,1.0,1.0,1.0,1.0,1.0,1.0,1.0,1.0,1.0,1.0,1.0,1.0,1.0,1.0,1.0,1.0,1.0,1.0,1.0,1.0,1.0,1.0,1.0,1.0,1.0,1.0,1.0,1.0,1.0,1.0,1.0,1.0,1.0,1.0,1.0,1.0,1.0,1.0,1.0,1.0,1.0,1.0,1.0,1.0,1.0,1.0,1.0,1.0,1.0,1.0,1.0,1.0,1.0,1.0,1.0,1.0,1.0,1.0,1.0,1.0,1.0,1.0,1.0,1.0,1.0,1.0,1.0,1.0,1.0,1.0,1.0,1.0,1.0,1.0,1.0,1.0,1.0,1.0,1.0,1.0,1.0,1.0,1.0,1.0,1.0,1.0,1.0,1.0,1.0,1.0,1.0,1.0,1.0,1.0,1.0,1.0,1.0,1.0,1.0,1.0,1.0,1.0,1.0,1.0,1.0,1.0,1.0,1.0,1.0,1.0,1.0,1.0,1.0,1.0,1.0,1.0,1.0,1.123100386968693,0.7086878284340259,0.6632108503014247,0.683051381991894,0.6169143894707603,0.5595325814761722,0.6319602361132128,0.5396923427408569,0.8467320814470594,0.6076111993768265,0.7786764492153673,1.235704474348546,0.5009110712261473,0.6068880467796263,0.582775221583552,0.6981197643613462,0.9135614546301389,0.6043713596741672,0.5739073408490319,0.7744411482793898,0.7201392860644847,0.6505187580466799,0.6419064659378466,0.6957834578548796,0.5664200416920182,0.6708242223837896,1.0280583405086383,1.058680654987603,0.7055796559449374,0.6991571707109179,0.5331449707560552,0.7468390904840841,0.8714318738454117,0.5938345962214324,0.6119823485895242,0.529328910718904,1.1160090590206793,0.5547787423188909,0.8191614235477205,0.8954900111103375,0.5266559615534085,0.5849825965911968,0.7758085414146262,0.657009546862366,0.7724153897139954,0.5481742589579495,0.5078342979179755,0.6871129876722648,0.5897351321856275,0.5626619943972686,0.7170325912311336,0.8446371739936558,0.741939021548442,0.5491598032249907,0.675907524135661,1.2129422853947158,0.7126476785524222,0.6162222522200911,0.6706277183954321,0.6917456030768592,1.2833382587065478,0.8578580778882523,0.5753777215888106,0.6431235635872801,0.7090244670489557,0.9269743792668821,0.8000072794260241,0.7670643963791244,0.6826494595472972,0.6118275364008406,0.3492688199576641,0.6655155069282128,0.6399948638090055,0.6241003349683876,0.6960513729655748,0.5524650849567305,0.6435637117390042,0.8744804648659654,0.8173651496269516,0.7585354965462593,0.5415736265892876,1.067787170038006,0.7532991685203048,0.8006671868164734,2.5903309882488834,1.0356093452961188,0.6782629280644654,0.9051764110911795,1.197755240538176,0.5589400284794166,0.5472706219438441,0.7426150682239252,0.7300288163505406,0.6694004980829328,0.5618843371360236,0.6532582906707382,0.5341132715898583,0.665751288965376,0.7397573146186105,0.5806874041710008,0.5754495838201363,0.7298850252026678,0.4723868423680452,0.6650174505727646,0.7073828325683046,0.5912442926173948,0.6121287438304716,0.5895291273335348,0.5978107559150584,0.5883064651932056,0.7154899874789266,0.7821573706219319,0.6352200717982386,0.8217157096054643,1.1177236536430915,0.7965376350920521,0.6688976264738045,0.5276707330220888,0.8338087282234568,0.6755187607540339,0.6030628088378318,0.6141189900728504,0.7410624546376208,0.6570999222608882,0.8505884921880664,0.8313902304470777,0.656627845417765,0.9514628714217985,0.7564227571929147,0.5702216552788064,0.7010089218170912,1.314028705373895,1.0952956845797495,0.6582380568155284,0.5646052458358604,0.5608115162588534,0.6123474667655758,0.6047126653034938,0.6001527706869949,0.5279740453095205,0.5131235773253346,0.6427101401572555,0.7761619116323959,0.5818107759741805,0.5418844796461921,0.5521693303542938,0.6042899853625409,0.7314438272656725,0.9897644278450597,0.652243018831165,0.7887216679256512,0.5304370104354104,0.6378006156575995,0.8656388539615729,0.5499578144405801,0.7559487697313162,0.7238722584767627,0.6092608262889886,1.0458819201865506,0.5988557008972201,0.8809430215840223,0.7844533402081169,0.74553919330299,0.7998399406073555,0.49433779424460195,0.6806111748942003,0.5392334254480273,0.6777618944898823,0.7014760740694086,0.7465093654170079,0.5634270885882051,0.6607679861474981,0.929224619773361,0.6273182142194245,0.5438218510006843,0.6232343453509948,0.5521138086724124,0.7696228390276977,0.6530740426156726,0.818812825652421,0.8800852317941952,1.3860232475854113,0.7754300070139508,0.5803454477906407,0.5168696730278459,0.5897329293025638,0.7407170537818638,0.7904171590613863,0.5955024240501371,0.5254712416759046,0.6731509623673928,0.593408051658036,0.6866190976652137,0.5746726858931777,0.6401882344451046,0.45327369429160946,0.6456872540475516,0.7748840754050662,0.7793070086057925,0.6225460875884068,0.7092138258008192,0.6913922767759666,0.6551961170178222,0.6470833391700959,0.692163075797817,0.5883365427645841,0.5535260859437307,0.5709356904962837,0.7128545810234167,0.743813585606976,0.6056917376557095,0.8016168670850611,0.7518903113345086,0.7126839988365161,0.5830013431135097,0.5063987523080137,0.8212850727024805,0.7267859356965318,0.6457906394319035,0.6689555050816665,0.6588249297043671,0.46648722810527504,0.7258729573301055,0.7458942614176493,0.6562602595469336,0.6124260355838916,0.5398420184664205,0.6608150027746058,0.6623435099717887,0.6573641583428945,0.5448603790199849,0.6939647036445034,0.6212860617506935,0.6889790028382105,0.7243945853803181,0.6448231835584494,0.6130532197902455,0.6904120530781075,0.705883829775599,0.8905806748692223,0.6578132779545949,1.7477216575879668,0.43258767388298486,0.580539571620907,1.3681585420967477,0.7520097405331133,1.3411173448845846,0.707764492215533,0.6284349998223312,0.8054939648044017,0.5801661540090141,0.7174984369062264,0.8792760591542507,1.0911445538708848,0.7607240383139189,0.8162501461158351,0.7276375234047923,0.9578284904748637,0.6346411256408022,0.5368387723146898,0.7522420511699979,0.4393968342433684,0.7295017919419244,0.5449278423191364,0.5889018126999548,1.049683490039323,0.6846389638794803,1.5482393082971577,0.5817828161932723,0.8469253104852102,0.5268332937782072,0.600902880274192,0.5713704145576151,0.743860411935936,0.8967702896329441,0.6252815782736428,0.6437638646713111,0.6473577367471985,0.5814479080800481,0.7216862400701376,1.5431782666561626,0.9249087408431566,1.1480718510921746,1.1873023509036544,0.43490223989310084,1.0770850673079837,0.9317743364213005,0.8296111622815225,0.713701187372378,0.8393001963526393,0.8380995822134851,0.8529227841391542,0.7492192377244096,1.2096514946968022,0.7509144462455187,1.032774511567392,0.8202202821067617,0.8572660883834431,1.0947165661186953,1.57939323342735,0.7805921080209728,0.8683979332610094,1.40118295371443,1.0033214549873293,0.66674992976655,0.6865692292507761
1.0,1.0,1.0,1.0,1.0,1.0,1.0,1.0,1.0,1.0,1.0,1.0,1.0,1.0,1.0,1.0,1.0,1.0,1.0,1.0,1.0,1.0,1.0,1.0,1.0,1.0,1.0,1.0,1.0,1.0,1.0,1.0,1.0,1.0,1.0,1.0,1.0,1.0,1.0,1.0,1.0,1.0,1.0,1.0,1.0,1.0,1.0,1.0,1.0,1.0,1.0,1.0,1.0,1.0,1.0,1.0,1.0,1.0,1.0,1.0,1.0,1.0,1.0,1.0,1.0,1.0,1.0,1.0,1.0,1.0,1.0,1.0,1.0,1.0,1.0,1.0,1.0,1.0,1.0,1.0,1.0,1.0,1.0,1.0,1.0,1.0,1.0,1.0,1.0,1.0,1.0,1.0,1.0,1.0,1.0,1.0,1.0,1.0,1.0,1.0,1.0,1.0,1.0,1.0,1.0,1.0,1.0,1.0,1.0,1.0,1.0,1.0,1.0,1.0,1.0,1.0,1.0,1.0,1.0,1.0,1.0,1.0,1.0,1.0,1.0,1.0,1.0,1.0,1.0,1.0,1.0,1.0,1.0,1.0,1.0,1.0,1.0,1.0,1.0,1.0,1.0,1.0,1.0,1.0,1.0,1.0,1.0,0.6267872004148339,0.5886113194820236,0.6071691706822238,0.5457585010699592,0.4969640592785952,0.5591068100680129,0.4785159974699804,0.749838606663214,0.538988254568282,0.6916465137787411,1.0913568067538848,0.4436298467341,0.536913003028456,0.5163938199906855,0.6188779579820076,0.809501485278594,0.5353147727310441,0.5072463508837657,0.6894444125319716,0.6369126935461464,0.576848760036964,0.5689214355948484,0.6153334931768542,0.501616544035424,0.5943097452834234,0.9109596226593504,0.9398787749765893,0.6250984234302888,0.6223225287717642,0.47215090544701654,0.6608945376659479,0.7738936279896852,0.525879757143099,0.5410240094435523,0.4692011745834323,0.9872312051207766,0.4903235759407486,0.7245545833626708,0.7932572200454941,0.4653717064312868,0.5176097659029376,0.6841994128597539,0.5811678938772682,0.6845724160752715,0.4865632166273672,0.44927945078093384,0.609039334269325,0.5230071967254726,0.4967323234052504,0.6348199820232886,0.7449202497322127,0.6580625096128846,0.48743095702542927,0.5985801332567939,1.0752762852957083,0.6306396428033754,0.5482781340217047,0.5940943168755283,0.6121028982406067,1.1340052459577261,0.7682288611947775,0.5121911112304812,0.5697102058239565,0.6269667363588682,0.8191378047180016,0.7057510718920306,0.6780150747954847,0.6033648941678442,0.541979366868899,0.3095019006267866,0.5886577903451817,0.5671830865691015,0.5533963771735664,0.617240361820584,0.4903615276320913,0.5718745982662234,0.7746991409053068,0.7209684565601435,0.6713937870267873,0.48014000830817083,0.9455772324772963,0.665957459861368,0.7083766449230482,2.3558779433990673,0.9099122701782749,0.6010299424442447,0.8050303576105461,1.062467791850237,0.49491252988364043,0.4835068630130233,0.6563601128867893,0.6457750821917736,0.5926624917947694,0.4974968737744341,0.5786392779522442,0.47259959558833026,0.5912585929685122,0.6552337236619996,0.5151758919978345,0.509840223622272,0.647898202758733,0.41973370400522436,0.590023956920076,0.6269908248366463,0.5237749464139607,0.5434167568956608,0.5218117777086162,0.5299301711660287,0.5195632790622711,0.6331093942139479,0.6922384247953599,0.5627056606659762,0.7266406997364399,0.9918264161291935,0.7060360823704378,0.5913085200729502,0.46788937985946377,0.7397720944353543,0.5982143698133731,0.5347021039307933,0.54397555633925,0.6555058170818291,0.5816285088331484,0.7524115984090727,0.7376900113464493,0.5800368818454826,0.8421620889495744,0.6720456658488595,0.5044166734100535,0.6214099101086921,1.172500656532923,0.9709541411850493,0.5817289232784189,0.49951010772216975,0.49803506051544344,0.5416843255971113,0.5366883634175494,0.5313240792280428,0.4682425798471953,0.4541419404422029,0.5683537262807805,0.6885968421906707,0.5145855986425235,0.48084393334873893,0.48889495360645185,0.5342483348807505,0.6462002522621266,0.8735843880608125,0.5774096106246224,0.6984447499335744,0.4691669441120302,0.5634813350204676,0.7742545601911669,0.4872784472423905,0.6697834722310732,0.6395656848229194,0.5402682634614266,0.921889100249442,0.5298406923691195,0.7772357857871244,0.6940465739113499,0.6602453648212421,0.7131788312618208,0.43833072051798616,0.6021300784270037,0.47696936792582695,0.6017402579941401,0.6214637041433064,0.6613704149488417,0.49874104761010785,0.5844833473123038,0.8229010496544562,0.554604629550794,0.48296577292825993,0.555621799139681,0.4888818872955643,0.6810439525758254,0.5787399910992608,0.725270175399798,0.7785776392887513,1.2292902950290214,0.6875810682306931,0.5140551276921497,0.4590425226704487,0.5222089279946758,0.6542738830795259,0.6999764198402862,0.5276403249013233,0.46581650950013753,0.5943157982978008,0.527649908255669,0.6091244209141156,0.5077845800242262,0.5688358928907657,0.40178056441146603,0.5676453000252328,0.6868766238782842,0.6882552655538815,0.55158697706255,0.6278615479493073,0.6140026629675079,0.5798357006960209,0.572411997771361,0.6114700432710376,0.5205940099991417,0.48881128729191453,0.5020747028965299,0.627578082910893,0.6611408267140219,0.5371100773973406,0.7104385513415974,0.6629976522245038,0.6310434383240642,0.5176666989478558,0.44979383328250394,0.7268356472847584,0.6472869390627086,0.5726962094932667,0.5955502515972606,0.5843898330459543,0.4133019928120073,0.64292152855011,0.6717057999946002,0.5841132246080354,0.5443944624273168,0.4781510173792773,0.586606340155525,0.5884280846854988,0.5822868758876018,0.48285462907505305,0.6148813271207949,0.55327048076352,0.6135169604168011,0.6460052537041074,0.5747045433217408,0.5463358537809648,0.6122998750004175,0.6277579622693735,0.7862554465512368,0.5833652972397314,1.544399021220765,0.38375534910613956,0.5168059969818992,1.2172029634888069,0.664500475840883,1.184191849614727,0.6272746572899537,0.5576838336308434,0.714451588652982,0.5134385682899634,0.6356135692386458,0.7843025734236806,0.9808950393066742,0.6766481992235805,0.7201354699489362,0.6444548106258178,0.8595350253642986,0.5623688628104704,0.4774080407790442,0.6663894406557197,0.39144863420546394,0.6525832327673036,0.48633409297269115,0.5239308793143942,0.935554774228347,0.6081435825978645,1.380776027858316,0.514327281067388,0.7494429672425666,0.4662208965064439,0.532530396710527,0.505269855697496,0.6584723409097952,0.7948530163201076,0.5548254765586424,0.5703707473653052,0.5731287002000092,0.5184090779291782,0.639264950653306,1.3660410042698565,0.8191696485721903,1.0070380165570971,1.0438861462549058,0.38636906226673606,0.9633078737767284,0.8265551325588443,0.7354420797542667,0.6296882876839236,0.7428049295523641,0.7408670565709611,0.7545739776030023,0.6606994343754656,1.0756294271236837,0.6682139151588855,0.9177644165089766,0.7251806251302861,0.7598087454303861,0.9693596951762289,1.4210078623900313,0.6970173173179499,0.768832414737449,1.2410731738264498,0.8888851434656388,0.5941762594401911,0.6079146343830997
1.0,1.0,1.0,1.0,1.0,1.0,1.0,1.0,1.0,1.0,1.0,1.0,1.0,1.0,1.0,1.0,1.0,1.0,1.0,1.0,1.0,1.0,1.0,1.0,1.0,1.0,1.0,1.0,1.0,1.0,1.0,1.0,1.0,1.0,1.0,1.0,1.0,1.0,1.0,1.0,1.0,1.0,1.0,1.0,1.0,1.0,1.0,1.0,1.0,1.0,1.0,1.0,1.0,1.0,1.0,1.0,1.0,1.0,1.0,1.0,1.0,1.0,1.0,1.0,1.0,1.0,1.0,1.0,1.0,1.0,1.0,1.0,1.0,1.0,1.0,1.0,1.0,1.0,1.0,1.0,1.0,1.0,1.0,1.0,1.0,1.0,1.0,1.0,1.0,1.0,1.0,1.0,1.0,1.0,1.0,1.0,1.0,1.0,1.0,1.0,1.0,1.0,1.0,1.0,1.0,1.0,1.0,1.0,1.0,1.0,1.0,1.0,1.0,1.0,1.0,1.0,1.0,1.0,1.0,1.0,1.0,1.0,1.0,1.0,1.0,1.0,1.0,1.0,1.0,1.0,1.0,1.0,1.0,1.0,1.0,1.0,1.0,1.0,1.0,1.0,1.0,1.0,1.0,1.0,1.0,1.0,1.0,1.0,0.9314851597928904,0.9580160746930071,0.8718610388795023,0.7851226742186981,0.8896246976504676,0.7578603676722493,1.1928289250654918,0.8532926566295731,1.0917352263583067,1.7420038578025516,0.7048383258883277,0.8557235028289985,0.8200140285671207,0.981468003098617,1.286347866748739,0.8499759017488768,0.8113445864545197,1.0862271143497355,1.0142305961953269,0.9142865710065968,0.9027806445662028,0.980596856974366,0.7968089151019297,0.9445141330940237,1.4473255516015011,1.490788025907289,0.9915665448557025,0.9803075345619738,0.7497633747878454,1.052808248855024,1.2224007656521698,0.8357741401092338,0.8638346408105162,0.7440700896082877,1.577425918569799,0.7831060363743049,1.153270739739664,1.2607965191173773,0.742263009263226,0.8249176663074247,1.0972380182306165,0.9244430712986111,1.0854942822263949,0.7702856800808124,0.7150777704778316,0.9677238027738145,0.8295586594438263,0.7957123166891285,1.009438010330384,1.192830804544296,1.04305741207474,0.7705538656231744,0.9510304892256978,1.7077996294331572,1.0042231836158597,0.8634413362852658,0.9440717190593624,0.9752167770673459,1.8085916689561294,1.195147918874794,0.806116551742071,0.9038729324939362,0.999335489972198,1.304631750590717,1.1313375360159341,1.0825167512448144,0.9621792430335172,0.8618264511056462,0.49177547853491455,0.9392777022501589,0.8988468034955699,0.8775569889298008,0.9795848348157865,0.7756585619260217,0.9042729246780749,1.230483219884782,1.1543668948212702,1.0687237889981824,0.7618578584686094,1.5022736615819705,1.0636198664678078,1.1296005850278594,3.523674031054158,1.462362606763373,0.9523145672288076,1.2631257082265384,1.685623738867562,0.7864231664966936,0.7712438321669663,1.0460271039637865,1.0283320419987447,0.9408183997227082,0.7910684869947724,0.9191013767063614,0.7521248709892956,0.9359968805917986,1.0407906172020747,0.815037296231477,0.8084748946850705,1.0251120785435526,0.6615727535622103,0.9332496345215903,0.9960154380797753,0.8301025064343901,0.8581725651745122,0.8288790770380641,0.840052823411897,0.8303865162220538,1.0086760384661018,1.1013904218534194,0.8923506018474812,1.1580494495634783,1.573262217300956,1.1206581358616443,0.9428286140526287,0.7411945870942396,1.1720707121873464,0.9515255092413416,0.8472217114978069,0.8632932350864074,1.0467608621655744,0.9244343426435943,1.1994298655284004,1.1689674402219397,0.9279054864893169,1.3405598012992865,1.0596536479392313,0.8030831247438232,0.9860653997652373,1.8385667519275157,1.5437184175943148,0.9283725166730508,0.7951361529275156,0.7874989923471805,0.861830331262968,0.8479582170793533,0.8441008965604435,0.7415528737485757,0.7224695637644064,0.9070169602847864,1.0920803685547822,0.8195165489908904,0.7604046166957292,0.7763989533625795,0.8505703791767355,1.0321458577009288,1.3977830626667171,0.9177610917062167,1.1106998700529178,0.7463330479260699,0.8999259806618588,1.2075493053935364,0.7715660719992573,1.0639965258884596,1.0206829882061468,0.8552675378274575,1.4810618113083858,0.842706931967254,1.2428964329340615,1.1056955983698056,1.0499796214282981,1.1223714431182497,0.6943048415873575,0.958437353454518,0.7588430860911424,0.9500180774013722,0.9876118578146416,1.0509247887433095,0.7926933704866523,0.9314867163221952,1.3081548342985858,0.8836539205955714,0.7615865100524914,0.8705440039423644,0.7763154355115031,1.0834967848128119,0.9195050230257065,1.1533956629906181,1.2400274417498487,1.9483354770748549,1.0874368845556637,0.8159209380101227,0.7252743880454695,0.8296721797624558,1.0462192120609815,1.1129847365791594,0.8378857202089072,0.7383751257926928,0.9498001404551437,0.8320628418065259,0.9660909135915557,0.8107526463846807,0.8983948938100415,0.6359623116250479,0.9153762044253506,1.0867903620272887,1.0995054068405707,0.8750703538011128,0.997405185777603,0.9730754706710646,0.9214531379923061,0.9117903575536391,0.9752491641870391,0.8282939446355514,0.7796516225306185,0.8080623832580063,1.0084973466678646,1.0380509490001395,0.8514728398637361,1.1282151203803998,1.065016929157875,1.003928215773799,0.8179167194659912,0.7109059091290636,1.1547435817255425,1.0167773683247567,0.9078418329079794,0.9356553625372559,0.9238885505476915,0.6551187148449603,1.0211030575781361,1.0310824350279395,0.9186496672659249,0.8572204190027515,0.756694426822089,0.9275229394533635,0.9283414716348515,0.9241179001419803,0.7666233151086799,0.9744185934579344,0.8698301831180845,0.963678048036433,1.0101310777493582,0.9008946889458247,0.855038348233013,0.9690162126173416,0.9889820548493684,1.2572158129672981,0.9230278068429537,2.460514303035665,0.6073173575836102,0.8119966817706048,1.9253295073868333,1.0600533572553548,1.8969008202302062,0.9960821424723756,0.8816101300366455,1.1314502934984312,0.8163537693927146,1.0089971444127723,1.2312096577938259,1.5207089721016354,1.0683195189932235,1.1500828004413783,1.0210939092886906,1.3315908819427051,0.8933072170976795,0.753408412662636,1.0543679474047023,0.6137670043767226,1.017064102738791,0.7604700349654149,0.8250796784021525,1.467550289064022,0.959101407886183,2.1638878379367803,0.8199144580419291,1.1904965498834095,0.7409974354738601,0.8414754842349341,0.8045792226350111,1.04720395551914,1.2614089224973124,0.8798505163070632,0.9055659195367003,0.9125892079575741,0.8131402411934578,1.016961958549758,2.1677285809384843,1.3024154052394599,1.6356601523565737,1.6706948727415707,0.6098550421308092,1.5044451307469173,1.309599912999568,1.1676982845663555,1.0079397341116054,1.1818391157650687,1.181215392854846,1.201013257041243,1.058395323883053,1.6952124441444172,1.0502327020988955,1.447517661985522,1.1588030783297385,1.20610660109817,1.539403048432502,2.1826156882598786,1.0901635495697428,1.2221213351234692,1.978480186109954,1.4133503538416106,0.933458598720375,0.9650352852438412
1.0,1.0,1.0,1.0,1.0,1.0,1.0,1.0,1.0,1.0,1.0,1.0,1.0,1.0,1.0,1.0,1.0,1.0,1.0,1.0,1.0,1.0,1.0,1.0,1.0,1.0,1.0,1.0,1.0,1.0,1.0,1.0,1.0,1.0,1.0,1.0,1.0,1.0,1.0,1.0,1.0,1.0,1.0,1.0,1.0,1.0,1.0,1.0,1.0,1.0,1.0,1.0,1.0,1.0,1.0,1.0,1.0,1.0,1.0,1.0,1.0,1.0,1.0,1.0,1.0,1.0,1.0,1.0,1.0,1.0,1.0,1.0,1.0,1.0,1.0,1.0,1.0,1.0,1.0,1.0,1.0,1.0,1.0,1.0,1.0,1.0,1.0,1.0,1.0,1.0,1.0,1.0,1.0,1.0,1.0,1.0,1.0,1.0,1.0,1.0,1.0,1.0,1.0,1.0,1.0,1.0,1.0,1.0,1.0,1.0,1.0,1.0,1.0,1.0,1.0,1.0,1.0,1.0,1.0,1.0,1.0,1.0,1.0,1.0,1.0,1.0,1.0,1.0,1.0,1.0,1.0,1.0,1.0,1.0,1.0,1.0,1.0,1.0,1.0,1.0,1.0,1.0,1.0,1.0,1.0,1.0,1.0,1.0,1.0,1.0301892956072818,0.929232586953631,0.8436020903243171,0.9514940562235507,0.8131234799110463,1.2753083589058107,0.9157157069228994,1.1734113698112076,1.8585753913672673,0.7545167070768313,0.9139509758613455,0.8779737769599434,1.0518015889618018,1.3764138552932348,0.9102664118617407,0.8641071637577953,1.1688591929872723,1.08419805426022,0.9802478995499369,0.9670485821117984,1.0473418628116684,0.8531543705496748,1.010552831731435,1.548753906798123,1.5967929637357843,1.0626160355053715,1.0549362206676558,0.8028843817941103,1.1246705595900204,1.3138178152686493,0.8945045501229658,0.9213629319226118,0.7975257080526399,1.6811173144632845,0.8351452035863649,1.2331680997746117,1.3489910154954,0.7925555755726532,0.8809777063768766,1.16702957264005,0.9892170126702793,1.1637283442283177,0.8262508332907451,0.7646546303306303,1.0355443007967913,0.8887418149327344,0.8467352728872488,1.0798192960831652,1.2705408306625143,1.117947269407488,0.8277365654607538,1.0180548188857148,1.828569811914822,1.0731673777082917,0.929715201251449,1.0102337434272495,1.0417449497844813,1.9314870978040113,1.297138536841629,0.8684602907855934,0.9685779754719127,1.0674231478909775,1.394341135106665,1.2036555948750247,1.154728751193343,1.0273456096679965,0.9219011439303628,0.5262925023692737,1.0023615526714837,0.9640335399025722,0.9404553990701757,1.0490291234183218,0.8327129550844239,0.9709880099986228,1.3173054003157172,1.2295112579514411,1.1423790216356764,0.8163006796481278,1.6082569497724906,1.1343955808709745,1.205801550883149,3.9307610626085925,1.5548368483957635,1.0217539543910101,1.3652760319410302,1.8058557188903217,0.8417503702445035,0.8236182332926987,1.1175936804279134,1.0989289645026519,1.00792697328255,0.8463353399581077,0.9840787251184936,0.804228702758612,1.004197165412617,1.1142845963171641,0.8751495123202342,0.8668216222562988,1.1003014761837413,0.7121661309518644,1.002047489943919,1.065948522797212,0.8904354847439293,0.9225734922330173,0.8877325052721503,0.9006311616924719,0.8851528004033504,1.0775238021124558,1.178114258072696,0.9567571089301405,1.2373389822583678,1.6856025822001515,1.2001522714068196,1.0067840260857879,0.7950257137013876,1.2570279680868603,1.0174748613371163,0.908538150089464,0.9249318088599582,1.1162821230901938,0.9894362466736948,1.2805425397897132,1.253131745117025,0.9883660922484303,1.4334233522520123,1.1406199251912854,0.8584815710422955,1.0563023092450223,1.984570695173059,1.6508627685078359,0.9907581658927178,0.8500626872091217,0.8455503272738183,0.9218964171505375,0.9113580969942063,0.9037182775381621,0.7955263855223602,0.7727030402561169,0.9677523186961764,1.170303097479445,0.8758313940412078,0.8166270592051166,0.8314874040857823,0.9095419479388744,1.1008475175406134,1.4887360308585071,0.9821675374095977,1.1879553406664443,0.7985149251108885,0.9600221677533916,1.308134627721388,0.828219193461585,1.138859703934707,1.0892834934536288,0.9179620062562379,1.572720446264103,0.9016198479788521,1.3250870636120209,1.181168125602966,1.1230620354700542,1.20802557099999,0.744767168393458,1.0246470564118475,0.8116772092309219,1.0216892696284594,1.0567836652487155,1.1245897611056916,0.8484470293024768,0.9948020643147529,1.3997177942105903,0.9442307803853787,0.819702302067064,0.9407420432069112,0.8313909002499964,1.1590634970116973,0.9840484353675264,1.2334412090667537,1.325349875240939,2.088582195449288,1.1680581600726412,0.8741550979046839,0.7793234724967699,0.8881605797702463,1.1147926333504732,1.1904833059365534,0.897236674137552,0.79165107412552,1.0125206789392127,0.8951252131116629,1.0352272919474164,0.8649665192371809,0.9654237560322325,0.682667865760138,0.9700774890144761,1.1668140942352554,1.172799842878685,0.9377058599571045,1.0679784912398982,1.0431853102407431,0.9864255818094542,0.9741791826922466,1.0414459595723646,0.88590648767998,0.8325456608679649,0.857479468496737,1.0714503237913002,1.1207704323760246,0.9128170593159368,1.2079500201986866,1.1311692476939381,1.0734217363445087,0.8789423027276955,0.7635090345646399,1.2363772826330668,1.0967079109249673,0.9729013767402556,1.0091548170887836,0.9925284552903931,0.7025891978706238,1.093243178698389,1.130063938603684,0.9900974171339174,0.9234994162658654,0.8126480645322957,0.9959820707833845,0.9984030899341079,0.9902316234211206,0.8208557642866181,1.044938189773192,0.9378757014915314,1.0396141068474842,1.093806903788384,0.9734610435039565,0.9251290650469854,1.040375397587008,1.0643567725664385,1.3397649348669785,0.9910804475758477,2.629276720252115,0.6517927711713141,0.8759001167109035,2.065078844466071,1.131970383892279,2.018215657255988,1.0663443588505324,0.9470005581589384,1.2138489204995215,0.873525901966866,1.0806071882603474,1.3276770409142724,1.65430019618115,1.147464040450935,1.2270186532964698,1.0956296643943868,1.4496554530411476,0.9561303892597588,0.8099679684689938,1.1326085457723825,0.6631145720907302,1.1025581730009686,0.822961257192723,0.8884217295141104,1.5840976878236797,1.0318429261101356,2.3380031105992165,0.8757545511119429,1.2747654161659168,0.793221675987234,0.9048599032534608,0.8600158085691799,1.1202867689298754,1.3511318923916011,0.9428131140220155,0.9698479402277657,0.9751297201805526,0.8780224981502474,1.0873344263488924,2.3224998884031987,1.3929905327880332,1.7243484512787757,1.78145587315087,0.6559597502484507,1.6279288121042246,1.4043824599030579,1.2502898371357505,1.0734060482791512,1.2637131963871768,1.261633197354391,1.284138640334684,1.1267982293133043,1.8249529222299556,1.1323681384841924,1.5574438038846692,1.2350682938600521,1.291839476552925,1.6488265720338042,2.390991529518143,1.1792354962517364,1.3077210550316516,2.1113755111907113,1.5116487455201897,1.0067993551245862,1.0338320999163642
1.0,1.0,1.0,1.0,1.0,1.0,1.0,1.0,1.0,1.0,1.0,1.0,1.0,1.0,1.0,1.0,1.0,1.0,1.0,1.0,1.0,1.0,1.0,1.0,1.0,1.0,1.0,1.0,1.0,1.0,1.0,1.0,1.0,1.0,1.0,1.0,1.0,1.0,1.0,1.0,1.0,1.0,1.0,1.0,1.0,1.0,1.0,1.0,1.0,1.0,1.0,1.0,1.0,1.0,1.0,1.0,1.0,1.0,1.0,1.0,1.0,1.0,1.0,1.0,1.0,1.0,1.0,1.0,1.0,1.0,1.0,1.0,1.0,1.0,1.0,1.0,1.0,1.0,1.0,1.0,1.0,1.0,1.0,1.0,1.0,1.0,1.0,1.0,1.0,1.0,1.0,1.0,1.0,1.0,1.0,1.0,1.0,1.0,1.0,1.0,1.0,1.0,1.0,1.0,1.0,1.0,1.0,1.0,1.0,1.0,1.0,1.0,1.0,1.0,1.0,1.0,1.0,1.0,1.0,1.0,1.0,1.0,1.0,1.0,1.0,1.0,1.0,1.0,1.0,1.0,1.0,1.0,1.0,1.0,1.0,1.0,1.0,1.0,1.0,1.0,1.0,1.0,1.0,1.0,1.0,1.0,1.0,1.0,1.0,1.0,0.8987765780800027,0.8184062854429264,0.9215358400975235,0.7883407510639133,1.234980866108502,0.8877376342149746,1.1384787673030694,1.7983702461750655,0.7308241518200425,0.8847378047888084,0.8508554202260938,1.0191986915936704,1.3334514925715188,0.8821250361448587,0.8352227704015742,1.1335878663822356,1.0497496759086107,0.949902753944247,0.9371151950602443,1.0136958912904441,0.8265817915944549,0.9787244609720657,1.5003548776990172,1.5459940782636972,1.0293619250267139,1.023616170658935,0.7780590330365327,1.0888366731316066,1.2746541345575177,0.8664055618901305,0.8914256382432788,0.7730565240662647,1.6268094662961938,0.8081172825944183,1.1940262700598652,1.3064334594996967,0.7666475914067927,0.852493761320228,1.1275870248587188,0.9582035604908964,1.1274936327343004,0.8009512906239518,0.7405656759602294,1.0028770568269496,0.8611230283137777,0.8185235090841358,1.0455732302685563,1.2286673499074507,1.0836576954298272,0.8029792413503585,0.9862527624152616,1.7716891656718348,1.0390443501254407,0.9025571758534537,0.9788287685161147,1.0084690796120417,1.8691637821771885,1.2615339388385152,0.8430371977551474,0.9386538461299858,1.0331305889717761,1.3499190224347748,1.1629643312754196,1.1171672099286065,0.9944108577433042,0.892339273463675,0.5097782208075385,0.9693414250358441,0.9345882806282912,0.9111371905789851,1.016288967860062,0.8074996750410348,0.9416122331215839,1.2758200202343644,1.1886995898704902,1.1063584376513527,0.7908758256382533,1.5575061307088733,1.0968760782240428,1.166667408258201,3.8584524460203937,1.5026422441888303,0.9904709220690577,1.3266008562541456,1.7485583119558639,0.8156450644566626,0.7972764348921781,1.0816470671603806,1.064496560790592,0.9763834637527685,0.8195385783406913,0.953143081942919,0.778909388657587,0.9737901029026776,1.0792791793152854,0.8490728234193464,0.8400496824747679,1.0664028427700731,0.6913411241029634,0.9714117266352121,1.032419633379433,0.8632739753591293,0.8950612424780108,0.8602756702047119,0.8731294252790045,0.8560216422655675,1.0431834903632742,1.1402239261423337,0.9274266256714611,1.1976869652572442,1.6323238875603785,1.1627111182334227,0.9747187968768585,0.7707439339686184,1.2182922685334958,0.9854244110157409,0.8813685992616267,0.8964239437587787,1.0793031060948206,0.9581458840190733,1.2397838281397484,1.214443604707461,0.955856768624799,1.3879878506501218,1.1070339769371857,0.8315088003457427,1.0231014537455028,1.9261477878278215,1.5986909843824706,0.9586768111037133,0.8230290214141047,0.8199062305364231,0.8927028544704119,0.8843537629228986,0.8756956845617039,0.77120585592817,0.7485871185308152,0.9363791292306033,1.1336202067287284,0.8479325199983977,0.791854549799093,0.805835965179008,0.8809231787563772,1.0650677196946226,1.4396957369012342,0.9511142680056957,1.1498550335078603,0.7736189733717124,0.9289798786699031,1.2728022051952588,0.8032832290963633,1.1029586233931106,1.0544759547404003,0.8901935424954073,1.519072480668401,0.8733150575918052,1.2822058994965126,1.1434646443095122,1.0876691017911173,1.1723454481653666,0.7221477776203974,0.9924798734600435,0.7863220284079189,0.9913300020181127,1.0238017815263567,1.0895467867862672,0.8219849157667145,0.9630758235216462,1.3548853392956652,0.9143850959213231,0.7959588759674753,0.9145824867493859,0.8054737570824442,1.1224079130654598,0.9530738181448399,1.1946784048720651,1.283077001873027,2.0248216079903045,1.1331779229546095,0.8471305050451237,0.7559210030039867,0.8605405453349916,1.0783327406753873,1.152779522162413,0.869435786948489,0.7672377527613969,0.9793879595729584,0.8686627657378357,1.003342436722968,0.8370448524609007,0.9362799764211581,0.6620505499414149,0.9359675843181285,1.132051458525367,1.1347074366632808,0.9085902491082625,1.0348435434454002,1.0110989381030426,0.9558201006150642,0.9432315818312653,1.0086857971668555,0.857890540189834,0.8059018255367627,0.8287909604823884,1.035024682827002,1.089007957487334,0.8848908754033192,1.1697787636242956,1.0923310486590685,1.0396020420563767,0.8525122776508636,0.7406368310929203,1.197642544315881,1.0648216407302105,0.9431175635423994,0.9802254383023743,0.9625528496703891,0.6809925738975167,1.0592462585306825,1.1021467827010292,0.9614389307579614,0.8963410271893908,0.7882075155494535,0.9658754507012564,0.9688170754930591,0.9596726916747036,0.7949300155620225,1.0127385439358751,0.9109995410390476,1.0097997112872328,1.0637993748521541,0.946545309463878,0.8996713361920332,1.0085141327794955,1.0332259968749795,1.2955811301298525,0.9612150249714064,2.5440865842966076,0.6320468116495841,0.8502240563635457,2.0022394985443634,1.0953001701755565,1.9513778600515597,1.0334681362496803,0.9188731961010423,1.1764808975213639,0.8460721773086135,1.0476020216826347,1.2890659790649615,1.6088366852922786,1.1131405473120646,1.1876915545187234,1.0618205920270078,1.4122100706863256,0.926349252087826,0.7856836193045871,1.0983529867021482,0.6443994840321272,1.0721904762718308,0.8001657899131652,0.8624537295682427,1.5385452089695497,1.0012958044335745,2.269989000484561,0.8479027841097694,1.2349297351717035,0.7685355670139302,0.8778247298371105,0.8327908969382094,1.0849995069332463,1.309147994090919,0.9139532711676072,0.9395389308503195,0.9442346018562362,0.8529226372520555,1.0531227076486596,2.250197535094376,1.349511767941451,1.6620570192555708,1.7222851140556326,0.6363250396769988,1.5822086482950062,1.3604011136830167,1.211349085481186,1.0379939059229777,1.2235796519903244,1.2214636324328645,1.2438576890278874,1.0895473406818157,1.77057868249002,1.100066166299431,1.511547169942316,1.1941971007102028,1.2514684798963558,1.5975634248640045,2.333404600813054,1.1465861940264204,1.2668147759821389,2.0457607133634763,1.4642932640587913,0.9774972718190775,1.0019358012184654
1.0,1.0,1.0,1.0,1.0,1.0,1.0,1.0,1.0,1.0,1.0,1.0,1.0,1.0,1.0,1.0,1.0,1.0,1.0,1.0,1.0,1.0,1.0,1.0,1.0,1.0,1.0,1.0,1.0,1.0,1.0,1.0,1.0,1.0,1.0,1.0,1.0,1.0,1.0,1.0,1.0,1.0,1.0,1.0,1.0,1.0,1.0,1.0,1.0,1.0,1.0,1.0,1.0,1.0,1.0,1.0,1.0,1.0,1.0,1.0,1.0,1.0,1.0,1.0,1.0,1.0,1.0,1.0,1.0,1.0,1.0,1.0,1.0,1.0,1.0,1.0,1.0,1.0,1.0,1.0,1.0,1.0,1.0,1.0,1.0,1.0,1.0,1.0,1.0,1.0,1.0,1.0,1.0,1.0,1.0,1.0,1.0,1.0,1.0,1.0,1.0,1.0,1.0,1.0,1.0,1.0,1.0,1.0,1.0,1.0,1.0,1.0,1.0,1.0,1.0,1.0,1.0,1.0,1.0,1.0,1.0,1.0,1.0,1.0,1.0,1.0,1.0,1.0,1.0,1.0,1.0,1.0,1.0,1.0,1.0,1.0,1.0,1.0,1.0,1.0,1.0,1.0,1.0,1.0,1.0,1.0,1.0,1.0,1.0,1.0,1.0,0.8971862554729584,1.0173096885656419,0.8660737245579497,1.3658778528412485,0.9751694767417403,1.2472770427498523,1.993185388039944,0.8063875625325536,0.9796428307472942,0.9379431093047347,1.1226467331596903,1.4719513694912398,0.9718099553343236,0.930506285261733,1.242241508459299,1.1600049204664309,1.0458513973470684,1.032484317947617,1.1227410535031281,0.9110565101178001,1.0808611125473297,1.6562465701492495,1.7073619304642347,1.1338931185189112,1.1205657538743492,0.8572024386932939,1.204942308745368,1.3962929365848047,0.9562718154924794,0.9894230979679952,0.8506496643780372,1.8083108665198777,0.8967019911382117,1.3190950371853103,1.4433672172492291,0.8495867660914188,0.9449976365670634,1.25850257492433,1.056428527574135,1.2413111403635426,0.8811728534885717,0.8180148231082118,1.1081450880051344,0.9492684769117219,0.9122322798221084,1.155641552048463,1.3656179695179929,1.1924431715817407,0.880394146765625,1.0873603996248695,1.9557730675814247,1.1492390200831677,0.9857559687120117,1.0798663439339582,1.1164016883897858,2.06936952860241,1.3629227347004824,0.9207679713975854,1.0331402503267475,1.144206561670667,1.4920272481215675,1.2970166167576598,1.2398626658876974,1.1009551381306257,0.9868990587931862,0.5626194558744405,1.0763201560191014,1.0271346700346302,1.0039014192733244,1.120835135552937,0.8862000094037333,1.0337113252850538,1.4079226539452914,1.3221464583966362,1.2227239780178187,0.8717016749619323,1.7178933541302979,1.2188205530734537,1.2941934111672637,3.9752639529896516,1.6702211161457385,1.087746585239213,1.4364238631563935,1.9308797489434049,0.899148327731925,0.8820931533608254,1.196583013767479,1.1765839113021412,1.0757922120799206,0.9052646000809934,1.0510185339821545,0.860381017202257,1.070265007548248,1.1905025936950429,0.9306534311613726,0.9237242101639435,1.1727981641016978,0.7549204970668939,1.066800147657803,1.1402444551798312,0.9481652702117326,0.9796987857572457,0.9471603900185976,0.9599583793157505,0.9510987733399227,1.1545891213748196,1.2604921178485167,1.0192914584881598,1.3254248923347807,1.8007177413395687,1.2821449382295638,1.0790789506414962,0.8470496131970606,1.3403372244486849,1.0889419868022807,0.9670395447755229,0.9867711168746557,1.2002506614292883,1.0572085260830524,1.3728454608383003,1.3373535710670001,1.06362195530546,1.5343717558130745,1.2087359146083454,0.9186693267329953,1.1282736740101407,2.103032600347384,1.7679545758189428,1.0626667162766685,0.9098456221199064,0.9003156176925207,0.9856532267671978,0.9678207454655113,0.9650103613859686,0.8474367455247087,0.826191744876529,1.0390757813403475,1.2498863669837827,0.9377782116775191,0.8691087847876898,0.8872808131291058,0.9723087603915163,1.1819308517530294,1.6018836876609468,1.0504177663174046,1.2713053024993428,0.8536186176194445,1.0297953169834613,1.377631064804695,0.8802857756842061,1.2175919228971241,1.168140726988736,0.9769545078381527,1.6991603664754675,0.9637652420269218,1.4227653342100324,1.2655961132625824,1.2015647215158916,1.2840983671713606,0.7934273115723778,1.0964422093126411,0.8675597129620027,1.0840468489709705,1.1300769379356492,1.2022967149519657,0.9063647860593935,1.0672293108075994,1.4977771809742757,1.0102270910085012,0.8686005949241323,0.9926340647598428,0.8878604776104089,1.2397287635836167,1.052465711455359,1.3198058025995738,1.4192432439328053,2.2268423571711535,1.241278797571272,0.9326483226521731,0.8284243717298808,0.9485357670064513,1.198597003434751,1.2742826459607712,0.9581275338381987,0.8439633154147881,1.0876480865281961,0.9502695502618241,1.105479001896748,0.9280275044120637,1.0270309539892948,0.7265518944084669,1.050617116703663,1.2410277929965474,1.2586160205814865,0.9998549667823231,1.1403452015025646,1.1132384122883443,1.0529885106923764,1.0434226824781563,1.115666046088879,0.9474402057655461,0.8914632868746695,0.925116650836505,1.1556276405033883,1.1820744936602146,0.9735045515935185,1.2910619283951354,1.2223690074831346,1.148866457490999,0.9337035898057917,0.812547654239629,1.3202702979327858,1.1607056842766694,1.0381398430248234,1.0677139658769592,1.054955142667339,0.7484918674773203,1.1681360516125472,1.173341423975439,1.0485547309961147,0.9778265040311463,0.863439128141657,1.059888780641805,1.0601404599634114,1.0562720116305766,0.8773158066649573,1.1128872031613612,0.9923787657935706,1.0998075894802892,1.1494968174809665,1.0264673646755482,0.9733581290869896,1.1067537471393403,1.1295025971339363,1.4392018046510462,1.053505846693529,2.818582000135832,0.6939276778619379,0.926546868172323,2.2044229731393683,1.213649012634131,2.174808155479231,1.1393184482690364,1.0064242719552974,1.2936302404915816,0.9335537947293625,1.1536461537731053,1.4070449735646913,1.7350384568620159,1.2221338371479509,1.3144029826138728,1.1656017620743497,1.5166526859376392,1.0221122496234603,0.861336727740132,1.2023522606486003,0.6997751450069982,1.1596346237875443,0.8669073721430538,0.942407373742292,1.675049505850073,1.0951807973249723,2.471236113906336,0.9381301534235937,1.360922476340763,0.8471008812105675,0.9595948844417679,0.9202823002366092,1.1980615305496314,1.4430640141154238,1.0065297979111028,1.0361653714320678,1.044008024782947,0.9278536770508636,1.1646033108717702,2.478010716970863,1.4901435500032632,1.879324778515321,1.9098793687464735,0.6961803640377394,1.7185035284444263,1.4985870930413332,1.336044931059591,1.1545230774794408,1.352426755359809,1.3507997420534446,1.3738191574473206,1.2115540230294224,1.935877503283734,1.1979821138383975,1.6554389510992078,1.3282697660726401,1.3796846406990566,1.759088583426046,2.4775350159347367,1.2429441093022973,1.3978789206794204,2.2667633006449055,1.6180601422175278,1.0659993780988835,1.1028275016556326
1.0,1.0,1.0,1.0,1.0,1.0,1.0,1.0,1.0,1.0,1.0,1.0,1.0,1.0,1.0,1.0,1.0,1.0,1.0,1.0,1.0,1.0,1.0,1.0,1.0,1.0,1.0,1.0,1.0,1.0,1.0,1.0,1.0,1.0,1.0,1.0,1.0,1.0,1.0,1.0,1.0,1.0,1.0,1.0,1.0,1.0,1.0,1.0,1.0,1.0,1.0,1.0,1.0,1.0,1.0,1.0,1.0,1.0,1.0,1.0,1.0,1.0,1.0,1.0,1.0,1.0,1.0,1.0,1.0,1.0,1.0,1.0,1.0,1.0,1.0,1.0,1.0,1.0,1.0,1.0,1.0,1.0,1.0,1.0,1.0,1.0,1.0,1.0,1.0,1.0,1.0,1.0,1.0,1.0,1.0,1.0,1.0,1.0,1.0,1.0,1.0,1.0,1.0,1.0,1.0,1.0,1.0,1.0,1.0,1.0,1.0,1.0,1.0,1.0,1.0,1.0,1.0,1.0,1.0,1.0,1.0,1.0,1.0,1.0,1.0,1.0,1.0,1.0,1.0,1.0,1.0,1.0,1.0,1.0,1.0,1.0,1.0,1.0,1.0,1.0,1.0,1.0,1.0,1.0,1.0,1.0,1.0,1.0,1.0,1.0,1.0,1.0,1.1267249695301373,0.9634176349785434,1.509191723317692,1.085150264331312,1.3915451294213845,2.200467684632474,0.893208360490491,1.0815950705536614,1.0397934087124623,1.2456636985434033,1.629935502866763,1.0781873606935877,1.021316634123579,1.3845806149092352,1.2834173219733123,1.1608328114348294,1.1454295258538096,1.2392904645015228,1.010525031791177,1.1965379051549907,1.8341199880859547,1.8900145993340633,1.2581677869379475,1.2505923244593449,0.9511135681684646,1.3316002201027999,1.5574644345359363,1.0589094900002674,1.0899543100426812,0.9448355985569976,1.988476104989274,0.9882346213641524,1.459912627335787,1.5966372037834922,0.937652146326421,1.042146121841883,1.3785432651289358,1.171659117269851,1.3779166657683544,0.9787409081833042,0.9051826211562946,1.2253214909360248,1.0522529649397359,1.0010153786496145,1.2774608988024425,1.5026773514109482,1.3250411014025616,0.9809551915500653,1.2057079885123274,2.1633147327799906,1.2703108999432415,1.1027235092962275,1.1966027084513242,1.2330394361542236,2.285744888541119,1.540787211993112,1.0296455330886711,1.1474746024690776,1.2626661891007442,1.6509308723558642,1.422299526548453,1.366232313158623,1.21607478554886,1.0907726927359613,0.6231984855958995,1.1852895336056442,1.1422178264233729,1.113587047494056,1.242545166450168,0.9871105556339208,1.150431671939646,1.5593176905054948,1.4537542323943073,1.3526256863958137,0.9663081257906809,1.9045108322439184,1.3413571512580438,1.4263819404957667,4.706078935154899,1.8399565983504849,1.2105693908199133,1.6223034689497922,2.136698513168742,0.9971152675730297,0.9747878743882102,1.322516635789996,1.3011335247493947,1.1935348119486286,1.0017769102812752,1.1650604908373112,0.9522139996482917,1.1896878978197256,1.319552423040725,1.0374673880071492,1.0269616268220485,1.302910238085567,0.844668715804308,1.18704752819645,1.2616206477939254,1.055006786804075,1.0938189362745487,1.0515119415030374,1.067205743635121,1.046973862028334,1.2753329537237836,1.3939990845661687,1.1336381862174052,1.4638748892766675,1.994683667196338,1.4211127804685826,1.1916972800845993,0.9420057070791441,1.4887062312737025,1.2047226720665152,1.077925409768665,1.095721215068749,1.319085612106818,1.1716942135128783,1.516048890762745,1.4839487185930382,1.1686275860189612,1.696264706086624,1.3529400092317676,1.0164690209250582,1.2506419312671815,2.3522793002788545,1.9542096626745895,1.1723139465367902,1.0061241654386321,1.0017724405352504,1.0911963775374491,1.0806084451942048,1.0703916272442164,0.9426494132223353,0.915084774414281,1.1449101718185488,1.3853235454575035,1.0366904147265854,0.9676876761715213,0.9851473196827288,1.0770429717579042,1.3024146493185906,1.7607618388703732,1.1619989682591467,1.4060665948319535,0.9453753116502506,1.1361673764325846,1.553544546720134,0.9818853822156819,1.3478880472306325,1.2892332574439935,1.0877671486943314,1.8583803701670942,1.067414256958282,1.5669366952197596,1.3981368875171347,1.3295315986306049,1.4316752130959658,0.8825260955216618,1.2132330849490873,0.9613747732200796,1.211761705891832,1.251219752096233,1.3318676635074957,1.0047257769181381,1.1761047910987121,1.6563395689660056,1.118392901893071,0.9725767551315139,1.116929065868805,0.9843872457673497,1.3717981913136512,1.164970469520005,1.4608220401475578,1.5682075012315462,2.475080916439758,1.3847458907056556,1.0354559122183493,0.9239396653413579,1.0520167752176786,1.3185642352901459,1.4088228629002084,1.0626552738931443,0.937864344891399,1.197714476403414,1.061352535286881,1.225660082883765,1.0236315645902012,1.1440157695695283,0.8087578485681544,1.145038956133841,1.3833302208567986,1.3873270585217135,1.1112409533640895,1.264707531380375,1.2355461741492957,1.1685252488364117,1.1532065843173125,1.232849610510664,1.0488433046295513,0.9857936732801102,1.0142224664893411,1.2663384945630445,1.330641123796731,1.0814260385243875,1.4300078828116267,1.336691057416386,1.2709779751193655,1.0421418934264366,0.9049380661750287,1.4640104336948183,1.3008714494493492,1.1526770227021834,1.1972748571683414,1.1765679168742422,0.8323246605871831,1.2945629525952718,1.3434341626540245,1.1745639872265032,1.0955221859136954,0.9633552331581745,1.180345566726961,1.183811623368446,1.1728472483942287,0.971739041288645,1.2389135567776002,1.1128840457022768,1.2331368192587988,1.2994836399659144,1.1561944974908371,1.0989862263779488,1.2329333453813258,1.2622072078486117,1.5850543226738767,1.1752856038019768,3.106464692483624,0.7724521566815252,1.0389655280286811,2.446320077742566,1.3386990602921054,2.3863419285221683,1.263273720943519,1.1230574328797513,1.4378609769996267,1.0344095802531301,1.2801766526072205,1.5740838166711209,1.9661326134741488,1.3599529843231595,1.4533166013718342,1.298712864990942,1.723391789361208,1.1322790211286993,0.95986529550419,1.3426494471780168,0.7869584160402414,1.3097836328108596,0.9772681291034612,1.0534273070502265,1.8788257536048791,1.2230868633240335,2.7728253064535062,1.0367467838594675,1.5092846645689628,0.9393762635816609,1.0726356425655195,1.0182374476273375,1.3262187549130453,1.5998782202262467,1.1166918686425116,1.1483421580828015,1.1548066575822862,1.0418835373718638,1.2868854776872372,2.7531078503521056,1.649918227947485,2.034674454474266,2.106314693828804,0.7776154875502453,1.9308270109173833,1.6624538988916986,1.48049520086286,1.269330219565934,1.4958066193878083,1.4936382879522068,1.5204636666405622,1.3327949572509077,2.1631153780165304,1.3438331581733356,1.8428222622574666,1.4607244103676207,1.529722766308688,1.9535171860463698,2.8502001277105395,1.4006367627798715,1.548604976766201,2.499429757077844,1.7895717207402668,1.1937982054096115,1.2247518740278158
1.0,1.0,1.0,1.0,1.0,1.0,1.0,1.0,1.0,1.0,1.0,1.0,1.0,1.0,1.0,1.0,1.0,1.0,1.0,1.0,1.0,1.0,1.0,1.0,1.0,1.0,1.0,1.0,1.0,1.0,1.0,1.0,1.0,1.0,1.0,1.0,1.0,1.0,1.0,1.0,1.0,1.0,1.0,1.0,1.0,1.0,1.0,1.0,1.0,1.0,1.0,1.0,1.0,1.0,1.0,1.0,1.0,1.0,1.0,1.0,1.0,1.0,1.0,1.0,1.0,1.0,1.0,1.0,1.0,1.0,1.0,1.0,1.0,1.0,1.0,1.0,1.0,1.0,1.0,1.0,1.0,1.0,1.0,1.0,1.0,1.0,1.0,1.0,1.0,1.0,1.0,1.0,1.0,1.0,1.0,1.0,1.0,1.0,1.0,1.0,1.0,1.0,1.0,1.0,1.0,1.0,1.0,1.0,1.0,1.0,1.0,1.0,1.0,1.0,1.0,1.0,1.0,1.0,1.0,1.0,1.0,1.0,1.0,1.0,1.0,1.0,1.0,1.0,1.0,1.0,1.0,1.0,1.0,1.0,1.0,1.0,1.0,1.0,1.0,1.0,1.0,1.0,1.0,1.0,1.0,1.0,1.0,1.0,1.0,1.0,1.0,1.0,1.0,0.8527128983024759,1.3390669520804952,0.9601027305370513,1.2292772270946717,1.9563029751340062,0.7919214668964774,0.9606090273717105,0.921621436348822,1.1032610557246239,1.4450698724853361,0.9556478400705777,0.9087067663811149,1.2217313917124581,1.139492095029431,1.0278295647835196,1.0148904193476227,1.1008407033663878,0.8958409239355335,1.061030085758054,1.626001319914121,1.6733931616791415,1.1147957274113869,1.1033283702367176,0.8430950907712311,1.182379994044172,1.3762394822384334,0.9389821636234758,0.9690586333406799,0.8367927632044112,1.7682152515946383,0.8788136622163197,1.29589180962689,1.4158100039066632,0.8332564027163436,0.9254739211297234,1.2289244910117687,1.0396350355205441,1.2203473533281377,0.8659380847887626,0.8034295549319697,1.0862163379418086,0.9320131751766949,0.891549087570209,1.1335046969882159,1.338398060371516,1.1732853553784834,0.8673786413555643,1.0690299851768534,1.9172637477500947,1.1277170812286115,0.9726192168639292,1.0609987836910684,1.094973321587478,2.03134957842841,1.349503064389773,0.9077848488435195,1.0166908699478563,1.121529543461913,1.466282951781409,1.2673000982092018,1.2147817786257957,1.0805959740039774,0.9673483918177657,0.5524796718016796,1.0535538502069004,1.0113880472265442,0.9862178461509441,1.1007002365737992,0.8729613584220639,1.0170766608601975,1.3823219231923711,1.2947115716892894,1.200586476411466,0.8559187379424268,1.688776433706935,1.1925901831750585,1.2672014148196709,4.032957327736357,1.643554413384808,1.0718074150510124,1.4282035453985529,1.8920344398164666,0.8841620986232943,0.8663490816463002,1.174884380957855,1.1551169327556168,1.0576899978519922,0.8886004180188684,1.0329054674850746,0.8450698845773916,1.052296395429313,1.1696663122082476,0.9175910949898416,0.909652009805485,1.1523428019352626,0.7455802949209263,1.0499373807644599,1.1184641733094876,0.9342139036994421,0.9665801708785925,0.9322858590496579,0.9449991386111158,0.9316540442073452,1.1324475089122852,1.2368699025439844,1.0040860022528562,1.30019017702163,1.766435926073988,1.25925335843685,1.0587618600317927,0.8338776992823822,1.317644285391205,1.068784728589311,0.953989419809883,0.9709346921917528,1.17270378228763,1.039157415990439,1.3468370155727523,1.3137388265581196,1.0400625532055092,1.5054574531987277,1.1943919129930693,0.9023454621974887,1.108068811849815,2.069484952131625,1.732889059903797,1.0420356968726943,0.893101399727217,0.8857131647459673,0.968403236099352,0.9551854283853647,0.9491057450063254,0.8342841633312228,0.8118827479398505,1.017506785513754,1.2266807412946883,0.9205365329737114,0.8557710484606823,0.8731539239531432,0.9562469002945075,1.1581496458309686,1.567604679390108,1.0305261964669272,1.2474770518765093,0.8387255703357557,1.010311652026981,1.3627213244977021,0.8693422561351114,1.1951303964924769,1.1459944287727435,0.9625439991853095,1.6585300110637817,0.94711752460642,1.3947228890752466,1.24150284962443,1.1792944199919666,1.2620611725668693,0.7811403479144263,1.0768448222462805,0.853108179788832,1.0704951571842074,1.1094083198596605,1.1808648775074733,0.890991307630733,1.0449911222773345,1.4689325834994085,0.993179429850434,0.8585521048046572,0.9823959775136494,0.8726502863801793,1.217084002098543,1.032736052389751,1.2957485566299844,1.392537170284241,2.1916350507152007,1.2248246142132138,0.9175939816712174,0.8165149827754279,0.9327869584555755,1.1734051659962148,1.2495987225822058,0.9417927699005921,0.830475979708245,1.065852215030852,0.9368943089132011,1.0854163966302361,0.9100998355895447,1.010731552974251,0.7157530085399495,1.024237806772994,1.2240277582054522,1.2342139890660653,0.9845837779228099,1.1212760130931043,1.0933305592225075,1.0364237778129866,1.024013511111718,1.095601906490638,0.9306579378453879,0.8761715664100418,0.9062444780714218,1.1304769059343922,1.1724302051275834,0.9575206087770467,1.2674780452616823,1.1923663328146175,1.1276821008232605,0.9210237452469501,0.799835993207727,1.2983597813093808,1.1458501377438712,1.020733035818223,1.0548528121803193,1.0405690291701488,0.7371962714237866,1.1477253879299887,1.1676113413266305,1.0351280452229061,0.9665661700360357,0.8525882732599601,1.0436345594289207,1.0454400147855663,1.0392285588047825,0.8612201297044316,1.097070455400646,0.9805112369968587,1.0862433365407,1.1417865484008236,1.0171860869486289,0.9662886576542428,1.090958957448917,1.1137345653391746,1.4104817742791493,1.039770753590434,2.760777339266269,0.6834362381286515,0.9154121901355535,2.1622770544520975,1.189643099541895,2.1256530721274123,1.1195523289698668,0.992877988815092,1.2725739786174524,0.9175668342634629,1.1346224891982393,1.3860159516013182,1.7167278662294354,1.2013490869864238,1.29293123423937,1.1499610258847195,1.5051456371090923,1.003702600186155,0.8475526560998012,1.1882546737575472,0.6925010939390175,1.1482943626693327,0.858502530429051,0.9291240894366416,1.6539895897320829,1.0802731526856708,2.4387601518585136,0.9209887262043637,1.3385795580435356,0.8331752996736732,0.9483836353132049,0.9041007244681982,1.1764573502912286,1.41750539188889,0.9887166981518165,1.0175411648353192,1.024915662226759,0.9166506063177549,1.141756042284261,2.439519363464179,1.4635503957393974,1.8262049010261732,1.8780612975091502,0.6867485591688561,1.695151696653257,1.4715333202033256,1.3120402870130614,1.1305100034787232,1.3274508763037205,1.3273760842887063,1.349581278869041,1.1875530777202419,1.9085107801245205,1.1843604852908354,1.6277039783533818,1.2992417770431968,1.3553774827731013,1.7313160829881626,2.478502775969665,1.2301081945151862,1.3734774847968958,2.2199990702423564,1.5868275434842487,1.0511543300577544,1.0854899163460665
1.0,1.0,1.0,1.0,1.0,1.0,1.0,1.0,1.0,1.0,1.0,1.0,1.0,1.0,1.0,1.0,1.0,1.0,1.0,1.0,1.0,1.0,1.0,1.0,1.0,1.0,1.0,1.0,1.0,1.0,1.0,1.0,1.0,1.0,1.0,1.0,1.0,1.0,1.0,1.0,1.0,1.0,1.0,1.0,1.0,1.0,1.0,1.0,1.0,1.0,1.0,1.0,1.0,1.0,1.0,1.0,1.0,1.0,1.0,1.0,1.0,1.0,1.0,1.0,1.0,1.0,1.0,1.0,1.0,1.0,1.0,1.0,1.0,1.0,1.0,1.0,1.0,1.0,1.0,1.0,1.0,1.0,1.0,1.0,1.0,1.0,1.0,1.0,1.0,1.0,1.0,1.0,1.0,1.0,1.0,1.0,1.0,1.0,1.0,1.0,1.0,1.0,1.0,1.0,1.0,1.0,1.0,1.0,1.0,1.0,1.0,1.0,1.0,1.0,1.0,1.0,1.0,1.0,1.0,1.0,1.0,1.0,1.0,1.0,1.0,1.0,1.0,1.0,1.0,1.0,1.0,1.0,1.0,1.0,1.0,1.0,1.0,1.0,1.0,1.0,1.0,1.0,1.0,1.0,1.0,1.0,1.0,1.0,1.0,1.0,1.0,1.0,1.0,1.0,1.5675265706917736,1.1260185127478957,1.4429130255043665,2.2872564820463746,0.9275714125801181,1.123756692454374,1.0796152102646777,1.2930468219199804,1.6922821177475504,1.119571202187036,1.0614580333388586,1.4350664993667266,1.3336207589178604,1.2048364594097463,1.1891668103523432,1.2877869757026814,1.0493372014112305,1.2424435462134271,1.9042951692219068,1.9607048833081906,1.3065493776640258,1.2960783915267426,0.9876633366325965,1.3833585161134567,1.615460262016552,1.0996783034498314,1.13285447844004,0.9807876481785531,2.066090542267988,1.0271837874832888,1.516775247596845,1.6579357376742667,0.9744966796892116,1.0827077834193526,1.4345399329702044,1.2172152613202107,1.430490025898211,1.0154231916627916,0.9404029455485364,1.2722166064174054,1.0921763960614768,1.0409479554794805,1.3273237645638687,1.563145784259309,1.3751906846488413,1.01787440710789,1.252159117727795,2.246175717141172,1.3196910436737808,1.1428574099760804,1.242484278479067,1.2810526530099158,2.375848464318705,1.5926425966549866,1.0669616476286516,1.1914375936844968,1.3120961109105762,1.7159294795209892,1.4793695121185417,1.4200864713390444,1.2638597595094079,1.1326160374257168,0.6470208411374454,1.2318399067804608,1.1857924134445048,1.1558846093764386,1.2894834840578833,1.0241223622387288,1.1931426300957977,1.6192104820384197,1.512110488653676,1.4051130074675506,1.0030921617338522,1.9778984886198874,1.3939205027664965,1.4820224587912865,4.829184591151763,1.917060747660185,1.2568359465404355,1.6810021244831597,2.217133328001453,1.035458752310078,1.0133007384251815,1.3745359119259897,1.3517623235034573,1.2393514614827597,1.040445241532979,1.209815438126633,0.9891805609634522,1.234154031982462,1.3700520298700327,1.0764060289574036,1.0662457635318376,1.3517878703473998,0.8759006623472171,1.2318228482795357,1.3098812057815337,1.095351007878267,1.1346777030450168,1.0921326719133877,1.107731271696231,1.0886935877434842,1.324945475087851,1.4479844479414394,1.1769799232875076,1.521283152775543,2.070040795627005,1.4752554600136563,1.2384527348447967,0.9777430574922663,1.5448378078794973,1.2512098751736338,1.1183657407754874,1.1376818051303097,1.3707145738936921,1.2169083261962097,1.575300154865659,1.5400041682683638,1.214930988880488,1.7621883864616097,1.4029639463832666,1.056066583512596,1.2983390326701676,2.4350325356031592,2.0287809984203564,1.2184300079374732,1.0453165139739395,1.039155994680244,1.1337658931487735,1.1211102876034935,1.1116852085646673,0.9782734511664468,0.9503995455937806,1.1896134942051257,1.4376262250308538,1.0772289700359003,1.0040334211897002,1.0228891380542273,1.119367151653889,1.353802647544648,1.8310801662269902,1.2069130868150921,1.4604344375148597,0.9820347387203823,1.1809587889237703,1.6067676720451625,1.019545306401322,1.3997349255443423,1.3400626281734414,1.128995394749151,1.934047474098689,1.108959127217747,1.6300493127427274,1.4525672947530608,1.380692318280582,1.4828709823939152,0.9159700070178206,1.2603605248362295,0.9987666360762568,1.2567525271215207,1.2992191964867668,1.382915858266168,1.0434808058104612,1.2229118931320002,1.7200604649649351,1.1620016864726648,1.008520568998203,1.1564967872721992,1.0223653551872924,1.4249536244890966,1.2095070488223676,1.5168870324064838,1.6296112138072913,2.56874104547066,1.4371521964111058,1.0751971143091932,0.9583135665425925,1.0924908544757042,1.3710007086531895,1.4630881453440698,1.103251437244024,0.9735134991402576,1.245621789585015,1.1003168854980696,1.2721313968323558,1.0638931745373807,1.1863489536764011,0.8396023355552074,1.1932741618803115,1.4359130699141873,1.4425290141104612,1.1537967978568968,1.3135101675769514,1.2814446106590087,1.2137961969828637,1.198219015836171,1.2815504240840876,1.089501709799293,1.0248169540200174,1.056313055445282,1.318462653864014,1.3794467949941436,1.1224461607338132,1.4846774165647503,1.3906111376860468,1.3200191551146754,1.0809360959732852,0.9386361736260944,1.5207611661815505,1.3477503418586556,1.1961994016764241,1.2406476935301325,1.2209978785714604,0.8642601925324143,1.3444304087483392,1.3852766652533286,1.2168837752371333,1.1359662988074508,1.0002686093867066,1.2244469087783911,1.2275800208278924,1.2177759694007073,1.008869278424582,1.2860672353918372,1.1528887256003473,1.2776532242817658,1.345542936358574,1.197417218386543,1.1382155986641458,1.2795809105672686,1.308442661186155,1.6478061353096347,1.2197029948555473,3.2322693754491496,0.8016372614428617,1.0765658543305439,2.5357399285205746,1.3915616485726243,2.4816496848831315,1.3114143221403705,1.165048625424951,1.4922207690659113,1.0744433837839142,1.3293181834394925,1.6300767052183804,2.027989979509118,1.4099235870468183,1.5114795377992039,1.3483658917250811,1.779386322164819,1.1755784595166046,0.9950272354325802,1.3941304165990502,0.8151587857517766,1.354343059851244,1.0114598974091629,1.0917919500978388,1.9458844614972666,1.2688439326871042,2.8703728461245315,1.077382286807815,1.5681751760810894,0.9758040755533821,1.113463977381524,1.0580718417821775,1.3775303339829956,1.6610172445939315,1.1586998558388069,1.1921504046807607,1.1991758922070423,1.0786729526384329,1.33650203789848,2.8584255436863426,1.7136051680960045,2.121333028759941,2.194864507162795,0.806455054680965,1.9975216448802813,1.725298382744815,1.5369413632228757,1.3204356306662801,1.5539039061679543,1.5526748624483775,1.579643436739589,1.3867404086602293,2.2424437372610466,1.3926379626666532,1.9125560482527018,1.5182007083861682,1.5880668477506603,2.0282896801038923,2.939670554294375,1.4487588485045677,1.6083959568791895,2.596006036769193,1.8578286813268918,1.236294700049375,1.2718872959047185
1.0,1.0,1.0,1.0,1.0,1.0,1.0,1.0,1.0,1.0,1.0,1.0,1.0,1.0,1.0,1.0,1.0,1.0,1.0,1.0,1.0,1.0,1.0,1.0,1.0,1.0,1.0,1.0,1.0,1.0,1.0,1.0,1.0,1.0,1.0,1.0,1.0,1.0,1.0,1.0,1.0,1.0,1.0,1.0,1.0,1.0,1.0,1.0,1.0,1.0,1.0,1.0,1.0,1.0,1.0,1.0,1.0,1.0,1.0,1.0,1.0,1.0,1.0,1.0,1.0,1.0,1.0,1.0,1.0,1.0,1.0,1.0,1.0,1.0,1.0,1.0,1.0,1.0,1.0,1.0,1.0,1.0,1.0,1.0,1.0,1.0,1.0,1.0,1.0,1.0,1.0,1.0,1.0,1.0,1.0,1.0,1.0,1.0,1.0,1.0,1.0,1.0,1.0,1.0,1.0,1.0,1.0,1.0,1.0,1.0,1.0,1.0,1.0,1.0,1.0,1.0,1.0,1.0,1.0,1.0,1.0,1.0,1.0,1.0,1.0,1.0,1.0,1.0,1.0,1.0,1.0,1.0,1.0,1.0,1.0,1.0,1.0,1.0,1.0,1.0,1.0,1.0,1.0,1.0,1.0,1.0,1.0,1.0,1.0,1.0,1.0,1.0,1.0,1.0,1.0,0.7154045403455597,0.9158699404969088,1.4577299451348837,0.5907643736283661,0.7166176814929879,0.6873171894434317,0.8228148239391524,1.0779515532265012,0.7123821741977933,0.679153885580305,0.912198124701973,0.8495648060175427,0.7667186583590521,0.7567128475338619,0.8215545956473842,0.6676655031972161,0.791369584495702,1.2127809392816542,1.2495654126140991,0.8314028952551027,0.8228650272943112,0.628320532657362,0.8815020811291725,1.025439624829964,0.7004740041587,0.7233031170395177,0.6237586519725875,1.3206754655889836,0.6555132041404538,0.9661246202704901,1.056822791249704,0.6216706447405199,0.6910168528099885,0.9184299446346569,0.7742489470061772,0.9102639644843138,0.646091142579077,0.5991706004644168,0.8113356536310763,0.6956076751789877,0.6657538113817116,0.8463375660082771,0.9980778616781771,0.8739695571603576,0.6465297410168811,0.7969327839233942,1.4324343331006526,0.8411843041849656,0.7246030796753234,0.7909608290123509,0.8167814742370849,1.5143858819739449,1.0048075741181397,0.6767364259367219,0.7575505407625776,0.8372954803794646,1.0926694906552212,0.9465636068914727,0.906249233031617,0.8056164342529688,0.722189119871684,0.4119814011746715,0.7866622350112812,0.7536156706852191,0.7357926337866469,0.8207837132831729,0.6502270436585367,0.758433096788956,1.0314837596987032,0.9659635211438051,0.8951958693821114,0.6388120347579223,1.2585977560959158,0.8905146506797093,0.9460992514455193,2.9835673115730694,1.221561190665326,0.7984205765196919,1.0593855666264154,1.413526677600692,0.6589389050476155,0.6458316165257552,0.8763489144362585,0.8615066535542405,0.7886167904352134,0.6628998951815324,0.7703938529795312,0.6300625149667481,0.7848960967672394,0.8721557912077915,0.6834936254836046,0.677651456807218,0.8600476768129095,0.5552032789882133,0.7829565836180294,0.8350035821485217,0.6960488736095644,0.7198695902598158,0.6946295596915206,0.7042433384933022,0.695115849758973,0.8448313631745528,0.9228668401902647,0.7479494703265968,0.9702018747240517,1.3191597997269424,0.9393713474427785,0.7896024821250903,0.6214700730574796,0.9828952555921646,0.7971542695332605,0.7095812216794568,0.7236130085815902,0.8770145827521079,0.7744941351561718,1.0042313000574654,0.9803818245581022,0.7766490495198617,1.1232646819207615,0.8889268548999196,0.672739747232991,0.826590228955178,1.5453604877507976,1.29348975820796,0.7773379982763331,0.6662606052619119,0.6606515042435164,0.7222702741261473,0.7112763406249178,0.707396245077348,0.621742100465368,0.6052301488371074,0.759426453023578,0.9155303203136379,0.6865127449879463,0.6378619585826522,0.6505012080317472,0.71239685950953,0.8640793665785218,1.1699310539593366,0.7696561692603148,0.930539402958845,0.6255199595379498,0.7530960238256702,1.0156405397675896,0.6469455007157187,0.8921118148545807,0.8546879250251322,0.7173122225616617,1.2390595040524883,0.7062365998667084,1.0409314142473043,0.9260630674477514,0.879781017732574,0.9425625784370799,0.5821857238848338,0.8029186737346667,0.635653715822206,0.7966630844535354,0.8276931659859751,0.8805915643184931,0.6642609293989439,0.7810652720892485,1.0962856127131833,0.7398354989915419,0.6389097477544649,0.7313140049486758,0.6508593993679237,0.9079192590736471,0.7706064651884847,0.9660767331795975,1.0390356011204438,1.6329288405727138,0.9121264157821881,0.6838883150034476,0.6081057182163688,0.695190163100148,0.8757692134890249,0.9328881720375446,0.7021762812191172,0.6189963129424438,0.7950967580151942,0.6981755061321535,0.8101225225466554,0.6786494505025227,0.7537714348419491,0.5336370679842957,0.7653791027346686,0.9115195507826109,0.9205798449812029,0.7330309701582447,0.8360273579155658,0.8156149390137294,0.7720498420517933,0.7637359039221174,0.8168096877749613,0.6938852832628979,0.6527056375615823,0.6752642354151106,0.8435188205793401,0.8716273313088195,0.7138101333829906,0.9455827906319185,0.890490532623712,0.8410292668458637,0.6858141066363989,0.5963017293901189,0.9678458414291831,0.8538857494379484,0.7610928195524415,0.7857854859745073,0.7748140783427943,0.5493332576837756,0.8559694042698439,0.8706670691727794,0.7711879876752736,0.7192372786928474,0.6346324534969721,0.7779768725841744,0.7790130072912724,0.7746544556625725,0.642677432513376,0.8163602208160816,0.7300857857749918,0.8094327114080262,0.8485773372621742,0.756526801083572,0.718281312654588,0.8123746599556069,0.830095648155015,1.0522424728664388,0.7737020325427426,2.064696948438443,0.5092966751325833,0.6817578610855861,1.6145705333530644,0.8880614013477917,1.5874132573994622,0.8346142272711974,0.739190934209553,0.9489716258177872,0.6839831438183361,0.8457747876656547,1.034549067989654,1.2782206155742837,0.8963969383849106,0.962426922649807,0.8556575193778753,1.1210302466629956,0.7486354193655309,0.6322559934616468,0.8840436238875462,0.5156651604141528,0.8551179694061917,0.6390466302922704,0.6926874140638963,1.2331592554021413,0.8051746697322981,1.8183126411711057,0.6865920267354128,0.9980571594105209,0.6209624127439253,0.7060093934085819,0.673939852308336,0.8775034091720194,1.0574800503362272,0.7376089143222049,0.7591095816895821,0.7641044652170716,0.6828588247093489,0.8523002656625451,1.815754604453997,1.0910732185272518,1.3644110028775434,1.399137791841643,0.5115324463273779,1.2659121498338046,1.0984491400994174,0.9786634889229008,0.8437553773712951,0.9902482191375255,0.9890597685825329,1.006101699610027,0.885530237190493,1.422804226434149,0.8817301789500154,1.2170434418188134,0.9698881119844265,1.0108418237271575,1.2896235119362403,1.838660242645957,0.9159034755075464,1.024041456574069,1.6572585816311185,1.1843279330287937,0.7839384625067245,0.8088371298988586
1.0,1.0,1.0,1.0,1.0,1.0,1.0,1.0,1.0,1.0,1.0,1.0,1.0,1.0,1.0,1.0,1.0,1.0,1.0,1.0,1.0,1.0,1.0,1.0,1.0,1.0,1.0,1.0,1.0,1.0,1.0,1.0,1.0,1.0,1.0,1.0,1.0,1.0,1.0,1.0,1.0,1.0,1.0,1.0,1.0,1.0,1.0,1.0,1.0,1.0,1.0,1.0,1.0,1.0,1.0,1.0,1.0,1.0,1.0,1.0,1.0,1.0,1.0,1.0,1.0,1.0,1.0,1.0,1.0,1.0,1.0,1.0,1.0,1.0,1.0,1.0,1.0,1.0,1.0,1.0,1.0,1.0,1.0,1.0,1.0,1.0,1.0,1.0,1.0,1.0,1.0,1.0,1.0,1.0,1.0,1.0,1.0,1.0,1.0,1.0,1.0,1.0,1.0,1.0,1.0,1.0,1.0,1.0,1.0,1.0,1.0,1.0,1.0,1.0,1.0,1.0,1.0,1.0,1.0,1.0,1.0,1.0,1.0,1.0,1.0,1.0,1.0,1.0,1.0,1.0,1.0,1.0,1.0,1.0,1.0,1.0,1.0,1.0,1.0,1.0,1.0,1.0,1.0,1.0,1.0,1.0,1.0,1.0,1.0,1.0,1.0,1.0,1.0,1.0,1.0,1.0,1.2818140530414004,2.0307378871017194,0.8233090352005703,0.997446900894191,0.9580696942982635,1.1479853445833674,1.5022549269157564,0.9936064521186659,0.9422380011574873,1.2746482046059482,1.1834574381543597,1.0696250204481195,1.055607430949501,1.1427190175772215,0.9314907505129237,1.1031044642587515,1.690717277202523,1.742026088432194,1.1595331041668466,1.1514265555346908,0.8766381246222785,1.2281409592031416,1.43428504443417,0.9760228602208618,1.0052958838301218,0.8706133605697877,1.8333891379315397,0.9116509199117584,1.345938349181866,1.4713884574106817,0.8648727734185351,0.9610624921061617,1.2721777035007271,1.0803419675863122,1.2697041125576907,0.9015999301759874,0.8344194901390787,1.128991917713575,0.969522593611516,0.9237820026150907,1.1773527570666422,1.3867687119515812,1.2214304667528801,0.9033207662373601,1.1114058230431803,1.9927457859576194,1.1713125548899805,1.0151226241602247,1.1029849762548998,1.1370837314834215,2.1084298202173155,1.417074354406266,0.9474801162264974,1.0577186154973677,1.1639964881768323,1.5227708010593672,1.3126683688540868,1.2605165433844174,1.1216865478726097,1.0055981650112882,0.574575093998146,1.09337084376366,1.0525007355013118,1.0261704369203624,1.1453316437587344,0.9095868613663941,1.05944685337992,1.4372006654407952,1.3415479156701955,1.247144707643842,0.8903791847631883,1.7562024000318397,1.237447204948353,1.3154253861945202,4.306718322803194,1.700896194548914,1.1155626706089867,1.4941191466874255,1.9690758453524753,0.9190443756580958,0.8991046152102457,1.2194860473652396,1.1992403523077613,1.100207107827818,0.9235378388884592,1.0739295085106746,0.8778993886212715,1.095619564296591,1.2163009538984744,0.9555740553562881,0.9465819491611825,1.2001451039608666,0.7776916302210862,1.0935569439308583,1.1626007768896687,0.9720024385119942,1.0075138854257493,0.9691177101026982,0.9834246685451469,0.9661048752959415,1.1758215541835506,1.2854132502921403,1.0447089196426522,1.3495738312552092,1.8377931724511876,1.309752215993362,1.0988558376606086,0.8679210441810923,1.3714765772925994,1.1106811109843118,0.9935073826043698,1.0097094186411504,1.2162323519279274,1.0806391554167507,1.3983382175470829,1.367094594023548,1.078321060837065,1.563520887126415,1.2458418221604233,0.937053926561827,1.1528099410321369,2.1640813836427983,1.8012560336039012,1.0812362083176414,0.9275276979003245,0.9225409999628432,1.0058496257747553,0.9952514299967229,0.9865902850642869,0.8685514597024824,0.8434934954645293,1.0558800902049748,1.2765673017095176,0.9559636382041561,0.8914197094889531,0.9081165198253472,0.9932347468704684,1.2012977482684646,1.6246813068079144,1.0704995935988346,1.2967553191052186,0.8712377256165305,1.0482117911030695,1.4277421940875379,0.904764241368147,1.2421245345643503,1.1888284100866122,1.0020086926146563,1.715511213804854,0.9838192743117407,1.444925128607805,1.2892872477820645,1.225374653755598,1.3173651392479635,0.8130581437460958,1.1183746423351921,0.8863303382362189,1.1161310450386335,1.1531278019184232,1.2276501132094562,0.9260286233535328,1.0838502844567168,1.5270350079758954,1.0313615011777157,0.8953637845447694,1.0273387249011356,0.9071260720022192,1.2644846670354046,1.0737704080781676,1.3469396149176691,1.4458085626700534,2.2805482700306383,1.2753797249271401,0.9542430105762592,0.8512243504032095,0.9696875881338265,1.2164178946237396,1.2985198763274872,0.9793015548509982,0.8642738203827803,1.1050456035365053,0.9771904637722592,1.1290425569464468,0.9442193719691835,1.053643850674364,0.7448243486569296,1.0577778671404257,1.274309071085253,1.279656256574857,1.024750907101568,1.1654144070550299,1.1380575446325198,1.0772357140048732,1.0633668700935395,1.13665990611157,0.9669654131512049,0.909388520102672,0.9368432867184395,1.1691310295667026,1.2249678348607171,0.9964038860974558,1.3180610131177053,1.2344151596631683,1.1717511998688412,0.9600416440867309,0.8334687184285203,1.3494850306181538,1.19738932231424,1.062151235341205,1.10175679855986,1.0841946021294055,0.7670153217665416,1.1930572577064462,1.2316446945732837,1.0808828881854413,1.0091210314209624,0.8877188567679122,1.0870927578124363,1.0900237094169205,1.080695847662386,0.8956122304683579,1.1423623761116497,1.0243096629596635,1.134716440534314,1.1953291254512965,1.0637038399411414,1.0110918025799895,1.136383135538391,1.161843286362123,1.462413754112239,1.0830225212082325,2.862621402930117,0.7116422754851952,0.9564899705935641,2.2527618387883948,1.2342927695148345,2.201923182571404,1.1643027698892772,1.0346857901685576,1.3247566198221663,0.9536013438093682,1.1798637546718567,1.4481318068330618,1.8081198777827239,1.2522686911527896,1.3410910865317105,1.1974471665315527,1.5823565104217112,1.043585533092728,0.8836969963940393,1.2374186554406754,0.7239170455577892,1.2043634837549764,0.8988414358536838,0.9695883189297114,1.7285910808316047,1.1261806821940035,2.5511884859834493,0.9561166917749984,1.3912564610809368,0.8658460427979338,0.9879680957716698,0.9389256875869223,1.2225913534579016,1.4743710970919557,1.0287405407376178,1.058247899270952,1.064927555061514,0.958670208287745,1.1859955394046815,2.5394829550092206,1.5211609147798262,1.8822636165137268,1.944810821774245,0.7161961680709463,1.7746571123149026,1.531816502608775,1.3644327009710944,1.1711395096042791,1.3791321542473887,1.3775724480105196,1.4016321574854067,1.230051813366702,1.9910809787063888,1.236779207674452,1.6950071211790756,1.347883916449353,1.4098455957914153,1.8007787516625995,2.6176940170491942,1.2880218671220076,1.4275731981485658,2.304374753704359,1.649276324561765,1.0982327204152749,1.1287494144179107
1.0,1.0,1.0,1.0,1.0,1.0,1.0,1.0,1.0,1.0,1.0,1.0,1.0,1.0,1.0,1.0,1.0,1.0,1.0,1.0,1.0,1.0,1.0,1.0,1.0,1.0,1.0,1.0,1.0,1.0,1.0,1.0,1.0,1.0,1.0,1.0,1.0,1.0,1.0,1.0,1.0,1.0,1.0,1.0,1.0,1.0,1.0,1.0,1.0,1.0,1.0,1.0,1.0,1.0,1.0,1.0,1.0,1.0,1.0,1.0,1.0,1.0,1.0,1.0,1.0,1.0,1.0,1.0,1.0,1.0,1.0,1.0,1.0,1.0,1.0,1.0,1.0,1.0,1.0,1.0,1.0,1.0,1.0,1.0,1.0,1.0,1.0,1.0,1.0,1.0,1.0,1.0,1.0,1.0,1.0,1.0,1.0,1.0,1.0,1.0,1.0,1.0,1.0,1.0,1.0,1.0,1.0,1.0,1.0,1.0,1.0,1.0,1.0,1.0,1.0,1.0,1.0,1.0,1.0,1.0,1.0,1.0,1.0,1.0,1.0,1.0,1.0,1.0,1.0,1.0,1.0,1.0,1.0,1.0,1.0,1.0,1.0,1.0,1.0,1.0,1.0,1.0,1.0,1.0,1.0,1.0,1.0,1.0,1.0,1.0,1.0,1.0,1.0,1.0,1.0,1.0,1.0,1.5788042727950113,0.6403086589326903,0.775229327149576,0.7451702520487923,0.8933733162259745,1.1685287817048924,0.7729244737528207,0.7320100229494265,0.9934462218879033,0.9198565147197519,0.8324389507630023,0.8213187915167113,0.8881882410032766,0.7246150496057304,0.8580877896818928,1.3152652191078384,1.3560217960300902,0.9019870508368255,0.8976765450151987,0.6819726580896283,0.9547352678482919,1.1170503626542596,0.7589614424098915,0.7809465026206752,0.6774343832516851,1.4241834455549904,0.7082888806745581,1.0463412976519575,1.1440989122479879,0.6722014224521522,0.7469436216539183,0.9865408908553682,0.8400395404676382,0.9878178450286087,0.7020188797911009,0.6486721137023448,0.8778185714794943,0.7544676928566874,0.7172939968568116,0.9149901404269729,1.0765195290351848,0.9509468147363026,0.7031721164212332,0.8644727194392453,1.5485036424172955,0.9106071571322626,0.7913606048016433,0.8580125421723142,0.8838419017223187,1.6381592684078123,1.1085026929674897,0.7384226209036,0.8230690300049288,0.9045660709547881,1.1839140949324516,1.0190993059318194,0.9794513704010487,0.8718868702218221,0.7819176141488766,0.4470464672633505,0.8493323475959406,0.8190148931208059,0.7984770653842738,0.8913849293588226,0.7082886826448975,0.8248951408300129,1.1179456256767222,1.041504971059081,0.9696554052538915,0.6924735036437593,1.3663242672814229,0.9614790926849295,1.0220897731556806,3.4049199963830077,1.319951046755416,0.867891962020113,1.1655649082295514,1.5318240216980028,0.7149124791116653,0.6986246051190086,0.9478249326645398,0.9322414512254736,0.8559703758423394,0.7181173003349044,0.8353593529447939,0.6825504640042561,0.8525696864011717,0.9460687285424401,0.7441509812268428,0.7366022909848241,0.9342078106752794,0.6060838053203894,0.8514966796505257,0.9043330316362265,0.7563142135700252,0.7848773075784599,0.7537211303172572,0.7654180261162027,0.7503186307323422,0.9138589394798593,0.99936932972151,0.8128881531176365,1.0482406439981962,1.4297145880318634,1.0191835814200658,0.8538940009848597,0.6755715196631077,1.0672320921692098,0.8636682771614744,0.7740120431658073,0.7855630622608347,0.9447674125663841,0.8405769120487488,1.0871502895581715,1.0641119902466083,0.8375484290921679,1.2147009923376093,0.9707407768979927,0.7283993058096268,0.8969187525032276,1.6888493578199681,1.400706483626933,0.8402239705430687,0.7209727318425667,0.7182925125844846,0.7818161090771004,0.7752047402096334,0.767373502282742,0.6762174742501823,0.6560177523583106,0.8205148375309383,0.9932174632752913,0.7430039778579768,0.6940635502841378,0.706629173269933,0.7719226978355678,0.9331497838646517,1.2615523864802842,0.8321983066992044,1.008478395095937,0.6772150604152076,0.8144999185139623,1.1155444443247373,0.7043003361112461,0.966056109840508,0.9235690955961833,0.7799061912163792,1.3310780026819327,0.7647523348802651,1.1212884302190753,1.0022620124011246,0.9527985179558858,1.0272540709277573,0.632848421305528,0.8695269685871452,0.6891687103997857,0.8696234196737287,0.8969401313549282,0.9549785152909893,0.7201648811922918,0.841418031394645,1.1873188999455087,0.8018831789546933,0.6977275435322259,0.8018789351643638,0.705440414703445,0.9828580679835583,0.8350957821303495,1.0477642241541516,1.1231383150258838,1.7753561336415067,0.9928715627206873,0.7422457981369489,0.6630249680069349,0.7543893609860965,0.9444418418730703,1.0098077772489045,0.7617944290658349,0.6726590552364525,0.8583707635947679,0.761563088313136,0.8781681076799377,0.7337638237570654,0.820892761239966,0.5796256549079528,0.8190845052901365,0.9921243018634429,0.993860643579906,0.7974881070465115,0.9063239064501437,0.8858255507191138,0.8379695524890709,0.8265977862299944,0.8830448819718488,0.7517700799511124,0.7068902143029951,0.7269557093009449,0.9066972349579934,0.9559236065565757,0.7752604559160694,1.025074694727971,0.9579475893522136,0.9112221249101209,0.7478700996497638,0.6491272102317138,1.049463723194263,0.9340887894364586,0.8272208040569651,0.8591478827930881,0.8445183017011166,0.5967762989067137,0.9278407473590843,0.9655331751991456,0.8430331704934209,0.7865206270756271,0.6910758385365225,0.8466758816059186,0.8494814920102758,0.8405684105879718,0.6967713829937153,0.889531323504785,0.7988485063399993,0.885004538706915,0.932743662905981,0.8299209141200924,0.7891466951761612,0.8849666606275444,0.9057384765288887,1.136369233642612,0.8432856445591466,2.2198226983143075,0.5540519799063461,0.7460253437925393,1.754832285636577,0.9584967357062212,1.7096420008649238,0.9059677188810977,0.8062718605760164,1.0310376889291177,0.7416107324636639,0.917976182849434,1.1301449186075372,1.4155322456868096,0.9758190137175604,1.0422739200688242,0.9322557379252545,1.2382019799752961,0.8118577856891709,0.6885470220825474,0.9635069380429343,0.5647522803475811,0.9415052614402557,0.7018352926847351,0.7557340360383096,1.3493895303801242,0.8772483675066883,1.9912996163954326,0.7429768508902279,1.0818128990718692,0.6732655682044455,0.769176459964118,0.7299242272313041,0.9505623978775941,1.1469134146159912,0.8006108836684409,0.8230781200608253,0.8285114741851239,0.7482292588515147,0.9220273341581892,1.9774500151252337,1.183039598716443,1.4571461484383932,1.508772109332117,0.5577460431298467,1.386134897335061,1.192044689631314,1.0613789597893681,0.9091985428140402,1.0724069542313026,1.0703267124553746,1.08960050545162,0.9546548048660157,1.5513148044633778,0.9650166587607155,1.3178391327519372,1.047126208690444,1.0966568937554173,1.4012797156862429,2.052416775448884,1.006506885452394,1.1102382828112178,1.7913211985759272,1.2828861660503033,0.8565640259925127,0.8780317623099283
1.0,1.0,1.0,1.0,1.0,1.0,1.0,1.0,1.0,1.0,1.0,1.0,1.0,1.0,1.0,1.0,1.0,1.0,1.0,1.0,1.0,1.0,1.0,1.0,1.0,1.0,1.0,1.0,1.0,1.0,1.0,1.0,1.0,1.0,1.0,1.0,1.0,1.0,1.0,1.0,1.0,1.0,1.0,1.0,1.0,1.0,1.0,1.0,1.0,1.0,1.0,1.0,1.0,1.0,1.0,1.0,1.0,1.0,1.0,1.0,1.0,1.0,1.0,1.0,1.0,1.0,1.0,1.0,1.0,1.0,1.0,1.0,1.0,1.0,1.0,1.0,1.0,1.0,1.0,1.0,1.0,1.0,1.0,1.0,1.0,1.0,1.0,1.0,1.0,1.0,1.0,1.0,1.0,1.0,1.0,1.0,1.0,1.0,1.0,1.0,1.0,1.0,1.0,1.0,1.0,1.0,1.0,1.0,1.0,1.0,1.0,1.0,1.0,1.0,1.0,1.0,1.0,1.0,1.0,1.0,1.0,1.0,1.0,1.0,1.0,1.0,1.0,1.0,1.0,1.0,1.0,1.0,1.0,1.0,1.0,1.0,1.0,1.0,1.0,1.0,1.0,1.0,1.0,1.0,1.0,1.0,1.0,1.0,1.0,1.0,1.0,1.0,1.0,1.0,1.0,1.0,1.0,1.0,0.4033431750806222,0.489838146445137,0.469320347731919,0.562022727132812,0.7362582189118467,0.4866744997859717,0.4638561779002779,0.6207572568269624,0.5807672181641039,0.5232548370048051,0.5169526458556913,0.5612570041590855,0.45636216722674794,0.540828548884134,0.8288799407245165,0.8525824478763511,0.567729816089909,0.5610364811283788,0.42950250655831057,0.6032029120876765,0.6999664621850638,0.47827670472942896,0.49434515328629214,0.42601523789651435,0.9015733488324924,0.4484048101121214,0.6604882950076321,0.7212191358167992,0.4249215017780331,0.4719986216687867,0.627451242232776,0.5295772423105176,0.621181880338899,0.44079080655487207,0.40923886283074873,0.5530994022683837,0.4744828766076914,0.45535058035524933,0.5773565848317311,0.6828596149709836,0.598009134191171,0.4409759763966594,0.5446420278569903,0.9750696338559981,0.5749139269879604,0.49426162325178474,0.540700223049436,0.5583346482266198,1.0359259311886773,0.6846999739683022,0.4609100352030225,0.5178831749192477,0.5716200418710706,0.7482093002298444,0.6472087726179692,0.6199252035743303,0.5512440670667547,0.49301746751811054,0.28153765086879523,0.5372424159658146,0.5147935697388935,0.5021867733046776,0.5609328285601549,0.44449452858760086,0.5169359651201259,0.704117181746285,0.6609252553741789,0.6119478581452023,0.43564060507707314,0.8606789962100335,0.6083288370097397,0.6463574687186496,2.0281925531905984,0.8399469064116476,0.5453644041818841,0.7254276788206798,0.96365382722008,0.45042776966159515,0.44162283146404396,0.5988007350729208,0.5887009140477968,0.5387899895147448,0.4527799987127469,0.5258151853880803,0.43070700213863844,0.5352290363725983,0.595934114286819,0.46657512210386526,0.46305843654557866,0.5864797034697836,0.3788268790261786,0.5343970951957612,0.5696207680293043,0.47526794901026265,0.49151332371335565,0.474578611970399,0.48093175869861093,0.47556564409857527,0.5773336061696754,0.6303025614699621,0.5110543702006356,0.6623371809277553,0.8992461178219169,0.641336415465039,0.5399364719934037,0.42438725690263196,0.6702959053857722,0.5448528586467148,0.4860961748304775,0.4943823397299018,0.597590638793164,0.5296467116477216,0.6872701811378099,0.6686370393771784,0.5308866330245339,0.7667493694049222,0.6069425379388134,0.4598815497757346,0.5643909161743319,1.0510105039218784,0.8831777599067812,0.5315507400066097,0.4550902033469342,0.4504303013029791,0.49323990941144713,0.48552722560354744,0.48344615172491767,0.4246439799112589,0.41362246417311477,0.5190680964424255,0.6245404266364618,0.4693293328588971,0.43541051658739083,0.4448036274750744,0.4874156378456822,0.5908335020532314,0.80059297100212,0.5244401241984649,0.6360305495598089,0.4270589391860017,0.5154301046258108,0.6906793771830395,0.44210612050668624,0.6085273846847956,0.58447857283574,0.4895038803713278,0.8476184864556321,0.4823180194608141,0.7107769235562961,0.6331047822070897,0.6008649347452502,0.6412986388677988,0.3975301428368367,0.5488421169385369,0.4348205279629089,0.5444173462300923,0.5651732613184116,0.6017439005870042,0.4537840762423927,0.5324360971405875,0.7488015633622486,0.5063902451021565,0.4363816595129857,0.49833634651362246,0.4443048747889553,0.6200140969623376,0.526188904667733,0.6607044218191358,0.7093339876843836,1.116045586447362,0.6227623387959743,0.4671781035610919,0.41551173844410616,0.4751028320504032,0.5989274200583652,0.6367565068802825,0.479524794719854,0.4228262140186654,0.5442138696487665,0.4761991387186177,0.5521948528361992,0.464314338630811,0.5141798257102854,0.36383116181780706,0.5238985554808664,0.6228233786124561,0.6291513934158881,0.5018497488682835,0.5709091351741316,0.5560565601894385,0.5278558080280448,0.5221455672655554,0.5585078931626668,0.47428827830854176,0.44705960277170936,0.46351984091391196,0.5774078492126669,0.5952679961012781,0.487473548328185,0.6456854750010972,0.6098795408250713,0.5747913913555558,0.4684983166045281,0.40696782728487024,0.661389656942603,0.5820952428446543,0.5198887894093035,0.5356897021431767,0.5295847978190694,0.3751091607123076,0.5844406842444166,0.5882751833416814,0.5258100034257553,0.49140891770573747,0.43367599859040096,0.5308892893364208,0.5315504233596007,0.5289262285501493,0.4385989225973016,0.5593002709872288,0.4978715365932628,0.5513515096426715,0.5787253381092843,0.516122495784492,0.48998668072874074,0.5551805262929541,0.5663398105197619,0.7197359310119142,0.5292362292277343,1.4061857657707693,0.34784048390926603,0.46498429943277997,1.100971593568147,0.606339559440618,1.0855969429742172,0.5704812240968429,0.5053374365136506,0.6476943123240408,0.4675956894349454,0.5780816611783339,0.7037985343180844,0.8699014895788466,0.611382370767396,0.6601097252072409,0.585768702655082,0.7614500679992585,0.5113970100218023,0.4308466576462265,0.6042692798374685,0.3512625730414518,0.5823913705603881,0.43540305388800116,0.4719890387167285,0.8395472059509624,0.5490803245646937,1.2375865228103393,0.46959891994585234,0.6818070660284384,0.42428666880177823,0.48193421429403704,0.4609368271068991,0.5994469683622441,0.7219542450807912,0.5031686404057256,0.5181183241582883,0.5225561948799937,0.46538577743510007,0.5815717818271378,1.245013336240635,0.7462934674506476,0.9367928328998316,0.9595105653480464,0.3490815144348866,0.8591929214435434,0.7490413181434571,0.6681236889734817,0.5770633608592769,0.6766701124834792,0.6766776273042522,0.6877892020004566,0.6061399057064669,0.9697087233152202,0.6016437220107873,0.8256624644917157,0.6633098338339007,0.6903757834139874,0.8820377152218712,1.2535401889236235,0.6239271966263252,0.6999504412078754,1.1311629598613302,0.8085606572175859,0.5335343921803439,0.5527259271371392
1.0,1.0,1.0,1.0,1.0,1.0,1.0,1.0,1.0,1.0,1.0,1.0,1.0,1.0,1.0,1.0,1.0,1.0,1.0,1.0,1.0,1.0,1.0,1.0,1.0,1.0,1.0,1.0,1.0,1.0,1.0,1.0,1.0,1.0,1.0,1.0,1.0,1.0,1.0,1.0,1.0,1.0,1.0,1.0,1.0,1.0,1.0,1.0,1.0,1.0,1.0,1.0,1.0,1.0,1.0,1.0,1.0,1.0,1.0,1.0,1.0,1.0,1.0,1.0,1.0,1.0,1.0,1.0,1.0,1.0,1.0,1.0,1.0,1.0,1.0,1.0,1.0,1.0,1.0,1.0,1.0,1.0,1.0,1.0,1.0,1.0,1.0,1.0,1.0,1.0,1.0,1.0,1.0,1.0,1.0,1.0,1.0,1.0,1.0,1.0,1.0,1.0,1.0,1.0,1.0,1.0,1.0,1.0,1.0,1.0,1.0,1.0,1.0,1.0,1.0,1.0,1.0,1.0,1.0,1.0,1.0,1.0,1.0,1.0,1.0,1.0,1.0,1.0,1.0,1.0,1.0,1.0,1.0,1.0,1.0,1.0,1.0,1.0,1.0,1.0,1.0,1.0,1.0,1.0,1.0,1.0,1.0,1.0,1.0,1.0,1.0,1.0,1.0,1.0,1.0,1.0,1.0,1.0,1.0,1.2124532541081212,1.1632804187716348,1.393055239342848,1.8241710517860874,1.2060771157916825,1.1477042715005874,1.5448458139916619,1.4378350340753596,1.2980422175869262,1.2810830584616175,1.3895003421957481,1.1304826711105598,1.3394233658400827,2.052507561291941,2.114727253350588,1.407601721176353,1.3942477294451365,1.0638671322858286,1.4917783754953156,1.7375848229720097,1.1855029580173357,1.223028696126758,1.0562191147499447,2.23199098254406,1.1086527974791842,1.6350687343380996,1.7878900406901008,1.0516480594106954,1.1687516103886062,1.5514175415867837,1.3113198554424716,1.5411658172784946,1.0937914742647792,1.0139134043230298,1.3723112588880777,1.1772093439784517,1.125227497141883,1.4316100339912317,1.6880566183815655,1.4804838151200084,1.095150936801732,1.3491109766577503,2.4227343412694013,1.4232817538150169,1.2285232958092078,1.3388605536039884,1.3818356663894613,2.5627067109622432,1.707438389009293,1.1471545867385577,1.2830742180307666,1.415983765323921,1.8497588043594089,1.599595003251997,1.532824672584861,1.3631961499305736,1.2219566694953286,0.6975168338569564,1.3302264569110278,1.2765191656384023,1.245594284249394,1.3896785366868505,1.1020008621090063,1.284645775586698,1.7456215788557277,1.6333655404163112,1.5148702948369903,1.0812154186762246,2.1312968929140275,1.5058224717286774,1.5999000118724238,5.108367968025394,2.0686614432841286,1.3528546749738408,1.8013634750136327,2.3917659870145824,1.1155350187550506,1.0928671274088027,1.482599590133899,1.4574840114515992,1.3354026960560557,1.121871853468835,1.3041869097660403,1.066364956632687,1.3290646999974993,1.476541498492735,1.158159762593903,1.1480289782102309,1.4561240335042296,0.9413953007197456,1.3260867622405264,1.4125517117201098,1.1790857416198177,1.2203104069322692,1.1763473642865012,1.1927936674638762,1.1754991144080125,1.429183505938044,1.5617774669604283,1.2671370178206103,1.641273866568557,2.232032143437346,1.5900791242594035,1.3357734611631564,1.0525948801299645,1.6642409740045534,1.34895994078284,1.2028865779945077,1.2252457683331266,1.4818414101821533,1.3115630509603107,1.699073135912089,1.6593541982978597,1.3129051235350495,1.9004819525598686,1.507639445174744,1.1384356648082976,1.399372703274364,2.6189069120365462,2.1881941855095595,1.3148039999394219,1.1272337883696428,1.1188540802652351,1.2222412601347543,1.2056479735953656,1.1976223011900964,1.0532308155490075,1.0244263376195462,1.2842605190137195,1.5497921737448566,1.16166029420119,1.0805930757547109,1.1017882697841128,1.2061687142462851,1.4613536260457347,1.9777921696890213,1.301919288667209,1.5749885579770673,1.058589354716724,1.2743513115038652,1.7233249145915124,1.0964252072623064,1.5092117660194972,1.4456326008597233,1.2151131896711327,2.092162590251807,1.195276463558716,1.759885984706572,1.5667689664411728,1.4886496174021278,1.5959950621273435,0.9860775725265911,1.3587053073457476,1.0761358597409552,1.3510072392311363,1.4005934137636453,1.4904337977380027,1.1245151600583818,1.3199515882264887,1.85514599381666,1.2523714956911978,1.0834480233588217,1.2410183569915472,1.1017004990998895,1.5364377812191492,1.3040598148591436,1.6351539258332681,1.7577959948071955,2.7656530103535752,1.5457592907775761,1.1580381939139945,1.0308554776005039,1.177059118132052,1.480484703161642,1.5781979753560802,1.1887956636339019,1.0483616407348735,1.3445905759819774,1.183353907018692,1.3711163975056846,1.148057415494411,1.2769005155387778,0.9037484510301412,1.2920239321841187,1.544523900176154,1.5570616859874296,1.2421569549414362,1.4151638127590789,1.3810367502345597,1.307410695748728,1.292151114481916,1.3818748629523188,1.1744916747639418,1.1047912981954804,1.1414464961242836,1.4252362351673245,1.4800717689258767,1.2087180597322977,1.600429129039422,1.5043931428212036,1.4232013706356716,1.1626475864880783,1.0101732150186429,1.6385650179997562,1.4481852495293313,1.2885453047002082,1.3326287588970285,1.3133787672792487,0.9304601370675332,1.4488558055854845,1.480775139338628,1.3076873768626713,1.2203564137322627,1.0758611049819264,1.3179244864473585,1.3202548894311397,1.311683400264594,1.0877209924421496,1.3837484434077407,1.2384673014415202,1.3727697178078169,1.4416897021024984,1.2842249372139776,1.2200235146327079,1.3768992152830712,1.40683636857216,1.779426062356181,1.3116728181096602,3.4888079236008456,0.8627751081942195,1.1566306135862157,2.732285222213132,1.5019294019700182,2.6820668747789713,1.412900100123907,1.2530032787208425,1.6068956902485645,1.157867888617584,1.4317639343986202,1.7528423710183254,2.174075577373881,1.51783592179022,1.6290491104432538,1.4506041310093245,1.9049537759323787,1.2670271754168596,1.0709334732800113,1.4992408213702235,0.8749635286653809,1.452054463700666,1.0848929514522596,1.1739978239377626,2.0908017627510835,1.3645204877330301,3.084337644647925,1.1618422402240554,1.6895769150914153,1.0513327831421466,1.1971800159925956,1.1405838334161371,1.4850968284061004,1.7899623382107088,1.248568458890566,1.2849103360500034,1.2932516428439003,1.158543946724774,1.4416355764299922,3.077095903638201,1.8466479185767937,2.302023402399949,2.367213133662439,0.8672773077637737,2.1455524989435952,1.8595205248873619,1.656528789859092,1.4261438036615015,1.675634608147102,1.6737636092365729,1.7027174060294832,1.4973421327851895,2.4115639596216276,1.4955694132104633,2.059623617518996,1.6399434759752392,1.711294456124399,2.18439440437211,3.133642166953403,1.5545978440546426,1.7333765070062421,2.802208210716234,2.003781626441124,1.3290814764790968,1.3696966396866825
1.0,1.0,1.0,1.0,1.0,1.0,1.0,1.0,1.0,1.0,1.0,1.0,1.0,1.0,1.0,1.0,1.0,1.0,1.0,1.0,1.0,1.0,1.0,1.0,1.0,1.0,1.0,1.0,1.0,1.0,1.0,1.0,1.0,1.0,1.0,1.0,1.0,1.0,1.0,1.0,1.0,1.0,1.0,1.0,1.0,1.0,1.0,1.0,1.0,1.0,1.0,1.0,1.0,1.0,1.0,1.0,1.0,1.0,1.0,1.0,1.0,1.0,1.0,1.0,1.0,1.0,1.0,1.0,1.0,1.0,1.0,1.0,1.0,1.0,1.0,1.0,1.0,1.0,1.0,1.0,1.0,1.0,1.0,1.0,1.0,1.0,1.0,1.0,1.0,1.0,1.0,1.0,1.0,1.0,1.0,1.0,1.0,1.0,1.0,1.0,1.0,1.0,1.0,1.0,1.0,1.0,1.0,1.0,1.0,1.0,1.0,1.0,1.0,1.0,1.0,1.0,1.0,1.0,1.0,1.0,1.0,1.0,1.0,1.0,1.0,1.0,1.0,1.0,1.0,1.0,1.0,1.0,1.0,1.0,1.0,1.0,1.0,1.0,1.0,1.0,1.0,1.0,1.0,1.0,1.0,1.0,1.0,1.0,1.0,1.0,1.0,1.0,1.0,1.0,1.0,1.0,1.0,1.0,1.0,1.0,0.9583270310691407,1.1471637081078545,1.5031184859991564,0.9934185787598648,0.9472954727505445,1.2695150917319853,1.185115311054436,1.0686419458615655,1.0551040203796669,1.1454962786804228,0.9312266802517106,1.103694983022057,1.6913339009859865,1.7414724600101528,1.1588020323018642,1.1461360941663186,0.8763764624930084,1.2302193429916357,1.429264766109243,0.9766791330828379,1.008939451384522,0.8697496262931733,1.8424103562670706,0.914815613116551,1.3474339055348228,1.4730968576582568,0.8668228627775102,0.9637203078709,1.2811031467315934,1.0804615926215528,1.2685875299394898,0.9002643045621761,0.8355902396990686,1.1305587041212797,0.9694180937123227,0.9292719848638786,1.179387048943044,1.3934096300403147,1.2195783801142617,0.9008998750325017,1.111302035806046,1.9958016557220224,1.1732796026540342,1.0097547258394417,1.10333389404658,1.1393557313311702,2.1129888251185562,1.3987149285800304,0.9425863994770612,1.0566794197136917,1.1673992020098447,1.5247082526684435,1.3209331811781775,1.2646375017718685,1.1242443859603013,1.006857324496753,0.5747416516610034,1.0969035539654504,1.050872635848366,1.0255044276273395,1.1447900828659543,0.906975343578329,1.0568914380877938,1.4377239245041868,1.3482254044010218,1.2487284125788292,0.8903612001814841,1.7555677608650169,1.2421381655087578,1.3194569317695772,4.139694044883322,1.70851137877975,1.1132954501755892,1.4785426807006639,1.9694215142765192,0.9190861045669009,0.9011193189679817,1.2217852214383036,1.2015849456513013,1.099647376429772,0.9243358188517119,1.0738587994160644,0.8789562802619698,1.094082733458137,1.2161406862130106,0.9529859871501358,0.9450545575086474,1.1981593690084344,0.7737415393458554,1.0909471332616798,1.1637324710321497,0.9703667537392235,1.0035066995729967,0.9688102655028601,0.9819930436510326,0.9698982632567471,1.1783241328900131,1.2867452660106797,1.0431869682912502,1.3528853219076018,1.8375431990690196,1.309621876566271,1.1016274890563298,0.8663892182322623,1.3697765517208533,1.111878282645669,0.9907900217882268,1.0090092798034265,1.2220373589245348,1.0804452819307577,1.4014352320074153,1.3660758846911973,1.083834850795693,1.5664290619033654,1.239342786594551,0.938450774446749,1.152288570051888,2.149706662259215,1.8035447043291168,1.084370199483509,0.9289284756944336,0.9204217242373968,1.0069020342110846,0.9916136067437782,0.9865352115054147,0.8668517933851596,0.8442629363669584,1.0595282477122514,1.2761086859341308,0.957554277453099,0.8889909879266884,0.9076630779821242,0.9941841967674404,1.2056680446923953,1.6326994005932425,1.0720899734144624,1.2976272219735048,0.872219148880666,1.05142734969071,1.4128483392851592,0.902019548981275,1.2430915410111532,1.1924094034289165,0.9998394648402191,1.728458227305888,0.984723439513836,1.451985948484459,1.2917920104316032,1.2267590227815424,1.311867071511847,0.8116863724941874,1.119946308187981,0.8869091511481151,1.111039252207115,1.1540334249338204,1.2281436113515642,0.926382329234086,1.0882566650753813,1.5282100779597,1.0325034515846898,0.8907756283433084,1.0186296067035414,0.9072241916178401,1.266105733542838,1.0744220154957658,1.3478351791760916,1.4489478805697917,2.2771976431023817,1.2714178724285006,0.9536455815673905,0.8481243868729891,0.9696395456717954,1.2219266687936325,1.3004694903494167,0.9792404419344674,0.8630094888029565,1.1094848178361902,0.9728629676512806,1.129083849384741,0.9471665986049156,1.0502899470807292,0.743453878834466,1.0683976284222032,1.2710129204929013,1.2843821774503152,1.0229544530814694,1.1656469930204334,1.1370816679227151,1.0770222518017345,1.0653047566403928,1.139769598647872,0.9678459397402202,0.9110210546969137,0.9439214139465413,1.177222790045089,1.2147388958003154,0.99538100678768,1.3181842028473179,1.2433579228857083,1.1730301806228387,0.9563206817477938,0.8312262640698642,1.3493641660162852,1.1893153704112613,1.061177849472544,1.0944696114277899,1.0803400818945597,0.765797845315443,1.1934665380448353,1.2073691205066508,1.0743077713603377,1.002670634700576,0.8849443357226039,1.0842635875810087,1.0854620892954752,1.0800862803370954,0.8956694791756603,1.1391901989833477,1.0173851123900244,1.1272241144757427,1.1820111483853406,1.0541809429624807,1.0006484168747485,1.1329523072596484,1.1566111270982526,1.4679336604629047,1.0794417905891962,2.8738268370244553,0.7099810940538193,0.9495418605935705,2.2499751326058357,1.2382870175743863,2.2150072777898915,1.164265498941555,1.030999659647223,1.3223096344837069,0.9539475979290474,1.1797507738011173,1.439336831832828,1.7795987065053724,1.2488654203705092,1.3437358892880202,1.1937828458862316,1.5585333471096636,1.0439307295269002,0.8806575024523747,1.2329546397576785,0.7179754463015278,1.189953130245394,0.8898510646530043,0.9648727253281641,1.7160923051277694,1.1215924588177024,2.5306359489290453,0.9581322969040016,1.3913684114244012,0.8660468576658565,0.9840754609395781,0.9401792790536738,1.223754810904368,1.4742292922885867,1.0283781910214582,1.0583182025214861,1.0661617831160517,0.9511454677753393,1.1883237898414123,2.535014861698899,1.522173908018842,1.908790193292729,1.9524824205579132,0.7130286001735868,1.7592248155686598,1.5303361446939387,1.3646152902303328,1.1769950508608882,1.3809209979996302,1.3799157625092482,1.40357266454546,1.235931834642339,1.9817027538462169,1.2285082201822448,1.6924728559595246,1.3531937037236073,1.409523978709859,1.799230731378049,2.557963340968305,1.2751417303796198,1.4282712870390974,2.3128795327432603,1.65162855127996,1.091473220440918,1.1279783558270455
1.0,1.0,1.0,1.0,1.0,1.0,1.0,1.0,1.0,1.0,1.0,1.0,1.0,1.0,1.0,1.0,1.0,1.0,1.0,1.0,1.0,1.0,1.0,1.0,1.0,1.0,1.0,1.0,1.0,1.0,1.0,1.0,1.0,1.0,1.0,1.0,1.0,1.0,1.0,1.0,1.0,1.0,1.0,1.0,1.0,1.0,1.0,1.0,1.0,1.0,1.0,1.0,1.0,1.0,1.0,1.0,1.0,1.0,1.0,1.0,1.0,1.0,1.0,1.0,1.0,1.0,1.0,1.0,1.0,1.0,1.0,1.0,1.0,1.0,1.0,1.0,1.0,1.0,1.0,1.0,1.0,1.0,1.0,1.0,1.0,1.0,1.0,1.0,1.0,1.0,1.0,1.0,1.0,1.0,1.0,1.0,1.0,1.0,1.0,1.0,1.0,1.0,1.0,1.0,1.0,1.0,1.0,1.0,1.0,1.0,1.0,1.0,1.0,1.0,1.0,1.0,1.0,1.0,1.0,1.0,1.0,1.0,1.0,1.0,1.0,1.0,1.0,1.0,1.0,1.0,1.0,1.0,1.0,1.0,1.0,1.0,1.0,1.0,1.0,1.0,1.0,1.0,1.0,1.0,1.0,1.0,1.0,1.0,1.0,1.0,1.0,1.0,1.0,1.0,1.0,1.0,1.0,1.0,1.0,1.0,1.0,1.196892104719598,1.5675573799012574,1.0366242171750528,0.9851426066291341,1.3266702292541965,1.2353915888514577,1.1151218446919045,1.1009624800462712,1.193664789266232,0.9714628282101728,1.1507670745918577,1.763729848721003,1.8155732952611578,1.209324592246043,1.197969706853333,0.914391268194627,1.2819262913025247,1.4937676035638177,1.0184849347381568,1.0506328937754175,0.9077772154939889,1.9178308132047368,0.9525582907616907,1.4052109280044864,1.5362004960552829,0.9031032966220776,1.0035951054908054,1.332061394573815,1.126943863895622,1.323864049184176,0.9397776768927903,0.8712425921344755,1.178858363151221,1.0113023232681844,0.9662597957560969,1.2298597548058008,1.4499354332702694,1.2725621893190868,0.9414537841451098,1.1593519300191466,2.081237948050743,1.2228215090368972,1.0559372563346674,1.1507706011923209,1.1872380370938918,2.20173217017384,1.466767261851995,0.9860989242424717,1.1025557777898953,1.2164460765917995,1.589332254382862,1.3732995923844065,1.316637140639025,1.1712667033439104,1.0492732964053098,0.5991221372736488,1.1421377984254182,1.0971095677670866,1.069978566047729,1.1939346493538092,0.9470817217319932,1.1039716282963532,1.4994224912271987,1.4028710525097612,1.3018236559247591,0.9287027586182406,1.8308594800709534,1.2926782616147183,1.374192260429529,4.398399903078726,1.7767874858167012,1.162483748143277,1.5489298962291054,2.0531807590606475,0.9588872550913758,0.938940453314465,1.2735981042961708,1.2529491163359197,1.1470008462459982,0.9636763216343511,1.1200147777990805,0.9163753620522294,1.1423661123487594,1.2686219183345713,0.995492816244786,0.9863746381842488,1.2507849780109876,0.8091793491108786,1.139315883743022,1.2135030738011916,1.0133629818260121,1.0487002771446656,1.0109998800120117,1.0249380310473795,1.009701921871021,1.2281638601377212,1.3410737420686116,1.0889194123044064,1.4100316308640939,1.9171484644558645,1.3659435627237784,1.1480246654921644,0.904640824458762,1.429725936735778,1.1591589670705962,1.0343495303273316,1.0531674866478493,1.2718955471713467,1.1263225546957247,1.4600934213349026,1.4256398273794961,1.1272720748921903,1.6330081671725625,1.296006383718312,0.9785565618066012,1.2018657343997816,2.248963533133453,1.8800734500230414,1.1296163685852134,0.968544400077062,0.961410683340274,1.0501699742218071,1.0363093799577414,1.0293221089566105,0.9050289126074047,0.8804264604281031,1.1032980370577974,1.3310502353365434,0.9981050574402419,0.9286129845009816,0.9467611246742219,1.0365876341108864,1.2554779244332304,1.6991328068502396,1.118274462670511,1.352566239589192,0.9097002598585973,1.0948219269600192,1.4819552266999125,0.9426287876350199,1.296516169148803,1.2425576757589376,1.0442917296020293,1.796851393002544,1.0271961934752527,1.5121450361788427,1.34613057764856,1.2793316951168898,1.371298925972169,0.8474799418278238,1.167869754486699,0.9250005403169373,1.1613312915380645,1.2035078330342968,1.2808340154839084,0.9663248314243049,1.134109274581202,1.5933319686172613,1.0764784817004829,0.9318512169134402,1.067175466725212,0.946651038259338,1.3200917322620853,1.1203398827556006,1.4050900231258088,1.5101232061618997,2.3778284859661065,1.3288858705008695,0.9952581987534636,0.885925529400099,1.0115428379482645,1.2720321595920694,1.35563284084077,1.0215971226658094,0.9008247588567463,1.155240086188026,1.0170026167739286,1.1780504498271807,0.9864334920871161,1.0970227672390476,0.7766978196331689,1.109243265012072,1.327999943161157,1.3377316453815342,1.0673625961283029,1.2163312483128892,1.1865972723936484,1.1236408299390028,1.1103502518492903,1.1879878600249913,1.0092066849293508,0.9494195270567375,0.9808431764964038,1.2243290605695951,1.272101881161921,1.0389100583069957,1.3749387501690595,1.2916523419335024,1.2229468366957772,0.9991382204527309,0.8681311162350004,1.408054369422065,1.2441446796558235,1.1072542888395858,1.1456222506317357,1.128580536084251,0.7995037761137764,1.245026631859819,1.2720921498480575,1.1240541527357033,1.0487109197983253,0.9244421942720566,1.1325936445988185,1.1346597046114075,1.1273005252570085,0.9341393096478929,1.1892953730877758,1.0645276438037063,1.1796688110770752,1.2400283582603344,1.1046640619341346,1.0491449393995675,1.1829855656527306,1.2094019061614412,1.5282016284347946,1.1275598852243276,2.997147120630577,0.7415111350783021,0.9936878179912921,2.348141583089636,1.290095052936354,2.3040148536354703,1.214444330685379,1.0769746828584474,1.3806737973220138,0.9950071307443766,1.2306798436912887,1.5059383906605808,1.8657057236405283,1.3044617569080852,1.4004452869051685,1.2464652084009908,1.6379837599098042,1.0887835365776575,0.9202289954909011,1.2881435076908923,0.7521446530826086,1.2479190832304883,0.9326453342610138,1.0089008087722104,1.796374804521473,1.172600918811488,2.648929781884568,0.9984363203588531,1.4516718689240766,0.9035382762151277,1.0287324988599704,0.9802038693821605,1.275867919103612,1.537878466157673,1.072895541627796,1.1038653040481687,1.11101182305217,0.9955535335173169,1.2387457992848003,2.643785017476302,1.587283107481443,1.975251799734595,2.033656292530544,0.7452473744408357,1.843453218551331,1.5967237959819696,1.4233399850678183,1.2252118571024782,1.439504660406079,1.4387798440790478,1.4636478959895107,1.2864870489258442,2.072353646742446,1.2859448950415198,1.769679723686103,1.4082465842513965,1.470338653788947,1.8771453360631851,2.6956430337993256,1.3362584673816493,1.4895242966909314,2.4073461120594146,1.7215057355917667,1.1419544549644018,1.1772318020143455
1.0,1.0,1.0,1.0,1.0,1.0,1.0,1.0,1.0,1.0,1.0,1.0,1.0,1.0,1.0,1.0,1.0,1.0,1.0,1.0,1.0,1.0,1.0,1.0,1.0,1.0,1.0,1.0,1.0,1.0,1.0,1.0,1.0,1.0,1.0,1.0,1.0,1.0,1.0,1.0,1.0,1.0,1.0,1.0,1.0,1.0,1.0,1.0,1.0,1.0,1.0,1.0,1.0,1.0,1.0,1.0,1.0,1.0,1.0,1.0,1.0,1.0,1.0,1.0,1.0,1.0,1.0,1.0,1.0,1.0,1.0,1.0,1.0,1.0,1.0,1.0,1.0,1.0,1.0,1.0,1.0,1.0,1.0,1.0,1.0,1.0,1.0,1.0,1.0,1.0,1.0,1.0,1.0,1.0,1.0,1.0,1.0,1.0,1.0,1.0,1.0,1.0,1.0,1.0,1.0,1.0,1.0,1.0,1.0,1.0,1.0,1.0,1.0,1.0,1.0,1.0,1.0,1.0,1.0,1.0,1.0,1.0,1.0,1.0,1.0,1.0,1.0,1.0,1.0,1.0,1.0,1.0,1.0,1.0,1.0,1.0,1.0,1.0,1.0,1.0,1.0,1.0,1.0,1.0,1.0,1.0,1.0,1.0,1.0,1.0,1.0,1.0,1.0,1.0,1.0,1.0,1.0,1.0,1.0,1.0,1.0,1.0,1.3089263537635807,0.8654154022596001,0.8224922582627647,1.1094104716532267,1.0312494533604064,0.9316134257694206,0.9194469017461622,0.9964239413697161,0.8112610148689822,0.9611482901328621,1.4731581024991445,1.5178267688973701,1.0100438333734452,1.0017754974876842,0.7634721593920796,1.070313664930396,1.247943395017289,0.8504562636888813,0.8768433416558585,0.7580646681415705,1.5995744610676488,0.7949721432773974,1.1729299896381122,1.2825749895257987,0.7540751039275481,0.8381104445934227,1.1112016743175683,0.9406688814740116,1.1058393955468002,0.7852021139197889,0.7271264541771199,0.9842545800998801,0.8446965098056283,0.8063245879666459,1.0265982734694863,1.2094279341612633,1.063173104369429,0.7861648031631812,0.9681075123048044,1.737117330644101,1.020895546691564,0.8825573344323385,0.9608481449632627,0.9911703548600999,1.8377624336496607,1.2295144949154024,0.8239623846992248,0.9209045070237258,1.0151999187146665,1.326949273539182,1.1459828874915514,1.0992186097647023,0.9777111314688853,0.8765815900389826,0.5004766292790372,0.9536091727278967,0.9162169667253774,0.8938451703770529,0.9975118202073645,0.7914111060074954,0.9219952315909665,1.2523670276125003,1.1705229576731795,1.0867618425759789,0.7756998985338641,1.5295785752267133,1.0793132189261925,1.1472953714740748,3.7047377995149926,1.4820806683294057,0.9708791427371077,1.2954707857962546,1.7162338465910176,0.8004855144383514,0.7836182034351373,1.063042266942562,1.0453167959808993,0.9582582476785193,0.8048023317829474,0.9353622633637886,0.7649617582263606,0.9538605147016357,1.059476356276598,0.8313459361098662,0.8238938071768956,1.0453371992947087,0.6761155731681714,0.9521129911708354,1.0133757025264547,0.846063570128677,0.8762506589160854,0.8438585682140759,0.8559547427255428,0.8427023591473277,1.0250817453422258,1.1202839290355349,0.9092694063418498,1.1765497941532965,1.6015722968832744,1.1409387354402474,0.9579882582162838,0.7555266756256496,1.1941595894320876,0.9678894386874904,0.8640437409304291,0.8792807002568059,1.0615007793798918,0.9410237002259237,1.218975989960728,1.190835011169904,0.9409676440704698,1.3627880763208484,1.0828298620884433,0.816617413387242,1.0041774321823347,1.8825819392551257,1.5700187257796496,0.9428122645007024,0.8084495433716001,0.8030890367217933,0.8765508086478604,0.8655274108017781,0.8593417998018407,0.7559881393433712,0.7348644014491557,0.920915919578722,1.1121435151847405,0.8332242232827292,0.7758490455580405,0.7906556269109587,0.865217600678135,1.047666630177011,1.4176265361413316,0.9332386291739618,1.1300354330353857,0.7591587007628912,0.9136857195224973,1.239834548868354,0.7869855809198493,1.082548671931081,1.0366389643959943,0.8720264378063831,1.4986591953488297,0.8572203878570056,1.2605484525951796,1.1238473055594727,1.067934317687556,1.1466404271908246,0.7077555700455219,0.9746781192234817,0.7720991880753681,0.9703659339719062,1.0048795055738684,1.0695413860105403,0.8066509646141088,0.9460238587836137,1.3311254779487536,0.8984144588549565,0.7783839656286241,0.892172197487335,0.790282212978962,1.102037846310846,0.935690078794136,1.173480426192104,1.2602357888821392,1.9855189834223346,1.1095160445451864,0.8309351610939799,0.7404159761608102,0.8444730412418671,1.0613473588505087,1.1320218688380237,0.8528946433025553,0.7524431517999548,0.9640759227950758,0.849888670644269,0.9835681116396295,0.8232304807774724,0.9169738404904946,0.648376659401396,0.9247278045034032,1.1088212740837462,1.1158047838402774,0.8918456897508399,1.0152546087171044,0.9908427050220505,0.937980803998512,0.9268991202837211,0.9909232051720065,0.8425513476072696,0.7924692274944829,0.8175927986094242,1.0207239438897517,1.0634871244558308,0.8675928740113223,1.1484041134212837,1.0780548789730626,1.0210857441138999,0.8348427489468786,0.7253727487174904,1.1756090665586805,1.0406753049690443,0.9249993752212692,0.9576286571669038,0.9431517308808535,0.6676666305034936,1.0393248302172715,1.0666541158493672,0.9396195872417434,0.8769152014163236,0.772102561603172,0.946095098334863,0.9481332031435462,0.9410910349713962,0.78029272276478,0.9938793166184453,0.8900063612054124,0.9862294917177146,1.0368511747399314,0.9234437395383304,0.8772535245537776,0.9885815501353163,1.010683839859,1.2752923566291057,0.9418458545742492,2.499557970691396,0.6194096965320719,0.8311667771296319,1.9624975298712446,1.0765685700399983,1.9221697412741947,1.0141375070743806,0.8999907976692229,1.1535062558123441,0.830766381252819,1.0277010096190156,1.2596244464337258,1.566360433359137,1.090272967624704,1.1686164456433101,1.0416703359535984,1.371920413063444,0.9092392857223468,0.7690649776172747,1.0758803822587768,0.6288264538704088,1.0451251010707048,0.7802334377589457,0.8431951679677168,1.502739474764908,0.9797561070170305,2.216871019559141,0.8332612297970028,1.2120585409091462,0.7541570029793112,0.8590565163158056,0.8182162922656098,1.0653548137673616,1.2844428826291319,0.8959640084152942,0.9218560843151575,0.9277646286412579,0.8328904119085141,1.0339060658958297,2.2103826747040647,1.3253573552975264,1.6467427945597577,1.696723662792212,0.6227944436842999,1.5426950408314966,1.334327746104457,1.1885783703418897,1.0220816586021675,1.2020276102856067,1.2005010931446582,1.2214283484448512,1.0729427599096115,1.7319664775347077,1.0748569797516634,1.4769114579745959,1.1758443962170957,1.2280638375286026,1.5677382040279522,2.2621063493527336,1.1182009147684133,1.2437637940688955,2.0087481567312038,1.4373982796922034,0.9548181723651481,0.9828610576451802
1.0,1.0,1.0,1.0,1.0,1.0,1.0,1.0,1.0,1.0,1.0,1.0,1.0,1.0,1.0,1.0,1.0,1.0,1.0,1.0,1.0,1.0,1.0,1.0,1.0,1.0,1.0,1.0,1.0,1.0,1.0,1.0,1.0,1.0,1.0,1.0,1.0,1.0,1.0,1.0,1.0,1.0,1.0,1.0,1.0,1.0,1.0,1.0,1.0,1.0,1.0,1.0,1.0,1.0,1.0,1.0,1.0,1.0,1.0,1.0,1.0,1.0,1.0,1.0,1.0,1.0,1.0,1.0,1.0,1.0,1.0,1.0,1.0,1.0,1.0,1.0,1.0,1.0,1.0,1.0,1.0,1.0,1.0,1.0,1.0,1.0,1.0,1.0,1.0,1.0,1.0,1.0,1.0,1.0,1.0,1.0,1.0,1.0,1.0,1.0,1.0,1.0,1.0,1.0,1.0,1.0,1.0,1.0,1.0,1.0,1.0,1.0,1.0,1.0,1.0,1.0,1.0,1.0,1.0,1.0,1.0,1.0,1.0,1.0,1.0,1.0,1.0,1.0,1.0,1.0,1.0,1.0,1.0,1.0,1.0,1.0,1.0,1.0,1.0,1.0,1.0,1.0,1.0,1.0,1.0,1.0,1.0,1.0,1.0,1.0,1.0,1.0,1.0,1.0,1.0,1.0,1.0,1.0,1.0,1.0,1.0,1.0,1.0,0.6609611308347538,0.6289658793526726,0.8462556110527248,0.7878682973714195,0.7112382169534888,0.7021399738609677,0.7614338417751982,0.6195884352820915,0.7341588890160484,1.1252569311430576,1.1590835853186667,0.7710866200634727,0.7641234768396079,0.5830736101781437,0.8179006073055318,0.9522742847097976,0.6496025910453528,0.6703579557096964,0.5788680983135114,1.2236954095747337,0.6077858021742976,0.8960608624386688,0.9798183210192017,0.5762003772816627,0.6404549744811,0.8499675004998105,0.7185550071403313,0.8442574805780296,0.5994376637401009,0.5555785331033221,0.7519665440109866,0.6450735054132959,0.6167445482360528,0.7841642712114129,0.9249265622562912,0.8117289242668551,0.6000534513880494,0.7393940759763835,1.327239877147169,0.7800759089768238,0.6732171176792937,0.734010209235385,0.7574611649346166,1.4042958582290432,0.9354773469317175,0.6285143011662044,0.7031077397605902,0.7758181828154271,1.013536811100409,0.8765202398260719,0.8402183508292367,0.7471513893065602,0.6695602500794656,0.3822671350444047,0.7288869089843827,0.6994524401732756,0.6824830371159007,0.7618246776658798,0.6039961430829182,0.7039525374335791,0.9564339433468599,0.895015292700978,0.8304236502035132,0.5923916055920497,1.1679672972305313,0.8251117592068437,0.8769087996373229,2.7982859167879695,1.1331942505269494,0.7410789367938286,0.986887024620098,1.3104722762635705,0.6114721822959305,0.5988486795622994,0.81224524494215,0.7988803472615947,0.7315785084684224,0.6147404057966167,0.7144001048805477,0.5844390198026648,0.7284433908383104,0.8091781298736342,0.6346308538014979,0.6289731255033284,0.7977841725096473,0.515730191793637,0.7264791927944494,0.7740998889578139,0.6459074528218236,0.6685421315362069,0.6445002129587036,0.6536023716555607,0.6442127893811496,0.7834125342376557,0.8556371487131968,0.694229715455688,0.899165829824268,1.2230579396544154,0.8713454721609809,0.732184019444128,0.5767955824574132,0.9118320035140266,0.7394746310086038,0.6597338083393285,0.6714630356993156,0.8116537228953702,0.7186277684675364,0.931573481486311,0.9092883478902196,0.7195419715547852,1.0413964708994663,0.8260270572677421,0.6239888319190839,0.7667582415730142,1.4347575575963072,1.1996787747323845,0.7206168614051615,0.6176850702623838,0.6130294394659059,0.6695992554969767,0.6605182901779265,0.6563249508189835,0.5770965658254873,0.5614807721093182,0.7039960672867446,0.8492241232211319,0.6366098376510121,0.592077825187316,0.6038224235346991,0.6609525290310269,0.8009761568175986,1.0840315799061706,0.7129451447547541,0.8630621617371683,0.5799979504816197,0.6984638104037388,0.9444358875477477,0.6006604418231949,0.8268956445173623,0.7924342389710353,0.665678765664786,1.1468491518013597,0.6548684211158255,0.9639070081049526,0.8588128276622206,0.8159466039175454,0.8748383538603806,0.5403384828806818,0.7447301467559709,0.5898221417996309,0.7403231011890243,0.7676490319099705,0.8170284691068367,0.6161720497264354,0.7230025062982602,1.0165630496911413,0.6865513238211929,0.5938012915635659,0.6800033639736953,0.6035470685840068,0.8418822167139115,0.714749800356987,0.8965240194414328,0.9630286307141074,1.5160602233558622,0.8467965309825889,0.6345656825032138,0.5649675315176839,0.6450522444815816,0.8115966514060684,0.8647565840495408,0.6514875513273943,0.57445988156298,0.7368976555232869,0.6484342004828083,0.7512703623204713,0.6293090125352607,0.6996709593639242,0.4949319758626569,0.7078801845108122,0.8462629119625074,0.8530851925719686,0.6808186806486358,0.7754445449264183,0.7569137695921659,0.7164159657221629,0.708272743385715,0.7573873437276482,0.643647409764987,0.6055121868758874,0.6257448176951367,0.7810537288359951,0.81033229693082,0.6624977765973157,0.877072215470252,0.8248874627676137,0.7801699139745373,0.6370842383996689,0.5536296223948682,0.8977226397196549,0.7933070344309266,0.7062950821440173,0.7301102566197304,0.7195291450642531,0.5097042506363019,0.7938698022947901,0.8100812398826394,0.7165745973080928,0.668546393302617,0.589152612538361,0.7221268355929658,0.7233648958513137,0.7187085034709699,0.5959229685395571,0.7585193078843347,0.6787055029688871,0.7518790608310822,0.7897892164486602,0.7038629920622521,0.6683087317164003,0.7543733590678638,0.770927293117833,0.975143136322253,0.7188507938103424,1.9093945571952702,0.4727772359199262,0.6335216112019861,1.4985920216762243,0.8227479152719717,1.47048415930331,0.7746534295232148,0.6867467983416794,0.880509073758486,0.6345464982989306,0.7848307604414322,0.9604029952367328,1.1917088015104709,0.8321073013561919,0.8930742734415953,0.7948420754031673,1.0438672273297784,0.6945305210061964,0.5869021291972774,0.8208452665232853,0.4792539789196548,0.7957362143639243,0.5944035356523705,0.6432215096875706,1.145285871745516,0.7473079149546571,1.689227770126852,0.6368309931023144,0.9254579414059986,0.5760308423328355,0.6553377711473125,0.6251139780000968,0.8138256746871135,0.9808886700794418,0.6843812772922148,0.7041028616079092,0.7090207829423301,0.6348365034163277,0.7901135917996589,1.686969408008236,1.0124927577694942,1.2623450224781632,1.2956293035071877,0.47514206805712556,1.1753292207239405,1.0185621301760264,0.907900272453239,0.7815614146884373,0.9182267565691942,0.9174355938662428,0.9332373138826949,0.8206085344732004,1.3210923320053158,0.8194499963336208,1.126814160778474,0.8990061175082833,0.9378778255041964,1.197246993611314,1.7174753939443672,0.8521052855932103,0.9500320443603743,1.5363269731203362,1.098318005866544,0.7281230378057368,0.750562507321431
1.0,1.0,1.0,1.0,1.0,1.0,1.0,1.0,1.0,1.0,1.0,1.0,1.0,1.0,1.0,1.0,1.0,1.0,1.0,1.0,1.0,1.0,1.0,1.0,1.0,1.0,1.0,1.0,1.0,1.0,1.0,1.0,1.0,1.0,1.0,1.0,1.0,1.0,1.0,1.0,1.0,1.0,1.0,1.0,1.0,1.0,1.0,1.0,1.0,1.0,1.0,1.0,1.0,1.0,1.0,1.0,1.0,1.0,1.0,1.0,1.0,1.0,1.0,1.0,1.0,1.0,1.0,1.0,1.0,1.0,1.0,1.0,1.0,1.0,1.0,1.0,1.0,1.0,1.0,1.0,1.0,1.0,1.0,1.0,1.0,1.0,1.0,1.0,1.0,1.0,1.0,1.0,1.0,1.0,1.0,1.0,1.0,1.0,1.0,1.0,1.0,1.0,1.0,1.0,1.0,1.0,1.0,1.0,1.0,1.0,1.0,1.0,1.0,1.0,1.0,1.0,1.0,1.0,1.0,1.0,1.0,1.0,1.0,1.0,1.0,1.0,1.0,1.0,1.0,1.0,1.0,1.0,1.0,1.0,1.0,1.0,1.0,1.0,1.0,1.0,1.0,1.0,1.0,1.0,1.0,1.0,1.0,1.0,1.0,1.0,1.0,1.0,1.0,1.0,1.0,1.0,1.0,1.0,1.0,1.0,1.0,1.0,1.0,1.0,0.9497663798576035,1.2797029702616105,1.1917530404114065,1.0756749547151392,1.0620056192624843,1.1511943901364896,0.9372055810431461,1.1099629937930013,1.7011229114544812,1.750936563783509,1.166648371761203,1.1557008525537102,0.8821360152905355,1.2364632133908637,1.4412069406825165,0.9823662302286389,1.0131286657546381,0.8757228956617622,1.8486531444649057,0.9186448194279078,1.355476038693328,1.4813978797890097,0.8711493344287375,0.9678098280546249,1.2841432005138265,1.0873763270912957,1.277111565513566,0.9064583413971059,0.8403646278848969,1.136663413663229,0.9753721760122906,0.9316558028497272,1.1860178582455128,1.3985173112151483,1.2277691927257395,0.9082415005096893,1.1184381729121506,2.006524516988551,1.1794243057254914,1.0189133162563178,1.1099919755794376,1.1450352825957952,2.123822993342432,1.4159762166277514,0.9512828380276213,1.06381459612445,1.173039288771073,1.5334533058669064,1.324114871973061,1.2698360816618073,1.1298402111365016,1.0119356801381878,0.5779463116716338,1.1013712760590662,1.058537259856434,1.0320929157815968,1.1516461972843033,0.9138655201504335,1.06485913335321,1.4462812524260005,1.3529613085249048,1.2556665264892077,0.8957279914771621,1.7664886750101316,1.2465476615849047,1.3250571559840902,4.256104607072848,1.7155009416865359,1.1217735642246813,1.4964522920856413,1.9799482179968855,0.9250041031936975,0.9057821585924933,1.2285685755389806,1.2083553091812993,1.1066642413545111,0.9295159357455923,1.080529007584372,0.8839338709516588,1.1017583533726807,1.2237751376424737,0.9605720370673916,0.9518301106233257,1.2064440837170505,0.7809512030065087,1.0992139933917682,1.1702314711364763,0.9778088489853647,1.0120854122274106,0.9754331302509052,0.9889150966780138,0.9737939402164815,1.1844074539710145,1.2936293695070595,1.0507543969406958,1.3598486007069663,1.8487379762403402,1.3175728207389712,1.1072192805062682,0.8727821320749319,1.3791127409303978,1.1179983221756276,0.9982856176402524,1.016024483102199,1.2261180184617455,1.0867926373166727,1.4082687915336856,1.3750296368532458,1.0869620297300326,1.5748255528028303,1.250898249136327,0.9438508492794517,1.159364077704652,2.169399813625701,1.8128797068189144,1.0894741975188735,0.9341684094669527,0.9273919527053124,1.0130267020019852,1.0001109327485316,0.9930020043376517,0.8732181829777326,0.8492644894447935,1.0638616829875907,1.2837226695949722,0.962740966237176,0.8959257039826056,0.9135077439621317,1.0001254984676518,1.2107574002475248,1.638436425916967,1.078406305041145,1.3047208079255461,0.8774553436831329,1.056056890121963,1.429906472672724,0.9098308882031605,1.2504116617736538,1.1983383632212241,1.0076021871413614,1.7322641673496388,0.9908446096737458,1.4582363692201814,1.2983251099195434,1.2337896139405742,1.322374628884914,0.817637801306213,1.1264247698167544,0.8923818254441475,1.120887749988283,1.1607321612426176,1.2354161573477822,0.9321841082792668,1.093327944833505,1.5367233352633725,1.0385439159414693,0.8993388002595006,1.029967840281174,0.9131658543281354,1.2732252239402646,1.0804893507747517,1.3553042285182528,1.4564147528096747,2.2938694980173775,1.2824006228104343,0.9601651448548958,0.8548927988348288,0.9758685151308233,1.2265339587747532,1.3073316887154744,0.9854350515030235,0.8691117823797234,1.1141724271273326,0.9812822191413291,1.1360797955781334,0.9514097753489122,1.0583516994767643,0.7493629426428956,1.0693325930346327,1.2814723026700015,1.2901892213844208,1.0300742687928082,1.1733101651456894,1.1443353428644283,1.0841553242706703,1.0709505813414482,1.1457992059092899,0.9734951076127423,0.9160500011770123,0.9461269758650143,1.180660475551059,1.2285646686935576,1.0021648665891494,1.326140022175395,1.2452310766811516,1.1795310495975944,0.9642449784975584,0.8375097250656317,1.3583881118187302,1.200730741469449,1.0681451892007436,1.1055521634164482,1.0892597458868178,0.7714636140735498,1.2009180141489089,1.2281848197825762,1.0846591784510724,1.0123976317491294,0.8923924496044042,1.0926995291537707,1.094880088629452,1.0874999229249707,0.9010596035618332,1.147902196902495,1.0273608043696218,1.1384148616617051,1.1973656946115758,1.0663272632296423,1.013078459868367,1.141713287339717,1.1668565450092556,1.4740473164845032,1.088307675131504,2.8894789860470746,0.7154446767037863,0.959158685230225,2.26391803055183,1.244128459874931,2.2212444718503153,1.1714060171700533,1.0394001527273382,1.3319415525240808,0.9598726326399352,1.1872003995686977,1.4526994822028052,1.8011681003968667,1.2580999606384493,1.3514103326591296,1.2032569233427588,1.5809054778772154,1.0501344493477625,0.8876491313232999,1.2436894514845254,0.7259735955987636,1.2046372989510576,0.9002596865865669,0.9733954770264752,1.7335265861869316,1.131527561994873,2.5562558121184846,0.9630652580443445,1.4005869676318152,0.8716654751842734,0.9930851348644779,0.9455633624925447,1.2306747323550207,1.4833570374933152,1.034722737292129,1.0647115152534323,1.0717219888362752,0.9607916096677107,1.1944501636692315,2.551780170789509,1.5310185272430017,1.9039927669028538,1.9628026887035417,0.7191830061641253,1.7782471069238897,1.5401668204641044,1.3727958020279099,1.1815150839596211,1.3884880397154855,1.3879099108241841,1.4117310605041768,1.240859395881739,1.9994877068646544,1.2411196970673015,1.706195945149278,1.357933279512443,1.41824290338092,1.8112570371311199,2.605044099092144,1.2897734152920193,1.4368397971459113,2.321140547262,1.660116885077997,1.1017236727074644,1.1358084101871824
1.0,1.0,1.0,1.0,1.0,1.0,1.0,1.0,1.0,1.0,1.0,1.0,1.0,1.0,1.0,1.0,1.0,1.0,1.0,1.0,1.0,1.0,1.0,1.0,1.0,1.0,1.0,1.0,1.0,1.0,1.0,1.0,1.0,1.0,1.0,1.0,1.0,1.0,1.0,1.0,1.0,1.0,1.0,1.0,1.0,1.0,1.0,1.0,1.0,1.0,1.0,1.0,1.0,1.0,1.0,1.0,1.0,1.0,1.0,1.0,1.0,1.0,1.0,1.0,1.0,1.0,1.0,1.0,1.0,1.0,1.0,1.0,1.0,1.0,1.0,1.0,1.0,1.0,1.0,1.0,1.0,1.0,1.0,1.0,1.0,1.0,1.0,1.0,1.0,1.0,1.0,1.0,1.0,1.0,1.0,1.0,1.0,1.0,1.0,1.0,1.0,1.0,1.0,1.0,1.0,1.0,1.0,1.0,1.0,1.0,1.0,1.0,1.0,1.0,1.0,1.0,1.0,1.0,1.0,1.0,1.0,1.0,1.0,1.0,1.0,1.0,1.0,1.0,1.0,1.0,1.0,1.0,1.0,1.0,1.0,1.0,1.0,1.0,1.0,1.0,1.0,1.0,1.0,1.0,1.0,1.0,1.0,1.0,1.0,1.0,1.0,1.0,1.0,1.0,1.0,1.0,1.0,1.0,1.0,1.0,1.0,1.0,1.0,1.0,1.0,1.332795138974676,1.2443665375569317,1.1215766891039798,1.1069963091788808,1.204527974311345,0.9769069832668902,1.1592881506973773,1.7758243578113915,1.8327217786984988,1.2161380697306399,1.2012906503184633,0.9189757034400616,1.291991790005465,1.496465940014693,1.0256889933705977,1.0616010214131661,0.9119012844242597,1.9401664965290388,0.9619150134638499,1.4148622150693817,1.5480261278266556,0.9120761707635209,1.0140704346173144,1.3509290984288582,1.1329119527593006,1.3313647846274907,0.9449387305278681,0.877351324901571,1.1887851520961124,1.0182968987275727,0.9795103079908595,1.2394217519883912,1.4655505440647518,1.2780082601422988,0.9432945826864527,1.1661716202253642,2.0971075716420478,1.2328058102881032,1.0566709636755707,1.1577539914270436,1.197285501920803,2.2199102561430055,1.4604805230906632,0.9868810308074001,1.1077346443753464,1.2279407286590907,1.6000609391125211,1.3934093505903573,1.3299260457057946,1.181086609679752,1.059150492033328,0.6036246919138878,1.1550139822848484,1.1010193036674671,1.0768103695012612,1.2020789282042512,0.9499216789472156,1.1083876209180856,1.510496383067093,1.419323089382469,1.311131415459705,0.9350049269668077,1.8426589841874064,1.3087342990379138,1.3885106888205576,4.247004131374759,1.7932107326934867,1.1662390839542949,1.5388533889432692,2.0722664237588457,0.9640682898735503,0.9463922507246831,1.2842130732191657,1.2616533228153517,1.154097750753309,0.9710717479296553,1.1279726271602217,0.9226816295685614,1.1473438456617409,1.2768854865050838,0.9978548219278993,0.9906224886534205,1.2577648396787084,0.8091419208542949,1.144049950464802,1.2232417860552034,1.0166638373663845,1.050356884145114,1.0156565306176235,1.029348407549183,1.020438725836059,1.2384305605587764,1.3527622957705412,1.0931385850387816,1.421780231362718,1.933168982714566,1.3753771948349822,1.157088515687081,0.9081267195786864,1.4375838107755148,1.1676322676697077,1.0365398845539568,1.0580014590978715,1.2896815596921858,1.13403181366651,1.4722432558090925,1.4344334198012596,1.1418759703280632,1.645166236949322,1.295598677465093,0.9849903074721933,1.2101658851161305,2.254578696274578,1.895890565739839,1.140405958090663,0.9759974583650701,0.9654159049181725,1.057403959138052,1.037497092117027,1.0347039893644463,0.9087789426168909,0.8862611300157205,1.114933179555004,1.3409596162877593,1.0057307361700958,0.931538195789209,0.951582229139578,1.0424072716201334,1.2680874946429967,1.718402935455666,1.1274759085596353,1.3639094037135524,0.91540396530039,1.1051309382778443,1.4751809330088719,0.9436306739113265,1.306352554091243,1.2528076272547717,1.0475117042554536,1.8240413298782356,1.033506836830937,1.5265278425108515,1.357509492578676,1.288695810191951,1.3769409135363837,0.8506104579376652,1.1757457595144054,0.9301418676967455,1.1620191439648357,1.2120912106940158,1.2891777009705212,0.9721855464555742,1.1442164361993896,1.6069769818891246,1.0834624073974806,0.9307064317410962,1.063344903171018,0.9520604378957158,1.3297574514200805,1.1287313765520617,1.415195290725094,1.5222141714265849,2.3875054375441263,1.330511673761459,0.9999137989476852,0.8880301195635816,1.0172214488513254,1.285754592737983,1.3671961193873283,1.0275718646153513,0.9050889690813,1.1669100923068776,1.018751366469473,1.1853720029758241,0.9957495525866136,1.1013827672809755,0.778947185424032,1.1277099089209988,1.3296352208103395,1.3504126889311954,1.071990823791766,1.2227863453507384,1.1942075014757285,1.1291485988495322,1.1190304256254042,1.1960554287949268,1.016215361472296,0.9561832851801658,0.9929198044325309,1.2402132415543186,1.267040379561812,1.043486320147268,1.384715690964137,1.3119322640803412,1.231976564461299,1.0012333894308396,0.8709139788975855,1.4158601120598675,1.2441861393904992,1.1135703334802827,1.1439864862747726,1.1309718322271851,0.8025025556006035,1.252217559499658,1.2570826112768891,1.1240918799357211,1.0478773161152943,0.9256849057554157,1.136603027392576,1.1366117009361394,1.1326405521717118,0.9412611743397346,1.1929478390606487,1.0636469109125768,1.178886905087327,1.230928738940604,1.0990428445733484,1.0424158036947495,1.1868871096309572,1.2107600304444885,1.545767927905564,1.1289757208031055,3.0218491883837286,0.7438553826391012,0.9933990391422234,2.3641948052953135,1.3023528761069327,2.3337693202503553,1.2213891274111885,1.0790521573255993,1.3870618241912485,1.0011849601208656,1.2366015299585231,1.5090967997719393,1.860135574872408,1.309992371194408,1.4095609474533837,1.2499215873703315,1.6241796042189793,1.0959975585405668,0.923602714343775,1.2899149434002917,0.7498533662352908,1.2423471271598552,0.9286056805398077,1.0101589366399364,1.7968066165480652,1.1738821992866624,2.6501111314774475,1.0059243176690762,1.4596885629764476,0.9082838271392388,1.0290733912252912,0.9868446041818907,1.284956667361044,1.5474290809745415,1.0794387619183665,1.1110465327532124,1.120388561782603,0.994813512401356,1.248702963091787,2.655472326131413,1.5970824794301202,2.020315725414855,2.0487328367464146,0.7464633320880154,1.8424732196992744,1.6078899538089124,1.4326742580613323,1.2388853499295467,1.4508068509638454,1.4483886327653572,1.4729891957155137,1.3001321533575003,2.0761018248155767,1.283945205482248,1.7748676411870847,1.4253963231179094,1.4795579225620203,1.8867267992021315,2.6479681403979782,1.3326772321905196,1.4988881140753023,2.4302756477170924,1.7357190137047016,1.1433737778279474,1.1823619826170901
1.0,1.0,1.0,1.0,1.0,1.0,1.0,1.0,1.0,1.0,1.0,1.0,1.0,1.0,1.0,1.0,1.0,1.0,1.0,1.0,1.0,1.0,1.0,1.0,1.0,1.0,1.0,1.0,1.0,1.0,1.0,1.0,1.0,1.0,1.0,1.0,1.0,1.0,1.0,1.0,1.0,1.0,1.0,1.0,1.0,1.0,1.0,1.0,1.0,1.0,1.0,1.0,1.0,1.0,1.0,1.0,1.0,1.0,1.0,1.0,1.0,1.0,1.0,1.0,1.0,1.0,1.0,1.0,1.0,1.0,1.0,1.0,1.0,1.0,1.0,1.0,1.0,1.0,1.0,1.0,1.0,1.0,1.0,1.0,1.0,1.0,1.0,1.0,1.0,1.0,1.0,1.0,1.0,1.0,1.0,1.0,1.0,1.0,1.0,1.0,1.0,1.0,1.0,1.0,1.0,1.0,1.0,1.0,1.0,1.0,1.0,1.0,1.0,1.0,1.0,1.0,1.0,1.0,1.0,1.0,1.0,1.0,1.0,1.0,1.0,1.0,1.0,1.0,1.0,1.0,1.0,1.0,1.0,1.0,1.0,1.0,1.0,1.0,1.0,1.0,1.0,1.0,1.0,1.0,1.0,1.0,1.0,1.0,1.0,1.0,1.0,1.0,1.0,1.0,1.0,1.0,1.0,1.0,1.0,1.0,1.0,1.0,1.0,1.0,1.0,1.0,0.9214981455475052,0.8350015425883965,0.8230618772993274,0.8905729450281009,0.7257578270876299,0.8600505822679658,1.3177953684040489,1.3627362568584194,0.9046564906594261,0.9012620551989843,0.6827759487189536,0.9557819145853315,1.1195695499386997,0.7610328945323919,0.7829134579337225,0.6786845580837264,1.4283524022169205,0.7093034830200633,1.048361124479702,1.1479870734786108,0.674144157084966,0.7492690957877572,0.9901312981831039,0.8407105992968077,0.9911299382357234,0.7043607582991473,0.6499908085638518,0.8816273290236456,0.757150200150954,0.7188878378634631,0.9185996883710164,1.0777112516489158,0.951391914755152,0.70495926390191,0.8662109198039573,1.556070319913343,0.9125442107664252,0.7935764439335253,0.8591895306219728,0.8856270399969074,1.640849767157524,1.1137034479410928,0.7414767625044553,0.8241087377954563,0.9074064207682608,1.1844042635411918,1.0220574752595035,0.9809516477335527,0.8727507549977308,0.7850335567763512,0.4480335861566953,0.8527249123173185,0.8203358356050561,0.8012439441907373,0.8934337521900542,0.7093258350619176,0.8282205034503332,1.1216541166584464,1.0433620727307944,0.9712115141301528,0.6950920413992324,1.3688412270435124,0.9648936543612847,1.0253277014555884,3.415510208179808,1.3161951174895772,0.8697333638205982,1.1649761525215054,1.5400232216980743,0.7158183403398911,0.6995844642742904,0.9503687958051994,0.9335314674817428,0.8578392603194458,0.7201108560432855,0.8384050723678718,0.6835753694785035,0.8554873138078306,0.9484824618756856,0.7454384265890676,0.7378829993610104,0.9380755050817229,0.6073102486349102,0.8541237897770488,0.9077268364470781,0.7577754203023173,0.7864237756630328,0.7548473928548172,0.7667770122162489,0.7518173301292537,0.9160193071060944,1.0027523761483954,0.8141378607556007,1.0514984906915372,1.4380079021650465,1.0220937441185143,0.8549363196859543,0.6769114463507568,1.0713338425890826,0.8652674312084166,0.7728512863416014,0.7868857156213391,0.9505395435631474,0.842067173407798,1.088059365346103,1.0680319978789519,0.8395713625524642,1.218341802887775,0.9724536149756853,0.7293380624281149,0.899868757359191,1.7000075066855769,1.4051847285080532,0.8419491425606331,0.7228980529958837,0.7210367241409894,0.7840278979294893,0.7764747226363192,0.7685515324805834,0.6776743532169559,0.6570421534533721,0.8224264660395323,0.997340458342078,0.7444240616340982,0.6958408796384619,0.707164750688809,0.7723237637348324,0.9348087039132087,1.2632639045275784,0.8361571076818699,1.0114839050738893,0.6785591920573317,0.8152659590714992,1.1208448416658705,0.704914567965109,0.9698760478798781,0.9247466451706587,0.7817102878978317,1.3345714863275093,0.7664481281808591,1.1237747518349845,1.004121104746195,0.9553072612542679,1.0333732383881418,0.6340518329807721,0.8707340235115142,0.6895408043518843,0.8706848440910857,0.8992485293155768,0.9567130754195888,0.7215797014699017,0.8447738484633439,1.1918610927982198,0.8021246121609231,0.6982784439300124,0.8039130066127769,0.7072897828067279,0.9854570386781322,0.8375818002980184,1.0491820839769535,1.1265749696142766,1.77833512031148,0.9945422633001856,0.7436070668018664,0.6642367201657655,0.7554693438864862,0.9463948506338593,1.0130903145011565,0.7634719291688654,0.6742094916462771,0.8594788165011076,0.7638270632166508,0.8814923374679317,0.7347014018262337,0.8236585276767302,0.5812397381684498,0.8209623877624043,0.9926830110764001,0.9959632868128567,0.7980999202428306,0.9081428703334471,0.8893178113743653,0.8386834796278405,0.8279368211647156,0.8834474764251886,0.7532453589142929,0.7067478418334354,0.7252113104398158,0.9080548178574741,0.9566387821818615,0.7768091194957802,1.028615039424347,0.9595285239430533,0.9129326635406296,0.7493673531165297,0.6506743013096234,1.0518297032702484,0.9372837997506438,0.828878047803255,0.8617183551315879,0.8457012586478835,0.5980797970735192,0.9298845027417978,0.9754880971177122,0.8455637018001276,0.7880535268073943,0.691605578302386,0.8489802810290725,0.8515981048898418,0.8424308378730926,0.6993060030968211,0.8895667091986894,0.801070427149869,0.8883531201404351,0.9350659297514788,0.8313350990121647,0.79057344637945,0.8864287809351155,0.9080984423383843,1.1387840107740321,0.843605271487981,2.2330687690884163,0.5551452571340929,0.7489057521781024,1.7622587111869614,0.9617330721675064,1.7132950016182233,0.9070517239660002,0.8067789969931085,1.0344860025629263,0.7428448677076605,0.9189217160307654,1.1370177314411665,1.4259393723951022,0.9792675059192393,1.0406999199410185,0.9327188445222069,1.2457572272621813,0.8135967073895508,0.6914284503754884,0.9645962789066906,0.5667168758139737,0.9456929338351567,0.7041194675926115,0.758381674051023,1.3564428565948874,0.8799482989493004,2.0024776622418203,0.7437050045709537,1.0843093192700848,0.6743032639589848,0.770572453731672,0.7307506006848226,0.9527303950973396,1.1500668532148726,0.8029112674308526,0.8253064527390171,0.8298520677577046,0.7510671130052036,0.924685613894394,1.974620437254333,1.184146983831371,1.4570808271337428,1.5080171833808367,0.5594506753678455,1.397086920024694,1.1974928893855155,1.0642666795192541,0.9110506968892522,1.074885975958563,1.0715227531578888,1.0909837544563927,0.9558507901825544,1.5578683376381979,0.9666733818296265,1.3279452912081702,1.0500809261640955,1.0995626267169891,1.4026913402533228,2.0576042844956746,1.0104101673971084,1.1120294226988159,1.794116634332454,1.28616507145978,0.8609654141644529,0.8791888201054257
1.0,1.0,1.0,1.0,1.0,1.0,1.0,1.0,1.0,1.0,1.0,1.0,1.0,1.0,1.0,1.0,1.0,1.0,1.0,1.0,1.0,1.0,1.0,1.0,1.0,1.0,1.0,1.0,1.0,1.0,1.0,1.0,1.0,1.0,1.0,1.0,1.0,1.0,1.0,1.0,1.0,1.0,1.0,1.0,1.0,1.0,1.0,1.0,1.0,1.0,1.0,1.0,1.0,1.0,1.0,1.0,1.0,1.0,1.0,1.0,1.0,1.0,1.0,1.0,1.0,1.0,1.0,1.0,1.0,1.0,1.0,1.0,1.0,1.0,1.0,1.0,1.0,1.0,1.0,1.0,1.0,1.0,1.0,1.0,1.0,1.0,1.0,1.0,1.0,1.0,1.0,1.0,1.0,1.0,1.0,1.0,1.0,1.0,1.0,1.0,1.0,1.0,1.0,1.0,1.0,1.0,1.0,1.0,1.0,1.0,1.0,1.0,1.0,1.0,1.0,1.0,1.0,1.0,1.0,1.0,1.0,1.0,1.0,1.0,1.0,1.0,1.0,1.0,1.0,1.0,1.0,1.0,1.0,1.0,1.0,1.0,1.0,1.0,1.0,1.0,1.0,1.0,1.0,1.0,1.0,1.0,1.0,1.0,1.0,1.0,1.0,1.0,1.0,1.0,1.0,1.0,1.0,1.0,1.0,1.0,1.0,1.0,1.0,1.0,1.0,1.0,1.0,0.9015051439044428,0.8901411470599121,0.9659475362070225,0.7856900383431435,0.9307041132519117,1.4262469536588644,1.4677611631598255,0.9780355001256181,0.9670424080904009,0.7394651635353124,1.0372727003365871,1.2065855511617216,0.8237496700427993,0.8505407630082642,0.7338719200415934,1.5517335428445933,0.7711567644220233,1.136908388018934,1.2421504693762437,0.7311512654534715,0.8121997128236185,1.0795041603465105,0.911875831821037,1.0705005465732904,0.759368331372551,0.7048753762783813,0.9531594430553525,0.8175493841820951,0.7827644971884072,0.9949274701644351,1.174780942262897,1.028722856918582,0.7605489742603398,0.9378169319046988,1.6826185321301819,0.9894744400557238,0.8524544775602633,0.9305696879067173,0.9606863370065638,1.7823602590898868,1.1814069774669025,0.7956242355844325,0.8916437508832397,0.9843733507745478,1.286511944393911,1.1128648230103626,1.065997438147706,0.9481390016222976,0.8488195359402844,0.4846139436617196,0.9246254464480923,0.8869656296684388,0.8651172141033981,0.9652258548985497,0.765382229005199,0.8917067437668663,1.212807621980141,1.1365912309481072,1.0531950485345982,0.7509345717455771,1.4812123005371352,1.0466467709776246,1.1120357313518678,3.5149297326334836,1.4426848900125147,0.9399996292304968,1.2508670897489773,1.6598015825365202,0.7754313774024677,0.7601850096863778,1.0310483465299716,1.013454372921601,0.9278330050588975,0.7795876366799483,0.9061445333158394,0.7413620708370314,0.9229146696235989,1.0259643745800067,0.8043855411968579,0.7977423187176012,1.0107260999537506,0.6535067925111322,0.920834011728185,0.9812332302134179,0.8193514884256551,0.8473608396874543,0.8177261907091786,0.8287011282702645,0.8177586401171391,0.9936369734976911,1.0853414705179791,0.8806011100913075,1.1411324035866113,1.5500564240346808,1.104509114218693,0.9290253611114755,0.731228570101117,1.1556152906819528,0.9376232161998731,0.8360822638425413,0.8515609832664184,1.0296660847298273,0.9114419011833719,1.1816392997369205,1.1522465176034353,0.9129365813598757,1.32104318092339,1.0468705545685548,0.7916478598374707,0.9719076812284418,1.8134287120730117,1.5201895197058424,0.9144857810080822,0.7836801127843722,0.7766881390170574,0.8498037163693266,0.8373796244207867,0.8325032069822935,0.7315672673622651,0.7121279249234149,0.8928505800687125,1.0759895053767172,0.8077205558536115,0.7503013899187938,0.7657426620899815,0.8390399686699016,1.0163594700337872,1.3760299457482623,0.9043965678702826,1.0943850231197678,0.7358322657943025,0.8864219571751494,1.1933473777238484,0.7622693838620798,1.048614505491102,1.005653343699778,0.8441322336994064,1.4565123123864583,0.8310022556454977,1.2247570351891515,1.0892949773743172,1.0345949984467109,1.1062660594313756,0.6850160442417161,0.9446753054372625,0.7483637245125614,0.9382545929694305,0.9732563739995292,1.035778322402677,0.7816249176138566,0.91789931205078,1.288739573353158,0.8712075765130585,0.7524341696020942,0.8604993642294632,0.7655988948836281,1.0678826818939444,0.9059454819078763,1.1364864047783492,1.2221276612210619,1.9217511767437658,1.073972438396975,0.8048548170908576,0.7157706607239037,0.8181538015303788,1.0299805553783408,1.096420143039897,0.826054898603252,0.728299912186348,0.935578856720924,0.8212284187578831,0.9521817980266343,0.798559545765499,0.8862399089954638,0.6277726119360111,0.9003013867639469,1.073262304971197,1.0831732987296705,0.863388109256398,0.9836609721611169,0.9585957316766947,0.9089839182484923,0.8984915821296222,0.9613670726282819,0.816465577551885,0.7687402965912938,0.7957005660478256,0.9927163026431121,1.0272520590414214,0.8397741656332245,1.111847290089376,1.0468108259387914,0.9891749450080412,0.8074021721726975,0.7012999420494055,1.1389502292397689,1.0042508899211082,0.8950441354639823,0.9244361101162455,0.9123205930553986,0.6465524096754782,1.0068259588283042,1.0216631986958031,0.9070364655339307,0.8471652933372906,0.7476763240326314,0.9150798956562785,0.9164374353467684,0.9114910741201934,0.7554453263306462,0.9617633270268946,0.8591165710870259,0.9519650004643119,1.0000834577882425,0.8909398216807259,0.8462846782337397,0.9564587606050112,0.9763094006427847,1.2379191377974428,0.9115595497612564,2.426950077613249,0.5992942130507124,0.8021728709810956,1.8958904889587225,1.0443848755287581,1.8660754767422385,0.9818383019600336,0.8703486590391198,1.1159951036890885,0.8049049402788233,0.9950495776278387,1.2148424290660427,1.5010965135260725,1.0531895273909253,1.1343852736797602,1.0082878058632765,1.3169130672829636,0.8803715460992513,0.7430068450294465,1.0420621681416757,0.6067606215351213,1.0053903795903252,0.7518960643595448,0.8143686696911044,1.4492361117192725,0.9472577701928668,2.1364588466933583,0.8080360125251372,1.1746624070618166,0.7308648921980438,0.8318121731044236,0.7931960911217645,1.032168911362716,1.2435258447356015,0.8670506700693672,0.8925127290946384,0.8989550104244127,0.8030449568963882,1.0017100904833285,2.1384830704724127,1.2838343501024392,1.6050263664127975,1.6501724112247849,0.6020931536377805,1.4853739648198632,1.2908899370237221,1.1508103106058623,0.9925598099526916,1.1646965380792094,1.1645827482784954,1.1839923930359264,1.0426203389729183,1.6734207161682035,1.0377660048480175,1.4291179291187106,1.1401856869093865,1.1889012242141317,1.5182619264283241,2.1663413617560243,1.076987503437174,1.2048406165061136,1.9473508382851623,1.3920151518007304,0.9212293480488605,0.9520845038201642
1.0,1.0,1.0,1.0,1.0,1.0,1.0,1.0,1.0,1.0,1.0,1.0,1.0,1.0,1.0,1.0,1.0,1.0,1.0,1.0,1.0,1.0,1.0,1.0,1.0,1.0,1.0,1.0,1.0,1.0,1.0,1.0,1.0,1.0,1.0,1.0,1.0,1.0,1.0,1.0,1.0,1.0,1.0,1.0,1.0,1.0,1.0,1.0,1.0,1.0,1.0,1.0,1.0,1.0,1.0,1.0,1.0,1.0,1.0,1.0,1.0,1.0,1.0,1.0,1.0,1.0,1.0,1.0,1.0,1.0,1.0,1.0,1.0,1.0,1.0,1.0,1.0,1.0,1.0,1.0,1.0,1.0,1.0,1.0,1.0,1.0,1.0,1.0,1.0,1.0,1.0,1.0,1.0,1.0,1.0,1.0,1.0,1.0,1.0,1.0,1.0,1.0,1.0,1.0,1.0,1.0,1.0,1.0,1.0,1.0,1.0,1.0,1.0,1.0,1.0,1.0,1.0,1.0,1.0,1.0,1.0,1.0,1.0,1.0,1.0,1.0,1.0,1.0,1.0,1.0,1.0,1.0,1.0,1.0,1.0,1.0,1.0,1.0,1.0,1.0,1.0,1.0,1.0,1.0,1.0,1.0,1.0,1.0,1.0,1.0,1.0,1.0,1.0,1.0,1.0,1.0,1.0,1.0,1.0,1.0,1.0,1.0,1.0,1.0,1.0,1.0,1.0,1.0,0.9865460349865869,1.0691802540366813,0.870373737360145,1.0311767930159066,1.5803232035328272,1.6289912808558098,1.0839116254118464,1.0752802457027673,0.8191317744635812,1.1480267320262019,1.3392010269311334,0.9126153956952288,0.9407432684507085,0.8134539261809617,1.7165696825049563,0.8527613753051805,1.2584744173674207,1.3763612791616082,0.8091367780102687,0.8992351726545237,1.1922045887418347,1.0092593684248259,1.1868891452567543,0.8427434925092929,0.780292745417489,1.0563112619337591,0.906606050624345,0.8649172024556872,1.10171399798252,1.29751314446657,1.1404298949775866,0.8437696577159942,1.0386307992076445,1.8649777991777232,1.0952794416923721,0.9473145013668485,1.0307775014424696,1.063353127684807,1.9716336358489754,1.3199669303768555,0.8845993159601739,0.9880514369819856,1.0893429044549099,1.4234099176300794,1.2294606777240606,1.1791240629803599,1.0488028225188466,0.9407224425560925,0.5369585132318042,1.023373076074868,0.9831693200978937,0.9593550761471248,1.0703066248086015,0.8490811934394992,0.9898262186805091,1.3439941096906063,1.2557387238631,1.1658281609525134,0.8325335809902479,1.6409291381095379,1.1582755770782258,1.2309614789825523,3.979162452841189,1.5890060859106216,1.041899066806581,1.3901605870202831,1.8421364157586528,0.8588261553079883,0.840626976485739,1.1407695260138848,1.1215117954986173,1.0282860299085228,0.8635934980064299,1.0040903586417862,0.8206828137894957,1.0237980026416063,1.1368623105301765,0.8922114762862962,0.8841092736664613,1.1219522857795776,0.725704093790078,1.0217912741820592,1.0875789313852842,0.9080435895473007,0.9404341332350818,0.905551420815567,0.9186238319720108,0.9040193669637031,1.099715585018422,1.2022444775855907,0.9757436438506949,1.2627195356148169,1.7190525272406136,1.2244259069487144,1.0276925794002345,0.8107424671033596,1.2818312453689882,1.0383349807687652,0.9266274633573278,0.9435049096995562,1.1397268075826819,1.0097411347680474,1.3073923792770614,1.2780965827903994,1.009459515816065,1.462510149430515,1.162226355992177,0.8761050217146422,1.077624866061021,2.022050217302306,1.6846590036418925,1.0114481920170266,0.8675157726166567,0.862086482225089,0.9406843498439239,0.9289674138464383,0.9220179427849151,0.8113174220209598,0.7884509750222871,0.9880356008874248,1.1935719907776192,0.8939580896073835,0.832710812662052,0.8482542713749515,0.9281103540788331,1.1239202702350988,1.5207590192964804,1.0019445111841563,1.2124256993957487,0.8147155970410362,0.9800973091585752,1.3313372888038684,0.8445574874361441,1.1619521063195832,1.1119737251435047,0.9359613951603798,1.6078127417022015,0.9199490577416181,1.3528706788223976,1.205653399130819,1.145877644290136,1.2311065406279775,0.7595042660402423,1.045661404377996,0.8282525327146744,1.0414209861559551,1.0782026959727944,1.1474519691410738,0.8655800834866569,1.0151115023008217,1.4283023557822556,0.9637617806955698,0.8351806414000741,0.9578546392062128,0.8481511732670879,1.1825345629879462,1.0039993191625447,1.258841192945387,1.3525834467509772,2.130381568355742,1.190885278652973,0.891667759258201,0.7944344612897769,0.9061360350874545,1.1384076885369825,1.2147539415077067,0.9152594940075297,0.8074212831563323,1.033972728064742,0.9122643327199006,1.05578570830505,0.8831312852494589,0.9842700413919576,0.6960637243293748,0.9918316678552292,1.1899143933045702,1.1973761459145011,0.9566563295182117,1.0893805656952205,1.0637134809712507,1.0063829177290309,0.9943210190198183,1.0629563999801148,0.903978759323687,0.8499018930632991,0.8765584237489434,1.0949821072912769,1.1416194124922092,0.9309619998054948,1.2324090581600586,1.1562076404494908,1.0954410217140391,0.8959506156406262,0.7783502920181525,1.2614638537413505,1.1172465298092409,0.9925932020656703,1.0279525347813154,1.0121091332679315,0.7165400833046666,1.1154399169889762,1.147237200802036,1.0086333436747033,0.941064366073624,0.8287116674230411,1.0155001336915865,1.0177267623376816,1.0099654239913662,0.8374917684581813,1.0659903437479887,0.9553076080709152,1.058942806084735,1.113091359898629,0.9910930143803319,0.941708174203619,1.0608879726140876,1.0847559988882693,1.3684618028684272,1.0106447016354916,2.682610363924572,0.6646596312729598,0.8923561775658797,2.1058020281600225,1.1552776500105393,2.0618381796600405,1.0879083207251328,0.9655395123505455,1.2380367070109775,0.8912967433683499,1.1024040337522614,1.3526929560105576,1.6826938926900954,1.1700640965754774,1.2530002711091062,1.1174878295554551,1.4733710981555581,0.975520072155196,0.8256150964093755,1.1547337164915406,0.6751412603300566,1.1220551580001057,0.8377134536072803,0.9052138711808598,1.6136520071145848,1.0516439518236178,2.381285067091026,0.8939022420036535,1.3005568027782393,0.80924366888832,0.9222408356357821,0.8777201310593828,1.1430425354958538,1.378266090882218,0.9615352514121358,0.9893089667823448,0.9953671970868453,0.894128525045105,1.109592031358162,2.370371406595342,1.4216008031953833,1.7650318024864697,1.8197474167698662,0.668415054521742,1.657257897570684,1.4323592413008965,1.275503163449606,1.096440565546081,1.289631702292057,1.2876673874538485,1.3104095391405615,1.15097484333746,1.8590723444213868,1.1535869458206895,1.5864831457777742,1.2613435616625623,1.3176990372106436,1.6817736082725279,2.4287030813979937,1.2006578081351487,1.3343839993847373,2.1557300992601123,1.5424968679053737,1.0252411386435716,1.0545695636508046
1.0,1.0,1.0,1.0,1.0,1.0,1.0,1.0,1.0,1.0,1.0,1.0,1.0,1.0,1.0,1.0,1.0,1.0,1.0,1.0,1.0,1.0,1.0,1.0,1.0,1.0,1.0,1.0,1.0,1.0,1.0,1.0,1.0,1.0,1.0,1.0,1.0,1.0,1.0,1.0,1.0,1.0,1.0,1.0,1.0,1.0,1.0,1.0,1.0,1.0,1.0,1.0,1.0,1.0,1.0,1.0,1.0,1.0,1.0,1.0,1.0,1.0,1.0,1.0,1.0,1.0,1.0,1.0,1.0,1.0,1.0,1.0,1.0,1.0,1.0,1.0,1.0,1.0,1.0,1.0,1.0,1.0,1.0,1.0,1.0,1.0,1.0,1.0,1.0,1.0,1.0,1.0,1.0,1.0,1.0,1.0,1.0,1.0,1.0,1.0,1.0,1.0,1.0,1.0,1.0,1.0,1.0,1.0,1.0,1.0,1.0,1.0,1.0,1.0,1.0,1.0,1.0,1.0,1.0,1.0,1.0,1.0,1.0,1.0,1.0,1.0,1.0,1.0,1.0,1.0,1.0,1.0,1.0,1.0,1.0,1.0,1.0,1.0,1.0,1.0,1.0,1.0,1.0,1.0,1.0,1.0,1.0,1.0,1.0,1.0,1.0,1.0,1.0,1.0,1.0,1.0,1.0,1.0,1.0,1.0,1.0,1.0,1.0,1.0,1.0,1.0,1.0,1.0,1.0,1.083808090404936,0.8823554425777589,1.0452612066050284,1.6020318578754589,1.649871329212774,1.0984796793055045,1.0888952981019333,0.8304353476012151,1.1642280871265664,1.3570661819141216,0.9248772511811387,0.9538060782040239,0.8244622292607722,1.7401369678140683,0.8647894422442768,1.275979474943781,1.394828362484013,0.8201733392686674,0.9113314600802058,1.2087490706767359,1.0233970722911558,1.2024841172482112,0.8537441353241473,0.7909605948654927,1.0702655000067067,0.9184637941073527,0.8770438213135965,1.1165692057431085,1.3159048516118745,1.1562747316356974,0.8550535506026257,1.0529732057713268,1.8888985086279766,1.1104085850212562,0.9595854735618317,1.0450873260235083,1.0781188292079835,1.9992273290893579,1.335490683463823,0.8959102813302341,1.0015547222514702,1.104155316447754,1.443475326481746,1.2464117560430572,1.1955888144013054,1.0635441345327439,0.9530353518278882,0.544220400091417,1.037181482703356,0.996489971818605,0.9719470138790254,1.0846859855351392,0.8606054832712093,1.0026946966681072,1.361824425935506,1.2733737471940172,1.1821497794551998,0.8433936500105386,1.6634278223531072,1.1737449158652027,1.2477492985413257,4.018886266668628,1.6133965682416644,1.055988170257843,1.4088304486647425,1.86526106661396,0.8707600298453857,0.8524322151015045,1.1563652913184295,1.1372404789911799,1.041935107872078,0.8752173710680113,1.0172533446173206,0.8320829482624786,1.0373474738313142,1.1522808334489323,0.9041378781904579,0.8960702430885953,1.1363289667126069,0.7352403536362954,1.0351918833198495,1.1019217403644181,0.920284662837439,0.9528763919334285,0.9179918691272402,0.9309304104682082,0.9167819539897667,1.1150628314095548,1.2181221232005215,0.9890083043350254,1.2798957315605235,1.7413137274261077,1.2406684133106944,1.0421773447450062,0.821712009187298,1.298540121561319,1.052710541471467,0.9397643890849272,0.9564215614015608,1.154402356501989,1.0233217219301358,1.325915509556739,1.294865354564927,1.0233078662802786,1.482424053333272,1.1776182367455308,0.8883900722248163,1.0918861014433745,2.045135528424361,1.7074167239997844,1.0255826224204099,0.8794010978998996,0.8732994344390421,0.9535026038299197,0.9413697131909938,0.9347355624035664,0.8221774983914396,0.7993624533702213,1.0016432803046664,1.2090849293757246,0.9063474344161486,0.8436877744760538,0.85987216151169,0.9412565668071907,1.1396720891658831,1.542344563195778,1.0150302668739442,1.228877675406412,0.8257507671969887,0.9939657002168918,1.3474730794309184,0.856234524445342,1.177260893596092,1.1278181535758336,0.9484461133097386,1.6307596339592512,0.9325476171390554,1.3717047443695016,1.222395937047104,1.161581918365834,1.2461547179403174,0.7697338950416779,1.0602912543712266,0.8399232370637697,1.0553090994496315,1.0928420310229343,1.1632336188292376,0.8774027176058768,1.0289919092320765,1.4473564888124018,0.9774597086486475,0.8465289027782841,0.9699667142521514,0.8595898669795432,1.1985582502927206,1.017490145011735,1.2762923677645048,1.370894456765496,2.159831051987927,1.2069467289617437,0.9038271370695106,0.8050873222495298,0.9186014309109893,1.1545962902742903,1.230950691561184,0.9276622100258753,0.8183279789830937,1.0488001715855626,0.9241113605914049,1.0696195316409343,0.8955441088629211,0.9968674037224058,0.705255491805858,1.0062876329294719,1.2061693563534988,1.2141118208225534,0.9700032928927602,1.1043113100129827,1.0775339291739412,1.0203828944412319,1.0082304477531747,1.07813050565478,0.9164374928251565,0.8621515076860975,0.8899203266756127,1.110944501052138,1.1564720231331989,0.9435464099559685,1.2489080226826559,1.1726678493181937,1.1106040636209973,0.9078956459095407,0.7886750726117524,1.2787782598284574,1.1311201876604702,1.0057770751655382,1.0411769265378008,1.0256547309645714,0.7261954643517659,1.1305455818064514,1.1580074035731451,1.0215165976138523,0.9534925025129642,0.8397992287344611,1.0288699751594448,1.0309886049046775,1.0236184284598548,0.8485186659587229,1.0810106150096073,0.9675373228541091,1.0721240894985489,1.127489207997027,1.0041226707295206,0.9539003336840135,1.0750275296917389,1.0989109624230526,1.3874438370946658,1.0245127642424983,2.7194045047778976,0.673632211918211,0.903572268136079,2.133074243007459,1.1709664821236263,2.0911428822225826,1.1029584174446687,0.9785946122287785,1.2543477817541053,0.9036304441517571,1.1176665823630307,1.3688686844139797,1.700196763611121,1.1852718225499528,1.271698290363215,1.132907922419665,1.4903207867487618,0.9888263632453707,0.8361002553994721,1.17035381012136,0.6836347559947911,1.1355766792572584,0.8480825916737409,0.9166901364182971,1.6330806520363461,1.0654052262061215,2.408982254283896,0.9064823475468495,1.3183399996465197,0.820396127271622,0.9344103229615484,0.8900726154875012,1.1585907594002167,1.3967291538329965,0.974236826291293,1.0024704529251767,1.0090347882254176,0.905166265890122,1.1245376227724249,2.4034573719059598,1.4416335848166384,1.7915877447229502,1.8463882708918065,0.67719406325493,1.675965803004031,1.45066615046934,1.2926187771735496,1.1120438705498363,1.3072919757266444,1.3063700795323634,1.3287893392347465,1.1676640249739545,1.8829922510239376,1.1687471146845916,1.6058445726564574,1.2788895963177183,1.335452692466378,1.7050573924644983,2.4573594290749714,1.2151681397241143,1.3527454423745828,2.184747460657027,1.563036581524866,1.0377784197615847,1.0690935743091894
1.0,1.0,1.0,1.0,1.0,1.0,1.0,1.0,1.0,1.0,1.0,1.0,1.0,1.0,1.0,1.0,1.0,1.0,1.0,1.0,1.0,1.0,1.0,1.0,1.0,1.0,1.0,1.0,1.0,1.0,1.0,1.0,1.0,1.0,1.0,1.0,1.0,1.0,1.0,1.0,1.0,1.0,1.0,1.0,1.0,1.0,1.0,1.0,1.0,1.0,1.0,1.0,1.0,1.0,1.0,1.0,1.0,1.0,1.0,1.0,1.0,1.0,1.0,1.0,1.0,1.0,1.0,1.0,1.0,1.0,1.0,1.0,1.0,1.0,1.0,1.0,1.0,1.0,1.0,1.0,1.0,1.0,1.0,1.0,1.0,1.0,1.0,1.0,1.0,1.0,1.0,1.0,1.0,1.0,1.0,1.0,1.0,1.0,1.0,1.0,1.0,1.0,1.0,1.0,1.0,1.0,1.0,1.0,1.0,1.0,1.0,1.0,1.0,1.0,1.0,1.0,1.0,1.0,1.0,1.0,1.0,1.0,1.0,1.0,1.0,1.0,1.0,1.0,1.0,1.0,1.0,1.0,1.0,1.0,1.0,1.0,1.0,1.0,1.0,1.0,1.0,1.0,1.0,1.0,1.0,1.0,1.0,1.0,1.0,1.0,1.0,1.0,1.0,1.0,1.0,1.0,1.0,1.0,1.0,1.0,1.0,1.0,1.0,1.0,1.0,1.0,1.0,1.0,1.0,1.0,0.8123786797546666,0.9628966129657381,1.4754492638414027,1.5194811532234547,1.0115412329263034,0.999964914308795,0.7645302870986068,1.0730466432045678,1.2467861025330362,0.8521561084475273,0.8804037977440871,0.7587128913753101,1.6071317757480785,0.7980245740975763,1.1760970193122602,1.2856217340351423,0.7568708513146143,0.8408194487046043,1.118404311336291,0.9424154837550072,1.1071120315938128,0.7856220984976893,0.7290969976031606,0.98658950160595,0.845879961339768,0.8106155657319996,1.029712739290209,1.215524414467255,1.0633293434050795,0.7860820915654702,0.9696464383245038,1.741178092982762,1.0236393002111537,0.8805616892684124,0.9623796698234128,0.9940650554053803,1.8439231209132978,1.2197274807807648,0.8223254290801174,0.9216902017140145,1.0188898864278728,1.3306403049831625,1.1525158785578133,1.1032904425125476,0.9807835370267235,0.8785605138830717,0.5011754366183168,0.9575349333652104,0.916724678239838,0.8949324758464907,0.9985164479854716,0.7908683985282982,0.9219972430828132,1.2546994841401293,1.1765451808986578,1.089376832564841,0.7767119757814508,1.5316702507448088,1.083866000675694,1.1514402019785437,3.608000151285015,1.4900068065548957,0.9712954767641564,1.288360505852768,1.7186295113428305,0.801819649909171,0.7861232524066825,1.0667095787189298,1.048480618256924,0.9594381086458399,0.8065473359464874,0.937155372081744,0.7667715387801464,0.9541342815219885,1.0612609024779793,0.8310368103275263,0.8244396146124421,1.0456644438957725,0.6748662097128714,0.9521716417007283,1.0155430117415953,0.8467040433977582,0.8753007931611199,0.8452300733847493,0.8564874865378695,0.8465540432495575,1.0281965174227294,1.1229415303769306,0.9098872299645576,1.1807359194702745,1.6039021954463042,1.1426033528753954,0.9611787625235972,0.7559009434266777,1.1951016258373754,0.969971077369014,0.8632276177445024,0.8803971570807925,1.066977717278324,0.9424995452430593,1.2224696600214866,1.1920471671223596,0.9453501965655704,1.3666938365263883,1.0806907108126576,0.8187970556281359,1.0055110376892198,1.8768676922756207,1.5735009596309906,0.9462795749956039,0.810803922166456,0.8031938458243761,0.8789364054718269,0.864797654863404,0.8607675141389657,0.7562446030612717,0.736456300585038,0.9243891734074081,1.1133143767528648,0.8356236415462244,0.7757882992669886,0.7914123304282054,0.8671491220825301,1.0519195837330246,1.424950693149818,0.9361423320957591,1.1325261829193491,0.7610247173413075,0.916949276652294,1.232632118989498,0.7870951740428553,1.0850648182195184,1.040516534188186,0.8722748397387736,1.5097367469784342,0.8594392355026212,1.2672106139536576,1.1270621117773416,1.0704726761187187,1.1446497420047501,0.7080361163505439,0.9772149029006927,0.7736831998123082,0.9688650944004834,1.0068203359990175,1.071319960888869,0.8081955690549303,0.9500696229541239,1.3341095425952907,0.9006678978424505,0.776744529036143,0.888246788528116,0.7918538501593593,1.1047009120478921,0.9374144209794055,1.1755903604436233,1.2643125161285602,1.9868384038207427,1.1094060105326196,0.8320329080085289,0.7394763219489107,0.8458760267204314,1.066265776228291,1.134849590577801,0.8541679734180239,0.7529793876861521,0.968410439239453,0.8485826682228574,0.9849528619822203,0.8262357525132981,0.9162561506605762,0.6489276844738189,0.9329331366905603,1.1088409881712642,1.1209038150643482,0.892166144082954,1.0171314510362333,0.9916419078363994,0.9395412922394523,0.9295026507142268,0.9942692212740014,0.8444840064102525,0.7948501620327516,0.823085348231315,1.027995042306751,1.0595427357916773,0.8681547278102251,1.150464448214767,1.0849629849832516,1.0233968300796652,0.8339408269818204,0.7248818868360565,1.1779854451110008,1.0373086202515358,0.9256429661425148,0.9547601212943014,0.9425305028113345,0.6682244610599342,1.0414139422613338,1.054175806585194,0.9370662373329471,0.8745214746832437,0.7719848728625704,0.9459735894870838,0.9470218735348956,0.9423653693720409,0.781807237345678,0.9937268406209191,0.8869492408043649,0.9832782836637114,1.0308681749054136,0.9190156097700848,0.8725910627851245,0.9882139303264525,1.0089276727753604,1.2813496112478742,0.9412574458600949,2.512553998550193,0.619427062352732,0.8286308939245635,1.962052630637211,1.080830288376525,1.9328826226582767,1.0153083961470166,0.8988490603104708,1.1541899831963565,0.8324191693145049,1.0287720617216616,1.2562166087659568,1.5502177554551415,1.0895250838425379,1.1725573368358453,1.0413788661136698,1.3591990880419946,0.9107000996776609,0.7683827940593615,1.0755032244200353,0.6263525813812446,1.0379890826458023,0.7760000063159932,0.8415572420885931,1.4976974136044934,0.9787764143365214,2.208537146789425,0.8357518136657063,1.2144137340842058,0.7556480642591846,0.8585781914783313,0.8203632633653939,1.0675864887106066,1.286170214926006,0.896718526994193,0.9232956416685332,0.9297616111439535,0.8293367431632721,1.036808443542358,2.210714989341267,1.3277641109558864,1.6637258811844395,1.7058724409202375,0.621841215781308,1.535748592719333,1.3357648365095178,1.1904116623605532,1.0275890120362585,1.2050339518828073,1.20429384779643,1.2245551771484993,1.078660222860924,1.7291390573164243,1.071604910031158,1.477853687880771,1.1808878835292078,1.2296171697517289,1.5691122892374982,2.229877162890141,1.1119979223428873,1.2460580295765258,2.0150647819308034,1.4404947423965355,0.9519922658797542,0.9840956015218085
1.0,1.0,1.0,1.0,1.0,1.0,1.0,1.0,1.0,1.0,1.0,1.0,1.0,1.0,1.0,1.0,1.0,1.0,1.0,1.0,1.0,1.0,1.0,1.0,1.0,1.0,1.0,1.0,1.0,1.0,1.0,1.0,1.0,1.0,1.0,1.0,1.0,1.0,1.0,1.0,1.0,1.0,1.0,1.0,1.0,1.0,1.0,1.0,1.0,1.0,1.0,1.0,1.0,1.0,1.0,1.0,1.0,1.0,1.0,1.0,1.0,1.0,1.0,1.0,1.0,1.0,1.0,1.0,1.0,1.0,1.0,1.0,1.0,1.0,1.0,1.0,1.0,1.0,1.0,1.0,1.0,1.0,1.0,1.0,1.0,1.0,1.0,1.0,1.0,1.0,1.0,1.0,1.0,1.0,1.0,1.0,1.0,1.0,1.0,1.0,1.0,1.0,1.0,1.0,1.0,1.0,1.0,1.0,1.0,1.0,1.0,1.0,1.0,1.0,1.0,1.0,1.0,1.0,1.0,1.0,1.0,1.0,1.0,1.0,1.0,1.0,1.0,1.0,1.0,1.0,1.0,1.0,1.0,1.0,1.0,1.0,1.0,1.0,1.0,1.0,1.0,1.0,1.0,1.0,1.0,1.0,1.0,1.0,1.0,1.0,1.0,1.0,1.0,1.0,1.0,1.0,1.0,1.0,1.0,1.0,1.0,1.0,1.0,1.0,1.0,1.0,1.0,1.0,1.0,1.0,1.0,1.1842690221264656,1.8150967840046865,1.868688663732609,1.2443713182989695,1.2330172479553456,0.9410266170902213,1.3193303304457817,1.5373327666773486,1.0479461263800256,1.0808591559407934,0.9341773656384569,1.9717443889287098,0.9801689576442565,1.445876593963277,1.5800523402914477,0.9294600393174632,1.0325828689617764,1.3697391295663186,1.1600277992925667,1.3623442253594864,0.9669707754545351,0.8963564849431316,1.212332801180917,1.0404204480165524,0.9940247444964267,1.264729255340149,1.491917198299635,1.3100629870332259,0.9686086621525607,1.193253093488402,2.139615476428066,1.2583227556775263,1.0868999593327766,1.1842497565901904,1.2217119649177886,2.2658137621027095,1.5111814672516615,1.0144559946768668,1.1349275496219884,1.2510887721781638,1.6357700657219665,1.4128237860890636,1.3550069347110183,1.205433455089513,1.0796684181463525,0.6166989701523127,1.1751439684457092,1.1291102258307293,1.1009988030104787,1.2288703954698,0.9750105918685186,1.1357712470088193,1.5428822254471646,1.4434092591576266,1.3396941220792513,0.9555190104221638,1.885028247707055,1.3301010007598135,1.4136975811321255,4.541434836778058,1.8308980798082755,1.1966010128757376,1.5968359597342623,2.112636483851727,0.9867821400177658,0.9663411315202723,1.3105182954398409,1.2886767457111064,1.18065880436501,0.9916907268020174,1.1526612038623476,0.9429653167112816,1.1750693942688366,1.305534538368282,1.0246393207288613,1.015460264521275,1.2869765092799985,0.8329643008637175,1.1725655420802394,1.2483208997998627,1.0428275145575663,1.0795953310925692,1.0403856850978217,1.0549212145120987,1.038844237114533,1.2635327292628813,1.3802916785816364,1.120847480588606,1.450269107936904,1.9723275309755417,1.405614921375094,1.1810873141445162,0.9310034665181107,1.4711252877735714,1.1927969942610304,1.065438936518076,1.0837651555162213,1.3076652868452356,1.1597393783385326,1.502652936551736,1.466767700459675,1.1598114921049936,1.6797066396559928,1.3343627127166489,1.006770672950602,1.2369930065713894,2.314185048476987,1.9341493371381173,1.1623516759349886,0.9964575084234928,0.9890991878979478,1.0804890834609981,1.0667071643719939,1.0592460142524263,0.9315066424537811,0.9059606179405129,1.1350012425692058,1.3696324667050899,1.0270231161171424,0.9556927272393823,0.9746139936034077,1.0669274626742444,1.2916939527479205,1.7477326920492335,1.1497684987210257,1.3922140780548968,0.9357918927482539,1.1268137753565783,1.5248343200945573,0.9704337052018369,1.3337303398146267,1.2782329801321843,1.0746459631956058,1.848046692424378,1.0567254514715931,1.5546797523580649,1.3852111862003944,1.3160525420140732,1.4106766936708097,0.8721519774642196,1.2015305738845474,0.9519583692432181,1.1958079268100195,1.2382608837410258,1.3180575659675788,0.9943062612088824,1.165585128010755,1.6395956961489722,1.108053094658639,0.9592471857164393,1.0984110947713124,0.973853767249973,1.3581443206390238,1.1527271674153656,1.4462123920706338,1.553409932684016,2.4467761470231677,1.3675326510641002,1.0241804347723091,0.9121435138924892,1.0409893054100503,1.3085303373715607,1.394479916868945,1.0511620634241265,0.9271811721932576,1.1885962483450234,1.0467553940186942,1.2116707432943228,1.0151106398402536,1.1290975907689815,0.7989590359313634,1.1406043774914227,1.3665468626474253,1.3760576083865426,1.099230518801195,1.2513672771411346,1.2206727163337692,1.1565424936350377,1.142543804052566,1.2220294213758054,1.0385106531829174,0.9773734382315407,1.0094975756096056,1.2594565209306463,1.3102491637671716,1.0690631864607925,1.414784534809994,1.329074961408588,1.2584641722601209,1.0287418929303933,0.8934273268724828,1.4488836636506104,1.2809299852154497,1.1395700819312895,1.1790482497937518,1.1620899262694104,0.8229052279110642,1.2807930887316996,1.3091835162334715,1.1569640023769594,1.0801525876290268,0.9517894481454399,1.1654604661917294,1.1678162753304355,1.1599184951537755,0.9612491040572708,1.2250309104303305,1.0960734457242165,1.2141117396143397,1.2770347801080033,1.1374989406746003,1.0805675000530672,1.218166616931085,1.2444716751278224,1.5726140854780744,1.161066549820196,3.078776979708176,0.7631731203168666,1.0232511246407177,2.415675146012976,1.3269617100695035,2.3698460754476605,1.2497937937532368,1.1090452193576892,1.4209256245360191,1.0240094168608749,1.2666427243212484,1.5494774274901935,1.924061651382699,1.3421538272140037,1.4420055183969438,1.2840034261602602,1.6863621015943924,1.1203647640235992,0.9468887808300224,1.3265083113488698,0.7742460295504475,1.285388007774069,0.9603250528888179,1.0382289842949706,1.849122395868006,1.2066840951797415,2.7270286306522546,1.0274178008704147,1.4937962535610068,0.9297255022352972,1.0588768997960885,1.0087271148602772,1.3129234938587513,1.5823937139711266,1.103847898626595,1.1357789215500076,1.1437212135012391,1.0251256142889469,1.2739701213354269,2.7238431790758,1.6334801821462197,2.0327478934602663,2.092931116473982,0.767251100371669,1.8963878081042185,1.6429888301853,1.4644826641925697,1.260348960729191,1.4812617745241958,1.4807579194163134,1.5057970750667855,1.323824630571461,2.132729740465699,1.3237025122595831,1.817467664165266,1.449175149016707,1.5130835579019835,1.9328104998619795,2.7802673803662703,1.3761759645467415,1.5328682128804336,2.476377942373642,1.770941451538877,1.1751455391742127,1.2115632979875317
1.0,1.0,1.0,1.0,1.0,1.0,1.0,1.0,1.0,1.0,1.0,1.0,1.0,1.0,1.0,1.0,1.0,1.0,1.0,1.0,1.0,1.0,1.0,1.0,1.0,1.0,1.0,1.0,1.0,1.0,1.0,1.0,1.0,1.0,1.0,1.0,1.0,1.0,1.0,1.0,1.0,1.0,1.0,1.0,1.0,1.0,1.0,1.0,1.0,1.0,1.0,1.0,1.0,1.0,1.0,1.0,1.0,1.0,1.0,1.0,1.0,1.0,1.0,1.0,1.0,1.0,1.0,1.0,1.0,1.0,1.0,1.0,1.0,1.0,1.0,1.0,1.0,1.0,1.0,1.0,1.0,1.0,1.0,1.0,1.0,1.0,1.0,1.0,1.0,1.0,1.0,1.0,1.0,1.0,1.0,1.0,1.0,1.0,1.0,1.0,1.0,1.0,1.0,1.0,1.0,1.0,1.0,1.0,1.0,1.0,1.0,1.0,1.0,1.0,1.0,1.0,1.0,1.0,1.0,1.0,1.0,1.0,1.0,1.0,1.0,1.0,1.0,1.0,1.0,1.0,1.0,1.0,1.0,1.0,1.0,1.0,1.0,1.0,1.0,1.0,1.0,1.0,1.0,1.0,1.0,1.0,1.0,1.0,1.0,1.0,1.0,1.0,1.0,1.0,1.0,1.0,1.0,1.0,1.0,1.0,1.0,1.0,1.0,1.0,1.0,1.0,1.0,1.0,1.0,1.0,1.0,1.0,1.5324349833761373,1.579049692727578,1.050331919145799,1.0407160988785522,0.7939968937293556,1.1139864402533508,1.2966444907067998,0.8846086717057886,0.9129297030841265,0.7881932241747016,1.6659865908928897,0.8277092401434184,1.2203438917848581,1.3342819772166727,0.7849114758199744,0.8723269442279946,1.1576930130508687,0.9785422529080372,1.1497268246940475,0.8163334695700906,0.7564648208636768,1.0239050777103382,0.8784360529473118,0.8400700906916688,1.067999077284096,1.259633357281118,1.1056727162545468,0.8169581545349909,1.0069035165036215,1.8065752780897621,1.0623587641455243,0.9167007013603419,0.9995123719691468,1.0315823579343735,1.9127419488781383,1.2749122050396744,0.8558443055157159,0.9575716924134581,1.0564644454342904,1.380673498800785,1.1939603237114949,1.1444205369458924,1.0175972365888608,0.9119963151646536,0.5206608179301225,0.99293116378097,0.9524514561832462,0.9295006101781287,1.037630649872658,0.8226611620916496,0.9585002848881996,1.3025521945383072,1.219054980440215,1.1308124359203542,0.8066028143379671,1.5910480960332363,1.1239046283189285,1.1943506925832588,3.8131701985926183,1.544031444783701,1.009201399363886,1.3441324063345568,1.784891621228939,0.8326076708000844,0.8154659513018299,1.1061296776237775,1.0876838573050351,0.996393273827872,0.8372289176182374,0.9728697598634071,0.7958681546405373,0.9916607201151085,1.1020743832436706,0.8639251642817531,0.8566173206433134,1.0865083654538752,0.7022178532166544,0.989488722880125,1.0541067637959225,0.8794610054800928,0.9104151830461005,0.8775428457066982,0.8899407402339035,0.8776069685836279,1.066853962645389,1.1654278542611303,0.9453186617951882,1.2243706015633544,1.6657948038627213,1.1866599218022167,0.9970093946951505,0.7854706609593669,1.2415834588083725,1.0070708895889293,0.8982569218808973,0.9143020920611054,1.1054060141000104,0.9788794798968885,1.268750818741859,1.2382594003023213,0.9799859590324178,1.4179165096987567,1.1247276020491874,0.8496394488633661,1.0444188398622312,1.9543521834409456,1.633738713558882,0.9814230165467157,0.8411727055421097,0.8347840782188822,0.911812090649694,0.8992888756317889,0.8937045389874055,0.7859526776827718,0.7644884186534795,0.9587895800324235,1.156623658369452,0.8670224168248046,0.8063464158529838,0.8221907806007511,0.900058957867955,1.090787285160756,1.476625239181548,0.9707940264188115,1.1758896814533704,0.7895655851181878,0.9512443175489407,1.2858837743227571,0.8178847905455555,1.1259911063697758,1.078980095376282,0.9063560607928947,1.5622190898191666,0.891684741041221,1.3122513953791852,1.169619794623383,1.1111063480540284,1.1912297605112772,0.7357404685840172,1.0140655976456552,0.8031545040515226,1.008111094072252,1.0452754663464572,1.1125781165389677,0.8390088338727953,0.9843302295410747,1.3848461097183427,0.9348715782234169,0.8083494285981179,0.9257943278990441,0.8218822382877223,1.1463856612572396,0.9733741426350422,1.2209967364126815,1.311312017203071,2.0647275687084385,1.152937060544411,0.8640580650470979,0.7694637486450209,0.8783984056688748,1.1052573991649726,1.177707952953341,0.8870756111418823,0.7823749124890429,1.0038407850591002,0.8829543953771443,1.0228237352949694,0.8570144947354301,0.9528719505673142,0.6738443217737756,0.964340910521773,1.1522664687754234,1.1617899624208832,0.9274952216162959,1.0557841223305697,1.0306094368499608,0.9755756428866091,0.9645403966083816,1.0310742663003318,0.8765446286007507,0.8247112323887982,0.852170913699446,1.0637934802497693,1.103601196123599,0.9020329852618092,1.1946174254909594,1.1238881512374383,1.0624554111604332,0.867608256210644,0.7538583477720129,1.2226658972960887,1.0804224776565827,0.9617700483423959,0.9941787624326939,0.9800662455622438,0.6940945958355383,1.081047706407067,1.102967747498,0.9756994405184846,0.9106656043208974,0.8022432679674981,0.9833804917825918,0.9850263786139266,0.9785413154113054,0.8116907419710246,1.033432196139701,0.9240291594825844,1.0237996664322717,1.0753184790737587,0.9581347453003326,0.909962367594585,1.027572481106426,1.049815475021724,1.32819411184343,0.9789071696221063,2.6004469505068677,0.6438349836288906,0.8630079175860601,2.040535681411435,1.1203495783129989,2.0026008345201425,1.0548201208946488,0.9350994219303356,1.1990871822989884,0.8641677328194066,1.0685695943330824,1.3078819888457192,1.624148343016846,1.1331816888121007,1.2163917453889683,1.08281482520326,1.4211810237947824,0.9457713110628374,0.7991446989952601,1.1180216670580334,0.6524961373054917,1.0838772613634278,0.8093798747033079,0.8757621430771767,1.5596488373916317,1.0176980053231328,2.3009663270586236,0.8671661763938888,1.26038615020578,0.7843639496841126,0.8923044029566511,0.851320782981113,1.1082007227728337,1.3357453299468578,0.93168659994461,0.9587852921988089,0.965512701621918,0.8644576992251343,1.0758128421980455,2.298465215100115,1.3788847915017677,1.7194497204623198,1.7654615773299054,0.6470339519410748,1.6002993090055515,1.3874319027244546,1.2363199457280487,1.0644203460698995,1.2506380609635686,1.2494561701722198,1.2707623326586537,1.1176157822205903,1.7990027488276217,1.115949617604669,1.53371982047496,1.224781613106494,1.2772304664471539,1.63037184624045,2.3399067379240375,1.1600310807454308,1.2937351724577615,2.0908885690801338,1.495397362634546,0.9914086140118589,1.0219918665428533
1.0,1.0,1.0,1.0,1.0,1.0,1.0,1.0,1.0,1.0,1.0,1.0,1.0,1.0,1.0,1.0,1.0,1.0,1.0,1.0,1.0,1.0,1.0,1.0,1.0,1.0,1.0,1.0,1.0,1.0,1.0,1.0,1.0,1.0,1.0,1.0,1.0,1.0,1.0,1.0,1.0,1.0,1.0,1.0,1.0,1.0,1.0,1.0,1.0,1.0,1.0,1.0,1.0,1.0,1.0,1.0,1.0,1.0,1.0,1.0,1.0,1.0,1.0,1.0,1.0,1.0,1.0,1.0,1.0,1.0,1.0,1.0,1.0,1.0,1.0,1.0,1.0,1.0,1.0,1.0,1.0,1.0,1.0,1.0,1.0,1.0,1.0,1.0,1.0,1.0,1.0,1.0,1.0,1.0,1.0,1.0,1.0,1.0,1.0,1.0,1.0,1.0,1.0,1.0,1.0,1.0,1.0,1.0,1.0,1.0,1.0,1.0,1.0,1.0,1.0,1.0,1.0,1.0,1.0,1.0,1.0,1.0,1.0,1.0,1.0,1.0,1.0,1.0,1.0,1.0,1.0,1.0,1.0,1.0,1.0,1.0,1.0,1.0,1.0,1.0,1.0,1.0,1.0,1.0,1.0,1.0,1.0,1.0,1.0,1.0,1.0,1.0,1.0,1.0,1.0,1.0,1.0,1.0,1.0,1.0,1.0,1.0,1.0,1.0,1.0,1.0,1.0,1.0,1.0,1.0,1.0,1.0,1.0,1.0299230126764458,0.6851074999595348,0.6790063719089297,0.5180497898372014,0.7267935300586537,0.8460852073183228,0.5770884307394835,0.5955146637255146,0.514278626289435,1.0866532823535366,0.5399749110775809,0.7960731134229635,0.8704168273088049,0.5118886932884632,0.5690039859149594,0.7550148476152841,0.6383270170660984,0.7500310583756874,0.5325855434237723,0.4934772252740217,0.6679275666288556,0.5730341318546718,0.5478904968883356,0.6965865747213391,0.821491920840859,0.7214711945073955,0.5330433460017354,0.6569207075414585,1.1785955538510953,0.6930508824777439,0.5980815887963944,0.6521739313689572,0.6729960549237992,1.2476674581731162,0.8317558969907328,0.5582828484901023,0.624750912622537,0.6890987294570867,0.9006627772887121,0.7785849389263482,0.7465891319905339,0.6638341217513188,0.594874917599266,0.3396347409923846,0.6475407682730763,0.6214212209255341,0.6063366469514346,0.6769454296074424,0.536741892685195,0.6251846708859903,0.8496884442230298,0.7950812288379151,0.7377979555022507,0.5262110486890835,1.0378969112408134,0.7329423045891809,0.7790895225074046,2.4905114231003256,1.0068287179619682,0.6583550190733269,0.8770234485017963,1.164322302741944,0.5432428063569293,0.5319710402805098,0.7214785882250636,0.7096318461699069,0.6500183224364077,0.5461680943104763,0.6345021841074879,0.5192243957369307,0.6470046019476473,0.7189161587430066,0.5636706249267911,0.558793708890619,0.7088382706563381,0.45814484939382816,0.6455494561551977,0.6876408148560971,0.5737208518489172,0.5939354590911429,0.5724605112320538,0.5805970951404588,0.5723911085126816,0.6959713549816398,0.7601843252164846,0.6166927350297653,0.7986012741299617,1.0864465472728035,0.7741035492912131,0.6504852616106265,0.5124440245452149,0.8099091273276787,0.6570601616283248,0.5862538505213248,0.5965212020459305,0.7206800041752508,0.638567176058133,0.8278071890626544,0.8077589454454701,0.6392216949677867,0.92498527492178,0.7337804332740847,0.5543332749788117,0.6812679488337086,1.275005596410613,1.0658802228170101,0.6401854059351058,0.548708931866565,0.5445349914137173,0.594774303680825,0.5866938888683126,0.5830934062394086,0.5126926263827315,0.49873701869126563,0.6254267038001857,0.7544669265030879,0.5656141480747043,0.5260729161569098,0.536435500597686,0.5872400695646094,0.7115354400096714,0.9631778088555861,0.6330539612245957,0.7669559393794105,0.5151284338485416,0.6204817469384076,0.8391390962358365,0.5335652682296688,0.7344751255039693,0.7039673998235373,0.5912813273204323,1.0187938881446963,0.5816721147156156,0.8558584518154563,0.7630489889974982,0.7248530528695398,0.777200363530325,0.48001576878064506,0.6616099667349206,0.5240408793892969,0.6577368808285031,0.6819584994626557,0.7259290959412437,0.5473319046955734,0.6421547536241969,0.9033249954589082,0.6099381973714431,0.5275336170928343,0.6040844006086222,0.5361240149041265,0.7478797509080597,0.6350328243717225,0.7966755355152063,0.855364622718046,1.3469785263451954,0.7521437297913217,0.5637209945456891,0.5020298551359169,0.5730111449549131,0.7210637261209007,0.7682266734159853,0.57869366133243,0.5103836486114033,0.6547990532925527,0.5760308434331842,0.6672243033098652,0.559059323693139,0.6216757412604255,0.4395506489749005,0.6288689750114258,0.7518737215628221,0.7576378722289461,0.6051023873842525,0.6888228656290107,0.6721604865437749,0.63643482059626,0.6293020476864686,0.6727986765171369,0.5718292280893719,0.53803427473415,0.5559099725449412,0.6937420291612537,0.7199361604146166,0.5885801493998666,0.779257140034259,0.733056073747663,0.6931723472891345,0.5659860698162535,0.4918857714986881,0.797585123377474,0.7048959161997569,0.6275113897881621,0.6486724169039189,0.6394011548453226,0.4527914905855464,0.7052093324794063,0.7194438768120884,0.6365814489828188,0.5941368552652142,0.5233516400512253,0.6414858722858237,0.6426354564648095,0.6383821179385084,0.5293898326145272,0.674271321750808,0.6029464393426514,0.6678963234295009,0.701663066257169,0.6253279174366148,0.5937636271349709,0.6702924781225046,0.6849657414185937,0.8661057612158058,0.6386992441492543,1.696019990814044,0.42005417529797423,0.5629075795651763,1.331556924954765,0.7307577462156121,1.3063521959800846,0.6883095714373725,0.6102235675732436,0.7823261378100794,0.563776170241048,0.6973836880800176,0.8532170496079561,1.05944466303858,0.7394044402775233,0.7936072761580577,0.706420783785563,0.9274709615406487,0.6170834369790632,0.521363186078404,0.729124808447883,0.4257221229236412,0.7072197255022681,0.5281396211312608,0.5713955717837579,1.0174562738856685,0.6639151959751248,1.5008171315772796,0.5657754232005368,0.822208268604815,0.5116970459478848,0.5820057670466454,0.5554015415340303,0.7230091287264284,0.8714779836050919,0.6078714656130667,0.6254967118352658,0.6298477785017607,0.5640551666340037,0.7017917094929323,1.500022431978032,0.8997923308126949,1.1214368649704642,1.1516715724500641,0.42210633526087327,1.0441032927822826,0.9049307349849234,0.8065434955745361,0.6942961955174126,0.8158343944965657,0.8150899487073173,0.829076065367558,0.7289368290457116,1.1735350123049013,0.7281040045229834,1.000342977973216,0.7988144452135144,0.8332679919859913,1.0636890974097306,1.5277840174697785,0.7569553812913025,0.8440991001546692,1.3642838473990562,0.9756296326248202,0.6467100638549845,0.6667937545572442
1.0,1.0,1.0,1.0,1.0,1.0,1.0,1.0,1.0,1.0,1.0,1.0,1.0,1.0,1.0,1.0,1.0,1.0,1.0,1.0,1.0,1.0,1.0,1.0,1.0,1.0,1.0,1.0,1.0,1.0,1.0,1.0,1.0,1.0,1.0,1.0,1.0,1.0,1.0,1.0,1.0,1.0,1.0,1.0,1.0,1.0,1.0,1.0,1.0,1.0,1.0,1.0,1.0,1.0,1.0,1.0,1.0,1.0,1.0,1.0,1.0,1.0,1.0,1.0,1.0,1.0,1.0,1.0,1.0,1.0,1.0,1.0,1.0,1.0,1.0,1.0,1.0,1.0,1.0,1.0,1.0,1.0,1.0,1.0,1.0,1.0,1.0,1.0,1.0,1.0,1.0,1.0,1.0,1.0,1.0,1.0,1.0,1.0,1.0,1.0,1.0,1.0,1.0,1.0,1.0,1.0,1.0,1.0,1.0,1.0,1.0,1.0,1.0,1.0,1.0,1.0,1.0,1.0,1.0,1.0,1.0,1.0,1.0,1.0,1.0,1.0,1.0,1.0,1.0,1.0,1.0,1.0,1.0,1.0,1.0,1.0,1.0,1.0,1.0,1.0,1.0,1.0,1.0,1.0,1.0,1.0,1.0,1.0,1.0,1.0,1.0,1.0,1.0,1.0,1.0,1.0,1.0,1.0,1.0,1.0,1.0,1.0,1.0,1.0,1.0,1.0,1.0,1.0,1.0,1.0,1.0,1.0,1.0,1.0,0.6626793883290387,0.6582411596700148,0.5004693367805071,0.7024096749547984,0.8183230871486517,0.5581090728654639,0.5757723454609498,0.4971222438582737,1.0508815370606392,0.5217330816465165,0.7693236191078116,0.8421300760356338,0.4953331467842972,0.5506491638217844,0.7297011723883507,0.6165402491635537,0.7257566679572732,0.5156876299162798,0.4768135580922028,0.6466384046155247,0.5547260783486359,0.5298019319301634,0.6735820944192991,0.7932039040514446,0.6974303371426916,0.5152641245342988,0.6350846251071407,1.140331573132789,0.6700169929772996,0.5791776227612435,0.6302851760514716,0.6505970005014179,1.2054082693162713,0.8090041908418691,0.5410057782559194,0.6038033395684748,0.6663052503748521,0.8696075843926911,0.7532981724705906,0.7215780422058882,0.6412762498302664,0.5762335819588221,0.3286768510238246,0.6269998705676912,0.6005163181856956,0.5869920436538484,0.6553515750107864,0.5191710352244246,0.6056485147639807,0.822274146056859,0.7681621801361053,0.7129486851090411,0.5093183127497103,1.003903969938193,0.7097983197779796,0.7537999081553771,2.4289081765212117,0.9693322469543804,0.6363764401137679,0.8478685974958856,1.1293721771301484,0.5248514046136346,0.5137122279440197,0.6974667749708735,0.6852293521194311,0.6287060357804269,0.5283007265659873,0.6142885531617959,0.5016661086093768,0.6261410592650245,0.6955521332745223,0.5449254581684729,0.5402714954341372,0.6865852845695708,0.443127373380094,0.6247769460864422,0.665563826948794,0.554386368589435,0.5745071231698098,0.5529709654708324,0.5613448761611046,0.5532136338816437,0.6728610024153537,0.7358403497553819,0.595989188537304,0.7719357988537043,1.0537248740106322,0.7491552521177294,0.6281284001335712,0.4954710220403665,0.7842022644577664,0.6351952329241555,0.5661154891377292,0.5764331730234316,0.6988012957808309,0.6176577335404205,0.7996733904550322,0.7820697776225235,0.6181444861518628,0.8940995245560139,0.709772631860375,0.5352905205711076,0.6596379278505264,1.2394527100779236,1.0317318935977537,0.6188284089795368,0.5304944642789792,0.5273336609263642,0.5748949660989369,0.5671441969423114,0.5633223636154908,0.4959839225456305,0.48195510245193207,0.6048955498839881,0.7310723536202184,0.5465511966373562,0.508963204267401,0.5183362335987495,0.5666855775928288,0.6875940532881434,0.9303059671109565,0.6127865217437123,0.7424862795369164,0.49755461452921734,0.5994844379071234,0.8141727648154485,0.5151359645300462,0.710765312705656,0.6795774876865097,0.5716284762213,0.984665490755422,0.5619265052358513,0.8257902156693259,0.7376184554851795,0.7009786988064219,0.7545504082507155,0.4640285949316985,0.6390204508864125,0.5058787181890216,0.6361003022574445,0.659496930863225,0.7017958425238102,0.5289774840781865,0.6199744871414259,0.8747803739527176,0.5889459555722576,0.5096769871212898,0.5849488175044618,0.5182420760872359,0.7230116556296969,0.6145077392283269,0.7702899665680056,0.826669162655173,1.3023738622703842,0.7266739539636926,0.5447553528900438,0.4858127577105201,0.5538392012311536,0.6965510667055623,0.7433424260141577,0.5595835609305659,0.49370780032768347,0.6322781573843905,0.5578144979069615,0.6456481547328856,0.5402071314927663,0.6022503675842417,0.4248199153599232,0.606819093590681,0.7257528393712429,0.7319531275806854,0.5850388487828275,0.6654958272120536,0.6514466350957253,0.6146363744585123,0.6080237516014274,0.6487738015874616,0.5527256163946304,0.5192332624763272,0.5352291886690391,0.6695583264562446,0.6960408318931008,0.5689612646577015,0.7543631859590708,0.7089440988910878,0.6701361279225642,0.5477523549564052,0.4759561403324254,0.77083922700131,0.6832679905654112,0.6070471604879293,0.6279590938752335,0.6182186851399387,0.43764198436976026,0.6815958280516341,0.7019212621540081,0.6167108812720675,0.5749515669488232,0.5053076782029932,0.6208895539691592,0.6219435191946351,0.6170049593355081,0.5126887824310176,0.6517288263320813,0.5840280885700834,0.6470607729916782,0.6791196125942318,0.6048692350789764,0.5744524831213755,0.648483989451841,0.6629592961199134,0.8377371195852514,0.6171012885102656,1.6372660895079323,0.40614636556694617,0.5459151872766752,1.291020453177339,0.7063875226861135,1.262431790722818,0.6652500664933262,0.589886500749524,0.7571537674864808,0.5448533965275866,0.673439835751432,0.8284499226590454,1.0356929890612152,0.7162315376689167,0.7649058579036517,0.6828310698038558,0.9019144268845601,0.5967111327333527,0.5053266341515712,0.7045172601540128,0.41232768393980257,0.6871771741150088,0.5119157784894628,0.553427741473422,0.9871567584997515,0.6422128497290722,1.4581383553557363,0.5463100073138965,0.7942959249581879,0.4942148807501733,0.5622599614733703,0.5364109705205472,0.6989446059062588,0.8429045099893809,0.5882106088518428,0.6051711548803774,0.6093992684950549,0.5471412013838798,0.6786377562531896,1.449173346006721,0.8691547046311021,1.082201593283871,1.1079587136249778,0.40866173009225104,1.014882188589222,0.8769821120081034,0.780285483468574,0.6704947412813947,0.7888703483631808,0.7868072226675309,0.8005809675396822,0.7036346115560413,1.1372520529358328,0.704492029663192,0.967609064458993,0.7731108133092202,0.8061741506360148,1.0282925119865194,1.4840038332382077,0.7348782613603078,0.8157289353710799,1.3180845290773968,0.9438762956324954,0.627650136520296,0.6440717256171807
1.0,1.0,1.0,1.0,1.0,1.0,1.0,1.0,1.0,1.0,1.0,1.0,1.0,1.0,1.0,1.0,1.0,1.0,1.0,1.0,1.0,1.0,1.0,1.0,1.0,1.0,1.0,1.0,1.0,1.0,1.0,1.0,1.0,1.0,1.0,1.0,1.0,1.0,1.0,1.0,1.0,1.0,1.0,1.0,1.0,1.0,1.0,1.0,1.0,1.0,1.0,1.0,1.0,1.0,1.0,1.0,1.0,1.0,1.0,1.0,1.0,1.0,1.0,1.0,1.0,1.0,1.0,1.0,1.0,1.0,1.0,1.0,1.0,1.0,1.0,1.0,1.0,1.0,1.0,1.0,1.0,1.0,1.0,1.0,1.0,1.0,1.0,1.0,1.0,1.0,1.0,1.0,1.0,1.0,1.0,1.0,1.0,1.0,1.0,1.0,1.0,1.0,1.0,1.0,1.0,1.0,1.0,1.0,1.0,1.0,1.0,1.0,1.0,1.0,1.0,1.0,1.0,1.0,1.0,1.0,1.0,1.0,1.0,1.0,1.0,1.0,1.0,1.0,1.0,1.0,1.0,1.0,1.0,1.0,1.0,1.0,1.0,1.0,1.0,1.0,1.0,1.0,1.0,1.0,1.0,1.0,1.0,1.0,1.0,1.0,1.0,1.0,1.0,1.0,1.0,1.0,1.0,1.0,1.0,1.0,1.0,1.0,1.0,1.0,1.0,1.0,1.0,1.0,1.0,1.0,1.0,1.0,1.0,1.0,1.0,0.9903641256548145,0.7552344757209961,1.0585734008141234,1.2342935538011386,0.8413072741603198,0.8675091110493188,0.7497935743531461,1.581698665286301,0.7862554822640755,1.1608535086664586,1.268931955021469,0.7464285511353815,0.8290040716423177,1.1001686573407428,0.9308339792664235,1.0942497303010383,0.7765490580437071,0.719446629453218,0.9737353121535083,0.8354578435246326,0.7976002150853595,1.016495772737254,1.196951529050638,1.0512393158888829,0.7779244634108919,0.9577676140868985,1.718442680009158,1.0098977519398384,0.872703541137636,0.9501365721384147,0.9804284023968426,1.8187757685377544,1.2149763906299702,0.8151015965507513,0.9109815474874318,1.0046382900172082,1.3134121245523231,1.1339094317806988,1.0872056791251272,0.9672545618574049,0.8670392128503532,0.4948454320411376,0.9438050440030573,0.9064952927837248,0.8842854929692594,0.9862029813039714,0.7826736479687211,0.9119598600719483,1.2390000936476864,1.158419445681239,1.0749240694456546,0.7672312513663544,1.5131345857873157,1.067673952036896,1.1349714580846293,3.6567671715217873,1.4676691435749727,0.9608775991742835,1.281392633971819,1.6969045032028278,0.7917956614370416,0.7753061293307215,1.0523390851534107,1.034245441870247,0.9479987875810039,0.7961529298863144,0.9255806829245212,0.7567296358397857,0.9432951637162275,1.0482334543247813,0.8220523176987207,0.8152032563962996,1.0339934215071072,0.6688622484204169,0.9420728570388617,1.0022782245504573,0.8373723094805695,0.8668660624576486,0.8350508548447383,0.8466448816248343,0.8341865326790057,1.0141116292176116,1.1083226716707486,0.8996680733789286,1.164630376065161,1.5846078969599975,1.1284266318833436,0.9477945094172417,0.7475020113896866,1.1812621328176107,0.957317883702711,0.8536341694643187,0.8699161318847696,1.050662735605828,0.9308702220539986,1.20535421699832,1.17789145894591,0.9303894761389006,1.3485305506005372,1.0712619268570278,0.8079196024396313,0.9933836097763187,1.8612461717152202,1.552574034083755,0.9328363099349113,0.8001421613198881,0.7945659127059475,0.867733357689624,0.8562475304437354,0.850176755984522,0.7479157639579217,0.726804786491255,0.9108380686016833,1.0998759620658778,0.8245331416017778,0.7675769703609041,0.7818129373883445,0.8561833984677044,1.0365613059017396,1.403029933611652,0.9241537055674303,1.1181530390214842,0.751100786308825,0.90370266203074,1.2256681432537866,0.7790048923069364,1.0711693415625907,1.025665098303436,0.8629181930949332,1.4835234231154644,0.848522794800521,1.2483303653832731,1.11170226265083,1.056529910247706,1.1331857649314239,0.7001287630769683,0.9642190260507568,0.7638389199587585,0.9597449891476635,0.9937921781926156,1.0576693200275076,0.7981067381381559,0.9368337493034415,1.3170420330598258,0.8887287703367249,0.7697714168630447,0.8821449398135347,0.7822683560913102,1.0903346672160001,0.9254287281571445,1.160243276994411,1.247301122829904,1.964082773866583,1.0981899558770785,0.8221713798608669,0.7321306194498747,0.8354950608702845,1.0500425113477072,1.1198798830543213,0.8436139249890875,0.7444448565460057,0.9542738606869223,0.8404902413933297,0.9728386224577452,0.8142671590034907,0.9067788148268071,0.6419516137112143,0.9162077433332019,1.0972331148338135,1.104637595290272,0.8822116063931278,1.0046171148194023,0.979620048520613,0.9280601552667613,0.9169684661763191,0.9803703320197568,0.8336135406807839,0.7842160364665637,0.8089485380302589,1.0109506771863637,1.0526071741369403,0.8580106601406117,1.1362587094578984,1.0662706860640543,1.009892597264347,0.8258117702500752,0.7172312302977671,1.1637175985493051,1.0292036328542795,0.9144010676938299,0.9473416609176075,0.9331402145400975,0.6608256188807906,1.0285658816156489,1.0552977393656433,0.929115199213197,0.8675402026655097,0.7642607232518204,0.9360282618730729,0.9379155808215962,0.9311287029504385,0.7721572179192937,0.9832321764378483,0.8795933870719588,0.9754440603611116,1.0258498344446234,0.9128429280282202,0.8678556044871043,0.977994230386144,0.9995993278578412,1.2622379899654659,0.9318220733991132,2.4805989928752052,0.6127911917199591,0.8224387953999841,1.9383145616101731,1.065697899836211,1.9013611913574997,1.002576885367345,0.8895776874851011,1.1412069965744105,0.8219717850570128,1.015974967364051,1.2454043123760976,1.5450242494239548,1.077670562706248,1.156605128715284,1.0307884284675888,1.3553998354560721,0.899134906416402,0.7604485560593036,1.065383467284967,0.622085879076665,1.0331286868179221,0.7714446901318914,0.8338167795985323,1.4858671562997385,0.9697880917446688,2.192333146728608,0.824314905486206,1.2000107764291779,0.7463162100190128,0.8508048056694506,0.8096044347378994,1.0538372778861276,1.2705247382280185,0.8855562768489902,0.911951900772167,0.9170816215347526,0.8231065217652459,1.0227033158326746,2.1852243994699965,1.3107717708762372,1.6274209625651777,1.683086107812483,0.6160541166144187,1.525265691154404,1.3203794150642116,1.1755070370843168,1.0117742175788442,1.1893416617409174,1.188213993351467,1.2084487790598168,1.0623152066888424,1.7136283880220702,1.0630914115393677,1.4631350895975483,1.1631084970755956,1.214701762328339,1.5504673035075118,2.235460522515055,1.1045420586722057,1.2303215641907708,1.9838982345971314,1.4209846139258613,0.94414018185548,0.9724879105215921
1.0,1.0,1.0,1.0,1.0,1.0,1.0,1.0,1.0,1.0,1.0,1.0,1.0,1.0,1.0,1.0,1.0,1.0,1.0,1.0,1.0,1.0,1.0,1.0,1.0,1.0,1.0,1.0,1.0,1.0,1.0,1.0,1.0,1.0,1.0,1.0,1.0,1.0,1.0,1.0,1.0,1.0,1.0,1.0,1.0,1.0,1.0,1.0,1.0,1.0,1.0,1.0,1.0,1.0,1.0,1.0,1.0,1.0,1.0,1.0,1.0,1.0,1.0,1.0,1.0,1.0,1.0,1.0,1.0,1.0,1.0,1.0,1.0,1.0,1.0,1.0,1.0,1.0,1.0,1.0,1.0,1.0,1.0,1.0,1.0,1.0,1.0,1.0,1.0,1.0,1.0,1.0,1.0,1.0,1.0,1.0,1.0,1.0,1.0,1.0,1.0,1.0,1.0,1.0,1.0,1.0,1.0,1.0,1.0,1.0,1.0,1.0,1.0,1.0,1.0,1.0,1.0,1.0,1.0,1.0,1.0,1.0,1.0,1.0,1.0,1.0,1.0,1.0,1.0,1.0,1.0,1.0,1.0,1.0,1.0,1.0,1.0,1.0,1.0,1.0,1.0,1.0,1.0,1.0,1.0,1.0,1.0,1.0,1.0,1.0,1.0,1.0,1.0,1.0,1.0,1.0,1.0,1.0,1.0,1.0,1.0,1.0,1.0,1.0,1.0,1.0,1.0,1.0,1.0,1.0,1.0,1.0,1.0,1.0,1.0,1.0,0.7580429982523622,1.0612112467104828,1.2429241839882028,0.8441796194843265,0.868237196600296,0.7533357140290604,1.5836204265656335,0.7870646394556127,1.163222022174347,1.2730463224818398,0.747383836002695,0.8308060284778025,1.0969786149831158,0.9333153500243243,1.0990990029374004,0.781332458293188,0.7210603855399557,0.9771790715848349,0.8395704300632731,0.7970499284939422,1.0181878303833596,1.1954309156627223,1.0570655449233706,0.7824143938297752,0.96118412049158,1.72423982631406,1.012379328892075,0.8809235159123739,0.9538928782200609,0.9826699097845074,1.8206221737263806,1.236823643725927,0.8226821710518413,0.9149126232884023,1.005859322127878,1.3150684181596817,1.132375580356653,1.088471138644185,0.9686283340901468,0.8702425507664434,0.49711003465288855,0.9450134487806628,0.910659920665142,0.8885699011773394,0.9916151951148346,0.7878112524350664,0.9185072418537352,1.2436921500433347,1.1570056571719096,1.077912975438584,0.770719673916851,1.5191150835442788,1.0692574841738378,1.137002194619358,3.8070531938345167,1.4617784624884391,0.9652488707792196,1.2958002618731943,1.706427826970215,0.794653873726016,0.7761709202319926,1.0536129350216275,1.0360782415885847,0.9517388886779928,0.7987392303764032,0.9292570674163381,0.7586636185923619,0.9490989873852906,1.052326681909911,0.8274551900889586,0.8189472683567107,1.0402687542031321,0.6742399535891972,0.9475112589181136,1.0063469801630553,0.8408971247416281,0.872986049778355,0.8377401659478111,0.8509875563210901,0.8338827940938802,1.016240857434541,1.1116678377625866,0.9036215508596015,1.1658375779769312,1.5926522329507797,1.133706707726254,0.9488793591670959,0.7513241378436837,1.1879018911217987,0.9603477167879793,0.8594690690047408,0.8733819946931491,1.0516397573257654,0.9344099864509392,1.2079985170696492,1.1843135398622497,0.9308679009842222,1.3512483750092676,1.0798087435907142,0.8095477468347443,0.9980668470890572,1.8844999672237983,1.5588014951169724,0.9338079895492983,0.801698259280309,0.7996934649203955,0.8693566385546379,0.8619572497595553,0.8530195217095238,0.7520646818237675,0.7291387309073374,0.9122528291768115,1.1058725386652406,0.8259784612436185,0.7722879196207391,0.7851921682061221,0.8575279013911208,1.0370597417796807,1.4015426655477135,0.9261764148041101,1.1219057238034935,0.7528132827854523,0.9047718127112764,1.2442934981292209,0.7825935822668488,1.0749213627063472,1.0262307744701582,0.8673785275358579,1.4789023949998121,0.8502318189664044,1.2457308714448558,1.1141845485421609,1.0597851564148693,1.1455351607506468,0.7037618391220336,0.9664401514123646,0.7656828269787064,0.9670353455721891,0.9975605561767659,1.061875871803585,0.8006042296972162,0.9361343032077543,1.3215789845992103,0.8906249238910042,0.7758592684236438,0.8928437250120067,0.7845541004762491,1.0930856688577282,0.9291661634227506,1.164815704216149,1.2490859036752453,1.9743579934874957,1.1039945048896063,0.8252807333025326,0.7376392305111146,0.8384754576765916,1.0497779605805888,1.1233665450062527,0.8471382068709531,0.7481523121603117,0.9536298273184474,0.8477079810252309,0.9774798690726221,0.8152029957766672,0.9137271007266805,0.644707625482078,0.909650993265565,1.1025900085443836,1.1043731535854828,0.8864478567463767,1.0076473604852143,0.9862279454871461,0.9310213965927834,0.9187862327207298,0.9808359033609328,0.8358252017365254,0.784818029173694,0.8053711601523975,1.0067392684337648,1.062618950582983,0.8623110154611295,1.1408469002109531,1.0642705828897099,1.0131801105206837,0.8318576861694739,0.722311043410774,1.166956051283025,1.0401716232177054,0.9197638015889229,0.9566681815846874,0.9389406236899218,0.663604908962833,1.031765743347453,1.080475062137205,0.938629044198664,0.8751789397559352,0.7678125376003089,0.9420145135474992,0.9451615231182928,0.9347847992134937,0.7753617828276326,0.9884805174092092,0.8894102242288773,0.9856090512090832,1.038846000396887,0.9238649815787383,0.8783928483099555,0.983998721992012,1.0081086888098278,1.2624331107106928,0.937237990126767,2.471782436673628,0.61625195668159,0.8309817085840574,1.9549572026758986,1.0659536676241372,1.8998707595672655,1.0071978064718206,0.8961389515506586,1.147488433540673,0.8244028392758044,1.020347544358355,1.2600339142975512,1.582893409575002,1.0866791571139585,1.1563279613568442,1.0359445741015307,1.3830979322207342,0.9028963299806905,0.7668854345770024,1.07044652775395,0.6290081389263364,1.0500314945858777,0.7819141330368913,0.8414972479397752,1.503729837350343,0.9763208518850044,2.2203761482812263,0.8255403585319596,1.202679869876616,0.7483469597254778,0.8549751110507906,0.8111177606588771,1.057015864143033,1.2759069603034248,0.8907817857212237,0.9156349465863216,0.9207980779549596,0.8335837078215158,1.0256574329446941,2.196014758334596,1.3150529341683876,1.6154821268677588,1.6733093691337115,0.6208387322325022,1.5474878702283787,1.3272586499653267,1.180764052458576,1.0101812384006754,1.192391011688881,1.1893669444149202,1.2109835049968838,1.0601703742655848,1.7277780024026665,1.0736017405937637,1.4696590736467063,1.16448532463343,1.2200433464401321,1.557310941542179,2.2908239145587928,1.1216059663855655,1.234303247906271,1.9908173537303504,1.4267613880997057,0.9547348620780792,0.9759660371102044
1.0,1.0,1.0,1.0,1.0,1.0,1.0,1.0,1.0,1.0,1.0,1.0,1.0,1.0,1.0,1.0,1.0,1.0,1.0,1.0,1.0,1.0,1.0,1.0,1.0,1.0,1.0,1.0,1.0,1.0,1.0,1.0,1.0,1.0,1.0,1.0,1.0,1.0,1.0,1.0,1.0,1.0,1.0,1.0,1.0,1.0,1.0,1.0,1.0,1.0,1.0,1.0,1.0,1.0,1.0,1.0,1.0,1.0,1.0,1.0,1.0,1.0,1.0,1.0,1.0,1.0,1.0,1.0,1.0,1.0,1.0,1.0,1.0,1.0,1.0,1.0,1.0,1.0,1.0,1.0,1.0,1.0,1.0,1.0,1.0,1.0,1.0,1.0,1.0,1.0,1.0,1.0,1.0,1.0,1.0,1.0,1.0,1.0,1.0,1.0,1.0,1.0,1.0,1.0,1.0,1.0,1.0,1.0,1.0,1.0,1.0,1.0,1.0,1.0,1.0,1.0,1.0,1.0,1.0,1.0,1.0,1.0,1.0,1.0,1.0,1.0,1.0,1.0,1.0,1.0,1.0,1.0,1.0,1.0,1.0,1.0,1.0,1.0,1.0,1.0,1.0,1.0,1.0,1.0,1.0,1.0,1.0,1.0,1.0,1.0,1.0,1.0,1.0,1.0,1.0,1.0,1.0,1.0,1.0,1.0,1.0,1.0,1.0,1.0,1.0,1.0,1.0,1.0,1.0,1.0,1.0,1.0,1.0,1.0,1.0,1.0,1.0,1.401782631554226,1.6335499011169285,1.1134003170729814,1.1482843572742654,0.9926438241039958,2.094941352800273,1.0413607661962958,1.5363140753451328,1.6787804929711236,0.9872996717791869,1.0969315851560626,1.4552635612453344,1.232614674260502,1.447382450322574,1.0273458526352757,0.9524510705148812,1.2879565022201565,1.1053687342854552,1.0559630299030232,1.3439694844098686,1.5852174331321254,1.392124825129141,1.029363232458731,1.2677290169666302,2.273512070262731,1.3368620312418866,1.154846753923613,1.2582886809056741,1.297946288458979,2.407430919896991,1.605090624335843,1.0778811613190769,1.205970888468922,1.3292555563799695,1.7384971222147354,1.5005898723210414,1.4395380768461505,1.2807989119855157,1.1468391044248611,0.6551212412936345,1.2482037874304162,1.1998799301793965,1.1697244452109312,1.305467319240075,1.0360256803177208,1.2066262522316653,1.639104542645292,1.53351144460932,1.4233452975039138,1.0151040677911833,2.0025053787935883,1.4127200322107294,1.50180405362401,4.826145542516041,1.9454658905998756,1.2714826542325703,1.6969324061897337,2.243675211282246,1.0485212693423562,1.0266868612999431,1.3923398473965805,1.3695667866034866,1.2544204737990088,1.0535507496841277,1.2244996631535352,1.0019514883533804,1.248561732845466,1.387061469463028,1.0887217447082134,1.0789366147231776,1.3672645225394882,0.8851550609150943,1.2458735633644837,1.3261633926941339,1.108225093619347,1.1471842079615677,1.1055740558271447,1.1209386624018916,1.10379136207793,1.3423947878548323,1.4661740308397522,1.1910157198498441,1.5410168690544301,2.0945652930016134,1.4933402969254592,1.2550674180674322,0.9892648962860647,1.5628398024069088,1.2673338103751153,1.132048682192094,1.1516337509620844,1.3889012208148492,1.232097238231508,1.5965848909813762,1.5582711135711764,1.232036640033983,1.7847368614777928,1.4178566644383832,1.0698608334559674,1.3140681434842667,2.4581601707020697,2.0547421154652206,1.2348318002145742,1.0587256957728333,1.0509235805538206,1.148050637122493,1.1335631001642548,1.125571322805892,0.9897644159604522,0.962588934254641,1.2058002980823794,1.4548010169514691,1.091285292227799,1.0155089449367338,1.0355799372837908,1.1338176073789021,1.3723342679590993,1.8572944860718632,1.2216928438102452,1.4788973472094202,0.9944516141689261,1.1971111071358584,1.6203325701249187,1.0313275590430038,1.416964242040961,1.3582791461380597,1.1419733229307463,1.963310567431807,1.1229690214932129,1.6524385960049908,1.4717041088515945,1.398295446674421,1.4983632508623472,0.9267708338627092,1.2767748246421073,1.0116413561189623,1.2706286980250474,1.3155586172238523,1.4004040376797795,1.0565312280547667,1.23887866884041,1.7416282220517725,1.1773514334205575,1.0194181239679585,1.1673433478849098,1.0349080959065562,1.44298817906926,1.2246376243625203,1.5364907582348937,1.6506119041608558,2.6000623048885836,1.4534737632059844,1.0883287309464755,0.9691144123386624,1.1061426898958582,1.3902502804856947,1.481623660330219,1.116884620337765,0.985095922768064,1.2630017387860315,1.1121528813255508,1.2874059333742511,1.078459168783756,1.1995619540341915,0.8491719332652502,1.2120351852051177,1.45270545630314,1.4621867930526105,1.1679134932178834,1.3297425911557588,1.2966672846668583,1.2289688118599849,1.2139665063925418,1.2988010875572877,1.1034151407088597,1.038574481729451,1.0728517409449254,1.338185930901088,1.3926953308183938,1.1359862446815585,1.502997662067063,1.4117040827834004,1.3370345406803048,1.0929637906293448,0.9493014914457981,1.5395994205564398,1.360975565736607,1.2107624331239641,1.253002637802646,1.2348550200069723,0.8744149092933233,1.3611545856485678,1.3908138559413992,1.229261948315372,1.1477272516841501,1.0116609932071507,1.2383949479827945,1.2409468386796934,1.232536327559135,1.0211694423870687,1.301650121439991,1.1644559038811009,1.2901248780413415,1.3571119277397212,1.2087456576009883,1.1483692765355453,1.2942557454819932,1.3225172130923584,1.6706033684332058,1.23387698158599,3.273322213252678,0.810963608269113,1.0870755372575742,2.5657744360012433,1.409850890903499,2.517678127842347,1.3279375131579574,1.178384045945848,1.5096176541179884,1.0880227939578475,1.3458976715282251,1.645966675816026,2.0418271877314504,1.4259857523125619,1.5324198453821158,1.3642343936092398,1.7912019631971305,1.1903333588911358,1.005896593889748,1.409738151834869,0.8227097715689032,1.3653538662739484,1.0203913907614353,1.1031459399655428,1.964251568464677,1.2824043254667397,2.896783946209797,1.09172817707733,1.5874552201764511,0.9880002967272435,1.1255068074422265,1.0718622984012915,1.3949256425780514,1.6812933110950052,1.1727145545086923,1.206726858685911,1.214837890016081,1.08891545283577,1.3537058309255452,2.8943761219318986,1.7357942086772533,2.1587338679915566,2.225542183741987,0.8150837735802985,2.0144128601228117,1.745368973073424,1.5559362945058894,1.3391241824756588,1.5737878529135476,1.5732613337655448,1.600204079183838,1.406514505927848,2.2656758584538714,1.4067568092984706,1.9323317073288713,1.5392312391242688,1.6074990503676452,2.053249041776101,2.9542402239647108,1.4617129886921822,1.6287546025728261,2.631296728193845,1.8815541703423069,1.2482729584938,1.2874776479875525
1.0,1.0,1.0,1.0,1.0,1.0,1.0,1.0,1.0,1.0,1.0,1.0,1.0,1.0,1.0,1.0,1.0,1.0,1.0,1.0,1.0,1.0,1.0,1.0,1.0,1.0,1.0,1.0,1.0,1.0,1.0,1.0,1.0,1.0,1.0,1.0,1.0,1.0,1.0,1.0,1.0,1.0,1.0,1.0,1.0,1.0,1.0,1.0,1.0,1.0,1.0,1.0,1.0,1.0,1.0,1.0,1.0,1.0,1.0,1.0,1.0,1.0,1.0,1.0,1.0,1.0,1.0,1.0,1.0,1.0,1.0,1.0,1.0,1.0,1.0,1.0,1.0,1.0,1.0,1.0,1.0,1.0,1.0,1.0,1.0,1.0,1.0,1.0,1.0,1.0,1.0,1.0,1.0,1.0,1.0,1.0,1.0,1.0,1.0,1.0,1.0,1.0,1.0,1.0,1.0,1.0,1.0,1.0,1.0,1.0,1.0,1.0,1.0,1.0,1.0,1.0,1.0,1.0,1.0,1.0,1.0,1.0,1.0,1.0,1.0,1.0,1.0,1.0,1.0,1.0,1.0,1.0,1.0,1.0,1.0,1.0,1.0,1.0,1.0,1.0,1.0,1.0,1.0,1.0,1.0,1.0,1.0,1.0,1.0,1.0,1.0,1.0,1.0,1.0,1.0,1.0,1.0,1.0,1.0,1.0,1.0,1.0,1.0,1.0,1.0,1.0,1.0,1.0,1.0,1.0,1.0,1.0,1.0,1.0,1.0,1.0,1.0,1.0,1.161791937588808,0.79328510751106,0.8194510798561578,0.7067366696500939,1.4953903355437723,0.7431373508389167,1.0948915482558608,1.1965247718266658,0.7041592095335116,0.7825596458136412,1.0397681623082835,0.877969681649268,1.0304852069966954,0.7314674609895554,0.6786195869383783,0.9179228384364355,0.7873047277971207,0.7543655846302436,0.9576986630613047,1.131309170728714,0.9916785616277396,0.7320920385680771,0.9030813833958602,1.6195839452479168,0.9531186969349793,0.8207616141562272,0.8966352687865488,0.9257093439472607,1.7167195229774657,1.1386171653334562,0.7660212900824703,0.8587203236782772,0.9476683074767006,1.2392017628669145,1.0719464513371515,1.0274138982370529,0.91336413152559,0.8177221151634565,0.4668785103844552,0.8909193019087909,0.8539691829752435,0.8331182761770404,0.9303856191311732,0.7374301328646897,0.8586521844488928,1.1677587775939136,1.0946701948710627,1.0146703844362455,0.7229975356305005,1.4268892988647934,1.0084006873248266,1.071736502881914,3.3823230829687416,1.388296040231071,0.9047400911920135,1.2036626181058443,1.5992694448477849,0.7468742219628282,0.7318434524588415,0.9923371917137052,0.9760489709582727,0.8933361634057653,0.7508451366180648,0.8721470663849212,0.7140643882412986,0.8888006341541431,0.9883170803179055,0.7741849105802423,0.767996353080389,0.9733773059403307,0.6288742757535217,0.886511315906261,0.9449966577031542,0.7884063174168112,0.8156052681427016,0.7870375189473302,0.7978341886687128,0.7879921967057255,0.9573084457214128,1.0451058661144352,0.8475587151607751,1.0985461687669968,1.4923459492322946,1.063801373352654,0.8949569511658766,0.7040777779399952,1.112597675925583,0.9035239100426509,0.8057435539584527,0.8199059560095515,0.9912214566373994,0.8779858365675403,1.1388804379481114,1.1095839456879129,0.8796821473669652,1.2721338068742596,1.007523711521706,0.7624565822984493,0.9362911142014897,1.7474349479949307,1.4654024394297043,0.8807763975306502,0.7545928443844664,0.7478310482160939,0.81784481756993,0.8057493030289969,0.8016172895607219,0.7044170068815079,0.6857766364822975,0.8604999697635181,1.036569741775497,0.7780089277504791,0.7225621002017363,0.7374482588939322,0.8078510199193634,0.979230649612707,1.3261936290959904,0.870124104809837,1.054616910557763,0.7082562160086149,0.8539670302282361,1.1491335758219874,0.7332087959862732,1.0094081366964884,0.9686529474689696,0.8122783225209134,1.4035941594295878,0.7998768664846366,1.1781610254292159,1.0495443689865933,0.9966288422389318,1.0658425816739334,0.6595190962269177,0.9098785109146315,0.7207258194585415,0.9033070405816958,0.9373405042375631,0.9979285661052784,0.7524833039024471,0.8831808705199697,1.2417847848832997,0.8391273353964885,0.7242159003284458,0.8282117701630743,0.7369904152274565,1.0282677195760455,0.8729117900675167,1.0954680734587463,1.176480907415499,1.8511998578497604,1.033306906371372,0.7748879330206089,0.689512435299313,0.7878583765224653,0.9925080094022891,1.0560379850294737,0.7954782192119347,0.7013213943825936,0.9013327012943696,0.7906961823280411,0.9167870056647831,0.7693266319174569,0.8534255693550098,0.6038177855720867,0.8672952817231259,1.0330572608983806,1.0428829548026375,0.8319325198923688,0.946873940609249,0.9234806347257762,0.8750813591372335,0.8655488641719793,0.9256779158263735,0.786358299840045,0.7404150640026009,0.7664519549462285,0.9561198985710825,0.9876842305035208,0.8088120341854697,1.0711555284134242,1.0099778074589612,0.9531520829228513,0.7773522280037138,0.6754859121210925,1.096511000726045,0.9667946701073629,0.8620909817599025,0.889843948844522,0.8782628719975846,0.6222369697317225,0.9695773111884063,0.9815198555706703,0.873273814137739,0.8155717210566369,0.7190969257453325,0.8810532061945809,0.882189477916149,0.8774194549149175,0.7276022353010481,0.9268937695475664,0.8270556537177411,0.9159581584331238,0.9618986391050386,0.8575241797292406,0.8140734977443518,0.9209056396829614,0.9400622699395828,1.1922123946573182,0.8778229297728306,2.333063872409608,0.5770781205378175,0.7722553567271958,1.8280375876684345,1.0052426894652593,1.798589859860305,0.9461255832308689,0.8380064533181109,1.0746321636078602,0.7751750148045294,0.9584061289211157,1.169448205402668,1.449051559346536,1.0150042411429707,1.0926711985211437,0.9709513247379592,1.2680106836503473,0.8481851745710389,0.7155803719799574,1.001846869445439,0.5836922101655142,0.9685281806929724,0.7237476121041316,0.783955882343287,1.3943530771259947,0.9114204225755148,2.0569423734543584,0.7784286438045065,1.1302829700756623,0.7035550961276297,0.7994149822331441,0.7639668158509373,0.9940377498506411,1.197623926148721,0.8351250104521334,0.8597337256709022,0.86620741628441,0.7732163296085639,0.9649914670256438,2.0625859828974873,1.2373696830157914,1.5480795819981363,1.5862793525217875,0.5795190078447121,1.4292804283780642,1.242976756611206,1.108601950933707,0.9558834432915224,1.121807047651182,1.1215356920849975,1.1402929305498946,1.0039684833647935,1.610399723325871,0.9987696080346575,1.3723875964072323,1.0994152610393808,1.145273046626759,1.4622079892112103,2.0869658244989644,1.0370169552756168,1.1605792008938065,1.87646445653437,1.3410830192325967,0.8867495795349654,0.9165909112540338
1.0,1.0,1.0,1.0,1.0,1.0,1.0,1.0,1.0,1.0,1.0,1.0,1.0,1.0,1.0,1.0,1.0,1.0,1.0,1.0,1.0,1.0,1.0,1.0,1.0,1.0,1.0,1.0,1.0,1.0,1.0,1.0,1.0,1.0,1.0,1.0,1.0,1.0,1.0,1.0,1.0,1.0,1.0,1.0,1.0,1.0,1.0,1.0,1.0,1.0,1.0,1.0,1.0,1.0,1.0,1.0,1.0,1.0,1.0,1.0,1.0,1.0,1.0,1.0,1.0,1.0,1.0,1.0,1.0,1.0,1.0,1.0,1.0,1.0,1.0,1.0,1.0,1.0,1.0,1.0,1.0,1.0,1.0,1.0,1.0,1.0,1.0,1.0,1.0,1.0,1.0,1.0,1.0,1.0,1.0,1.0,1.0,1.0,1.0,1.0,1.0,1.0,1.0,1.0,1.0,1.0,1.0,1.0,1.0,1.0,1.0,1.0,1.0,1.0,1.0,1.0,1.0,1.0,1.0,1.0,1.0,1.0,1.0,1.0,1.0,1.0,1.0,1.0,1.0,1.0,1.0,1.0,1.0,1.0,1.0,1.0,1.0,1.0,1.0,1.0,1.0,1.0,1.0,1.0,1.0,1.0,1.0,1.0,1.0,1.0,1.0,1.0,1.0,1.0,1.0,1.0,1.0,1.0,1.0,1.0,1.0,1.0,1.0,1.0,1.0,1.0,1.0,1.0,1.0,1.0,1.0,1.0,1.0,1.0,1.0,1.0,1.0,1.0,1.0,0.6795496234240535,0.6993324748484002,0.6064414889421808,1.2752711020898952,0.6341335253868218,0.9371050357237001,1.0245143992795396,0.6017130102474146,0.6685623442692494,0.8842644500205946,0.752203235398869,0.8843341895140341,0.6280795807265249,0.5809228945058125,0.78612535992525,0.6751813954579136,0.6421082453480571,0.8197826656897593,0.9642467429743915,0.8505887032886132,0.6297411903577089,0.7740008458902796,1.3877639256326586,0.8152218842393314,0.7079305802429451,0.7680072476094779,0.791267993450192,1.4670794463440149,0.9895923074110733,0.6610030895771104,0.7366186098432378,0.810184721946865,1.059729391527475,0.9124141142439564,0.8766199433681312,0.7804714103379888,0.6998329775694792,0.3999311731308234,0.760429462378198,0.7332675093010654,0.7146180107636411,0.7973537407269478,0.633742211848632,0.7383735967687135,1.0006697671757854,0.9327922167960161,0.86814246597451,0.6200523303541914,1.2225644088640042,0.8603885285634205,0.9151220924411865,3.0300184111359902,1.1818304306068566,0.7772612927342089,1.0427278655056962,1.3706731943740773,0.6400447676700112,0.6256974314744701,0.8487790111385203,0.834985315396602,0.7660240353379333,0.6428637667403826,0.7477102008072898,0.6111500067627627,0.763510582848579,0.8468656760548581,0.6660502237507144,0.6592872685313964,0.8361106988442256,0.5423639536884675,0.7619968716238277,0.8094778695646176,0.677303214739297,0.7022926286433405,0.6750133381373677,0.6849872397545232,0.6718715621364647,0.81845476882505,0.8945424538494253,0.7277728907038505,0.939343654362536,1.2801576432092618,0.911940931209756,0.7647718524652712,0.6046968697939825,0.9553891012083571,0.773138248306203,0.692145094574129,0.7033555331508048,0.8459000662293308,0.7520000613120141,0.9729491163387576,0.952298479118755,0.749592038618538,1.0885278603190096,0.8688340201009832,0.6523998244367848,0.8026096854589277,1.5092767531233597,1.2538180420535618,0.7523362112909349,0.6457197173707054,0.6429341922664196,0.7003973295350239,0.6938266677878493,0.6871092079878282,0.6050973858688302,0.587321557734936,0.7345345264710247,0.888934832485303,0.6653491464244798,0.621172211813364,0.6323528351956215,0.6914488700927769,0.8356800896720833,1.129607861984324,0.7455426134578491,0.9024095249609831,0.606672376448944,0.7291474616070867,0.9975184809480837,0.6306424006993527,0.8649192814247092,0.8273928833261524,0.6982869055298965,1.1919503724345624,0.685079460006256,1.005434403293029,0.8972055644005634,0.8532097899237523,0.9185827042633994,0.5665008306963395,0.7786699045701405,0.6171187007526016,0.7781099951786457,0.8029465617261502,0.8547659483126325,0.6448536703427385,0.7546090509661214,1.062940728181093,0.7178844738197024,0.6246306046184925,0.7172309415658978,0.6317808705641845,0.8803579273936567,0.7475385780179146,0.9374823955343978,1.0063204094396205,1.5889951242088833,0.8891152028889968,0.664650691225247,0.5932286435817549,0.6752608097966019,0.8460561537095561,0.9039065529794239,0.6820197203745526,0.6020409952747956,0.7686403513798938,0.681322549864644,0.7864388931456154,0.656909028236165,0.7342354507884163,0.519156031338802,0.7344486709859029,0.8881799255265422,0.8902730899999689,0.7135359428219352,0.8117914471417996,0.7927177472897359,0.7501508622258688,0.7401116819186343,0.7912836606219048,0.6731826890631363,0.6328227161470498,0.6508412443416078,0.8125836616706499,0.8548139535554766,0.6941200547282469,0.9177394134542305,0.8573067227521676,0.815649512461521,0.6691029826186636,0.5808410855117754,0.939831167789585,0.8351016312372329,0.7397527186581567,0.7687998870996551,0.7554929525147256,0.5343411729472665,0.8308055417838874,0.8627701978726603,0.7540484885110285,0.703666234559917,0.6185733746450242,0.7576294975625543,0.7599261908514411,0.7528270305377416,0.6234910698347398,0.7956103736692137,0.7145626694341018,0.7916950812235389,0.8350874243088884,0.7427473762340968,0.7061338498214018,0.79163181641853,0.810305504214982,1.0169569416779676,0.7546983049135544,1.9937930578802416,0.49588772394413705,0.6671774836198527,1.5693947262519585,0.8590194460771574,1.5308090418607656,0.810784685154016,0.7210972787466422,0.9229184544620581,0.6639800490975764,0.8218009365412047,1.0102173828545973,1.261808907599165,0.8727111197041886,0.9332016156581207,0.8341148564632044,1.1069221386728296,0.7266406357580358,0.6160247508002723,0.8623844456317982,0.5053994384757298,0.8411399476427115,0.6275934616061577,0.6761498461112467,1.206228196384314,0.7853032951933805,1.779665294998574,0.6653792881127452,0.9689749505958078,0.6029838782472852,0.6888420776567685,0.6535978325393335,0.8511255670556299,1.0267355413270316,0.716514429920872,0.7368522365324579,0.7410704159218907,0.6689234384139717,0.82562260119232,1.767327828801379,1.0589803459823295,1.3044972826806995,1.3527548407139807,0.4993143524185623,1.239231351253512,1.0667337962313437,0.9500708229284046,0.8145283460592432,0.9599711666856767,0.9589894988179963,0.9759147079651437,0.8554156246557537,1.3887505366983408,0.8629917691243145,1.1826548651057271,0.9371032620211242,0.9817671828351069,1.2541139027901207,1.8324256466851585,0.8992815354614534,0.9939506444386857,1.6028140592092717,1.1480201194044986,0.7662472976361241,0.7862143527655252
1.0,1.0,1.0,1.0,1.0,1.0,1.0,1.0,1.0,1.0,1.0,1.0,1.0,1.0,1.0,1.0,1.0,1.0,1.0,1.0,1.0,1.0,1.0,1.0,1.0,1.0,1.0,1.0,1.0,1.0,1.0,1.0,1.0,1.0,1.0,1.0,1.0,1.0,1.0,1.0,1.0,1.0,1.0,1.0,1.0,1.0,1.0,1.0,1.0,1.0,1.0,1.0,1.0,1.0,1.0,1.0,1.0,1.0,1.0,1.0,1.0,1.0,1.0,1.0,1.0,1.0,1.0,1.0,1.0,1.0,1.0,1.0,1.0,1.0,1.0,1.0,1.0,1.0,1.0,1.0,1.0,1.0,1.0,1.0,1.0,1.0,1.0,1.0,1.0,1.0,1.0,1.0,1.0,1.0,1.0,1.0,1.0,1.0,1.0,1.0,1.0,1.0,1.0,1.0,1.0,1.0,1.0,1.0,1.0,1.0,1.0,1.0,1.0,1.0,1.0,1.0,1.0,1.0,1.0,1.0,1.0,1.0,1.0,1.0,1.0,1.0,1.0,1.0,1.0,1.0,1.0,1.0,1.0,1.0,1.0,1.0,1.0,1.0,1.0,1.0,1.0,1.0,1.0,1.0,1.0,1.0,1.0,1.0,1.0,1.0,1.0,1.0,1.0,1.0,1.0,1.0,1.0,1.0,1.0,1.0,1.0,1.0,1.0,1.0,1.0,1.0,1.0,1.0,1.0,1.0,1.0,1.0,1.0,1.0,1.0,1.0,1.0,1.0,1.0,1.0,1.031767484631839,0.8909024300742179,1.8831134092044972,0.9353362939539379,1.3793162820047007,1.5081680299169253,0.8870785870756792,0.9858458733131883,1.3089753479408728,1.1060572597080507,1.2997396968995172,0.9225096392735381,0.8552738662785759,1.1575289579098755,0.9928936380389459,0.9493022224318632,1.207507945575525,1.4240845144649135,1.2487548661430288,0.9236357180079657,1.1379708906771988,2.043671666887061,1.2005953828917262,1.0358961284127424,1.1294170569223685,1.16568276339218,2.161841309120012,1.4389473652901388,0.967332758514292,1.0821833152565632,1.1944843708752142,1.5602126730883237,1.3495407218949325,1.293087248750028,1.1499729154083316,1.0306769995478633,0.588277490186723,1.1220501263975042,1.0766631007050518,1.0505030027053812,1.172137108511057,0.9293684373032183,1.083346982566486,1.4722980105076882,1.3780128837770111,1.2778958476510631,0.9119387171767462,1.7975985558567253,1.27014168081394,1.3496659189216782,4.30033690243532,1.7449712764494882,1.1409163166391958,1.5186088833906697,2.0172388619768276,0.9410123905413169,0.9219136540325455,1.2505772091682055,1.229597019613037,1.126280870016898,0.9462796564213876,1.0998451434738175,0.8995464850160406,1.1209696266992704,1.2453836463209496,0.9767486276567794,0.9682034582928398,1.2280673639275725,0.7937962012545612,1.1183592919826446,1.1915039655830397,0.9944233619555602,1.0290092923366738,0.992191400632189,1.0059627040557548,0.9916287906717568,1.2056736153778527,1.317291459078371,1.0686771983482724,1.3844739224373501,1.8826383556623412,1.3410983794334417,1.126924493399891,0.8877585502408267,1.403524145810954,1.137926009760219,1.014607203995396,1.0335014740042525,1.249867794689322,1.1061226979086651,1.4333841044800448,1.3995130160307432,1.1075880884685498,1.6031626528755951,1.2712781015883048,0.9604066484256879,1.1801830139477931,2.2079462481705914,1.8458819133284314,1.109191067430244,0.9508796092807476,0.9435370194786514,1.030979393439918,1.016675184578614,1.010218227236183,0.8882246067071824,0.8641460508205344,1.0834713567233711,1.3071135212893277,0.9799283693371857,0.9113470830442497,0.9292948291384839,1.0174475752960994,1.2328621791146936,1.668648536361434,1.0980294848463925,1.3283690594299904,0.8929936200331823,1.0750285509341395,1.4528802389510262,0.924690195375103,1.2729821128736964,1.2196683934799881,1.0247729435868105,1.7652742441551268,1.008230067117196,1.4847171369275638,1.3216823863793161,1.2557716932451628,1.3458867702325976,0.8316567326729244,1.146212906772327,0.9077994882976614,1.1392762876247882,1.181442535573839,1.2572355687475358,0.9485037973642736,1.113490755109111,1.5648749846299037,1.0565045229776393,0.9137695857524533,1.0463329334349463,0.9292077844048809,1.296085939595725,1.0999837660187235,1.379326405138357,1.4827590112254672,2.332766061821734,1.3035890619687351,0.9767647103607346,0.8693470233555849,0.9927846267863863,1.2491369729040231,1.3311830775223865,1.0027143609597144,0.8841662883263859,1.1343392077019114,0.9978329487644623,1.15642627912239,0.9685409555440421,1.07681419978204,0.7621639181396116,1.0902101189333315,1.3026464206745503,1.3134747287440265,1.0476339719239696,1.1937349881972728,1.1647136487007108,1.1027501547046117,1.0900587740566798,1.1659136196914384,0.9907350048323905,0.9319842435260972,0.9631464867815324,1.2025491275061373,1.2475763757605574,1.0195596192269778,1.3499390998724738,1.2693732573909302,1.2005428361586414,0.9803666410227715,0.8519169188916702,1.3820763725813736,1.2208620643911137,1.0868219014007268,1.123623109482526,1.107524620243654,0.7847068576765592,1.2220204818262386,1.2472648313588164,1.102634709983208,1.0289190856893695,0.9071702019917147,1.1114121897086973,1.113276736322373,1.1063841726260193,0.9173153914303211,1.1670177840207556,1.0442742932060043,1.1573191547197275,1.2154194240693657,1.0828410109245425,1.0285019603700611,1.1611764993387672,1.186354896551413,1.500981335218623,1.1061589894427213,2.942634695774119,0.7276231137257984,0.9750605269622548,2.3048096579059187,1.2669928192869122,2.2629259033554536,1.1918655701054672,1.0567182157167205,1.3552663755034093,0.9766863907222594,1.207816246334493,1.4778430024620957,1.8318105078172011,1.2801046821633966,1.3743821243126424,1.2233927574602177,1.6055587863626077,1.06876687123342,0.9031354509354272,1.2640488373336325,0.7376657612422723,1.2239107781720593,0.9145728117216724,0.9899354542691554,1.7626802685763927,1.1505282228445073,2.5999859542653616,0.9801533225294998,1.4250523248211435,0.8867918473249117,1.009336519918096,0.9621636801707907,1.2526924737297322,1.5097647666085032,1.053133565008471,1.0837696362962455,1.0908231991581516,0.97675842866617,1.2161110019747783,2.5953829317737553,1.5578216830376754,1.9428404988587398,1.9970826262502497,0.7313203357587794,1.8087527644199668,1.5681250414937131,1.3972416381802626,1.2032245859637574,1.4133971881199834,1.412067933321702,1.4364240570913758,1.2633126779184969,2.0334660985714947,1.2610510203827932,1.7367686475848898,1.383401215044195,1.44343588237097,1.8424856015647193,2.640385570317385,1.3105954307556598,1.4621585579849907,2.3638343944904454,1.6902250409871546,1.1205471034754055,1.1553075015790517
1.0,1.0,1.0,1.0,1.0,1.0,1.0,1.0,1.0,1.0,1.0,1.0,1.0,1.0,1.0,1.0,1.0,1.0,1.0,1.0,1.0,1.0,1.0,1.0,1.0,1.0,1.0,1.0,1.0,1.0,1.0,1.0,1.0,1.0,1.0,1.0,1.0,1.0,1.0,1.0,1.0,1.0,1.0,1.0,1.0,1.0,1.0,1.0,1.0,1.0,1.0,1.0,1.0,1.0,1.0,1.0,1.0,1.0,1.0,1.0,1.0,1.0,1.0,1.0,1.0,1.0,1.0,1.0,1.0,1.0,1.0,1.0,1.0,1.0,1.0,1.0,1.0,1.0,1.0,1.0,1.0,1.0,1.0,1.0,1.0,1.0,1.0,1.0,1.0,1.0,1.0,1.0,1.0,1.0,1.0,1.0,1.0,1.0,1.0,1.0,1.0,1.0,1.0,1.0,1.0,1.0,1.0,1.0,1.0,1.0,1.0,1.0,1.0,1.0,1.0,1.0,1.0,1.0,1.0,1.0,1.0,1.0,1.0,1.0,1.0,1.0,1.0,1.0,1.0,1.0,1.0,1.0,1.0,1.0,1.0,1.0,1.0,1.0,1.0,1.0,1.0,1.0,1.0,1.0,1.0,1.0,1.0,1.0,1.0,1.0,1.0,1.0,1.0,1.0,1.0,1.0,1.0,1.0,1.0,1.0,1.0,1.0,1.0,1.0,1.0,1.0,1.0,1.0,1.0,1.0,1.0,1.0,1.0,1.0,1.0,1.0,1.0,1.0,1.0,1.0,1.0,0.8606732061811524,1.825744982782651,0.9063756577823487,1.3346084447557887,1.4589468447340415,0.8590589078283265,0.9546719906782426,1.271042063700425,1.069414416745926,1.2556897125068722,0.8909645884333772,0.827431517038049,1.1197067560079312,0.9596313560954324,0.9212240652837007,1.1683786014954602,1.380747212493147,1.2063413668794478,0.8911475174700932,1.1003087374793092,1.976206007182725,1.1620443174872337,0.9979479348154581,1.0921751012363576,1.1285859878264843,2.0931517959980224,1.3800346213363894,0.9317451562391361,1.0455266058708537,1.1565803675395685,1.50985506170909,1.3099670473238172,1.2529816013558515,1.1134866452325394,0.9972193361265661,0.5688160375941625,1.087276571296421,1.0396812198764047,1.0151901448823726,1.133044408409019,0.8969297511665342,1.045517087329261,1.4236883562432547,1.3364340263413936,1.2365872942728973,0.8813311238358866,1.7378956882075358,1.2309589076062672,1.307481025154947,4.052682909470333,1.6928541111193227,1.1014985220330464,1.458793947044302,1.9501096079097813,0.9097845978219405,0.8924451477682207,1.21063077931841,1.1900054740829051,1.08836568117295,0.9153147999977894,1.0633062878288422,0.8702570708605777,1.08249002552351,1.2041150901447764,0.9422710460279311,0.9350614014634788,1.1857511882766667,0.7647212123554437,1.0794506895998157,1.1523917129867742,0.960149747246445,0.9921584976487676,0.9588185581538589,0.9715194916359926,0.9614244814441697,1.1673453252203765,1.2744472392653683,1.0320336899811824,1.340333635514151,1.8201947830430067,1.2963394439139193,1.0912255221443234,0.857207687531522,1.3555808335788642,1.1010219623182635,0.97935004433504,0.9986700696941613,1.2117617269764083,1.0694092227047727,1.3880869830293714,1.3521351611782715,1.0740556695041237,1.5513939389315796,1.224803719703198,0.9293355654828139,1.1407764071093922,2.1252350028952747,1.7862726487386023,1.0745354264072993,0.9202412090545671,0.9107313913638311,0.9973740329515446,0.9802913390504578,0.9765750132355414,0.857609195625874,0.8357855672440926,1.049782109499506,1.2632392378424906,0.9484853114435389,0.8794516866322049,0.8979727782646948,0.9842512665951564,1.194685515281404,1.618490607151505,1.0620783230502413,1.285298146459617,0.8635910023916222,1.0413255307263856,1.394820464136848,0.8922869738062622,1.2311031634106522,1.1814152471740136,0.9890955576567699,1.7158579273612604,0.9751570808731473,1.4390960898127199,1.2795589429773284,1.214896651299901,1.2974828067269024,0.8029993474537853,1.1090531570253814,0.8779938297974689,1.098213151941326,1.142617635669385,1.2158130539271064,0.917062172844151,1.0786637464482614,1.5138727299190209,1.022387031346979,0.8802509022175276,1.0056895810044812,0.898277855938218,1.2537027566250756,1.0638639563409147,1.3344116280290357,1.435214620785474,2.2535549321180763,1.2575743862276139,0.9438748838297738,0.838490603292842,0.9597725160137334,1.2112645860178497,1.287839097798794,0.969230272779881,0.8540193886186048,1.0995866106143266,0.9618540873010502,1.1175509461892095,0.9383096716094297,1.0388539417375946,0.7356036189020912,1.0610371241834906,1.2570023211968655,1.2726333107751908,1.0121816211020158,1.1539361828016386,1.1250690147133815,1.0658682123871555,1.055197514843222,1.128734449049468,0.9584026026147558,0.9022550429375884,0.9357080489002886,1.168225742066842,1.199363378340426,0.9848784419177994,1.305415844542455,1.2335042184800822,1.1615636716161593,0.9454957494128202,0.8219989680196045,1.3361852920578308,1.1750709849751217,1.0499403609814373,1.0814211500887074,1.068369869083702,0.7577634668235604,1.18150355360529,1.1893167980097483,1.0615909464599438,0.9908940421722756,0.8750872266775906,1.0725817231890347,1.0732813140594164,1.0689711907202715,0.8868987781593249,1.1269471199532224,1.0049882953662985,1.1136450842281942,1.1667435483200779,1.0407261188411505,0.9875866728105172,1.120445153078784,1.1433972063735136,1.4552106615158422,1.0673781260140196,2.851205138339374,0.7024009391077601,0.9384724218778884,2.2263034462152147,1.2271073136057746,2.19642733104389,1.1522182385737825,1.01919719116883,1.308812863272729,0.9445405969795999,1.1671161101482856,1.4229341288421014,1.753926172294109,1.235368503580948,1.3311621225008567,1.1809228071459652,1.5365390783258097,1.03345861685872,0.8710941143852584,1.2190986371362598,0.7091581843861855,1.1746023300802633,0.878364666350623,0.9536630960430815,1.6956154438034783,1.1090834053821914,2.500164280888363,0.9488591796297166,1.3776432812673913,0.8572900725928031,0.9729759956258139,0.9310721094065955,1.2116339178009703,1.4593318549404224,1.0175120786510599,1.04762871943508,1.0557042462759803,0.9393446024435035,1.176819475553946,2.507600029766259,1.507075614645441,1.8953111317282842,1.9358596088003037,0.70497885885039,1.7381366292788658,1.5149469366731156,1.350803405558188,1.1672583845043594,1.3675750347986981,1.3670608548570966,1.3897888656586463,1.2255326001822688,1.9596857522562323,1.2136319697925735,1.6749554508147708,1.341369833267869,1.3952470543882665,1.7803943672528622,2.516855921454454,1.2589040764399524,1.4140450455254756,2.289049343129799,1.6350429839537068,1.0785811450183846,1.1163568703656126
1.0,1.0,1.0,1.0,1.0,1.0,1.0,1.0,1.0,1.0,1.0,1.0,1.0,1.0,1.0,1.0,1.0,1.0,1.0,1.0,1.0,1.0,1.0,1.0,1.0,1.0,1.0,1.0,1.0,1.0,1.0,1.0,1.0,1.0,1.0,1.0,1.0,1.0,1.0,1.0,1.0,1.0,1.0,1.0,1.0,1.0,1.0,1.0,1.0,1.0,1.0,1.0,1.0,1.0,1.0,1.0,1.0,1.0,1.0,1.0,1.0,1.0,1.0,1.0,1.0,1.0,1.0,1.0,1.0,1.0,1.0,1.0,1.0,1.0,1.0,1.0,1.0,1.0,1.0,1.0,1.0,1.0,1.0,1.0,1.0,1.0,1.0,1.0,1.0,1.0,1.0,1.0,1.0,1.0,1.0,1.0,1.0,1.0,1.0,1.0,1.0,1.0,1.0,1.0,1.0,1.0,1.0,1.0,1.0,1.0,1.0,1.0,1.0,1.0,1.0,1.0,1.0,1.0,1.0,1.0,1.0,1.0,1.0,1.0,1.0,1.0,1.0,1.0,1.0,1.0,1.0,1.0,1.0,1.0,1.0,1.0,1.0,1.0,1.0,1.0,1.0,1.0,1.0,1.0,1.0,1.0,1.0,1.0,1.0,1.0,1.0,1.0,1.0,1.0,1.0,1.0,1.0,1.0,1.0,1.0,1.0,1.0,1.0,1.0,1.0,1.0,1.0,1.0,1.0,1.0,1.0,1.0,1.0,1.0,1.0,1.0,1.0,1.0,1.0,1.0,1.0,1.0,2.109204076337405,1.0482383631114431,1.546902450264605,1.690960050492436,0.9940305937342031,1.104596677787397,1.4643384268764899,1.2411984917043983,1.4582553429560492,1.0352401377948848,0.9591413813003782,1.2975540710534772,1.1136974457253197,1.0626681725483302,1.3534394582343099,1.5952193461988902,1.4022009262994382,1.0373142360290695,1.276817824013106,2.290890935362706,1.3461551096824793,1.164375357276474,1.2672474546798427,1.3068949262589964,2.4235160933146505,1.6205023413245088,1.08697139317341,1.2146845149909815,1.3384643540365246,1.7499063540778705,1.5102140168770508,1.4490816760424714,1.2893321133517843,1.1552356785618478,0.6598830787387295,1.2568258315552545,1.208744627382885,1.1784967127165142,1.3151185601313604,1.043860388382357,1.2162729963332914,1.651113500558675,1.543179579265715,1.433269613714021,1.022818064227648,2.016767276846208,1.4224754453318753,1.5121709907012704,4.8901119242123725,1.9559809012646057,1.2809368139173434,1.711039828769596,2.2610971275639313,1.0559665925223103,1.0336140207195268,1.4018871047642005,1.378925042139068,1.2635501743023712,1.0610969584055767,1.2335689024057115,1.0089125120362223,1.2583237823469888,1.397081253943156,1.0971462637144116,1.0868718088079017,1.3779256225693226,0.8922691921924535,1.2553626243167892,1.335960960254534,1.116426347076969,1.1561376825288399,1.1134888683665962,1.1293285652243585,1.1108679472907208,1.3516655383803395,1.4767233124606267,1.1997701977018878,1.551738960187273,2.1107547331223153,1.5043813202967917,1.2634692246350272,0.9966635936650837,1.5749595336943636,1.2762492752767467,1.1403431513919982,1.1599552031820979,1.3987828735940577,1.2409005307305057,1.6072592323057098,1.5701421936716264,1.2401467948444318,1.7974168081478834,1.4292658657555475,1.0771907130179874,1.3238230280303602,2.4803231970907302,2.0696892952438555,1.2431060988798088,1.0661252491345612,1.0591761085009976,1.15611749602461,1.1423803348849186,1.1335668166876152,0.9971847025430687,0.9693687269402199,1.2139925605279211,1.4659578365094337,1.0987327368109452,1.023294587548115,1.0430465759672014,1.141499880616434,1.3814475618572764,1.8688403276082637,1.2306421863518353,1.48937838108994,1.0015232156168818,1.2050348109430877,1.6355828614267773,1.0389028871040598,1.4273965018585102,1.3672416129155738,1.1506637321276085,1.974867967658303,1.1308398432693774,1.6630872449017327,1.4818264331943163,1.4082682093575156,1.5113395517932275,0.9337157601900853,1.285562885049598,1.0185785988832314,1.2805735093296153,1.32507530633297,1.4104506631661269,1.0640775819013006,1.2472719310642995,1.7541845069422783,1.1853236704595007,1.0274889079031113,1.1775863034584673,1.0423484260396054,1.453285264300632,1.2336055741614156,1.5473340874506325,1.662163655711822,2.6189837482443252,1.4644405998540493,1.0962268789786116,0.976661080852139,1.1140362736027525,1.399229158823871,1.4922422137841065,1.125069320853307,0.9924135724018432,1.2709032798871405,1.1211782169067648,1.2972020489878067,1.0856010980267379,1.2091187627279558,0.8556000016271498,1.2185854686943431,1.4633642115160108,1.4717697264847396,1.1762619759850996,1.3393270775921167,1.3068811868642611,1.23762799349044,1.2222689375381899,1.307380386438709,1.1111619958984083,1.0452909126409933,1.0786233431659855,1.3459519732792913,1.4040924445409697,1.14444299520023,1.514015238664496,1.4202077988778323,1.3464632377614258,1.1015372755352164,0.9567263077596014,1.550457965258862,1.3726132860650029,1.2197682110199077,1.2634910895325044,1.244144813912591,0.8808789417233776,1.3708997703211325,1.4070250218014548,1.2396179757060883,1.1569343522397555,1.0191269534160936,1.247978160695439,1.2508031444133885,1.2415889103835898,1.0287144650479716,1.3108953713613234,1.174417240741764,1.3011586483792654,1.3692555146015233,1.219226104864475,1.1583992053044943,1.3040643184890113,1.3331298538881515,1.6815462559059555,1.2430686029829066,3.2947857506876677,0.8170604857271366,1.0962636970517963,2.5863679264682324,1.4194901626963514,2.5335735162903195,1.3375225578442662,1.1873974685663389,1.521092832479216,1.0956711851610903,1.3555269585278857,1.6604666611096683,2.0640107734179054,1.437301613265411,1.5418253157387305,1.3741278877625793,1.8099255324786194,1.1989478692527515,1.0141475258227652,1.4201564786200056,0.8298972727796274,1.3783440986560096,1.0296213168108812,1.1123678335246985,1.981540107889669,1.2924890558503304,2.9228293389773308,1.099103613614958,1.5985925148192681,0.9949796226408671,1.1340873493101102,1.079141067385415,1.4048896730494307,1.6936876204016738,1.181701510552794,1.2156906574377806,1.223466259142949,1.09858046985096,1.3633776016320542,2.9144310525387493,1.7478148182317363,2.169351600244708,2.237553304039313,0.821677903777948,2.0336830948170768,1.7587681406814202,1.5674423762108625,1.3475019571238482,1.5847966624263874,1.5836650747292695,1.6111754519033634,1.4151894649295576,2.284444225564832,1.418293476654858,1.9480237383779322,1.5494701779152737,1.6193814313138128,2.068125151000717,2.9861282448056228,1.4752473172971112,1.640275931001599,2.6499233169032137,1.8952758585976717,1.2593188497015002,1.296726201419173
1.0,1.0,1.0,1.0,1.0,1.0,1.0,1.0,1.0,1.0,1.0,1.0,1.0,1.0,1.0,1.0,1.0,1.0,1.0,1.0,1.0,1.0,1.0,1.0,1.0,1.0,1.0,1.0,1.0,1.0,1.0,1.0,1.0,1.0,1.0,1.0,1.0,1.0,1.0,1.0,1.0,1.0,1.0,1.0,1.0,1.0,1.0,1.0,1.0,1.0,1.0,1.0,1.0,1.0,1.0,1.0,1.0,1.0,1.0,1.0,1.0,1.0,1.0,1.0,1.0,1.0,1.0,1.0,1.0,1.0,1.0,1.0,1.0,1.0,1.0,1.0,1.0,1.0,1.0,1.0,1.0,1.0,1.0,1.0,1.0,1.0,1.0,1.0,1.0,1.0,1.0,1.0,1.0,1.0,1.0,1.0,1.0,1.0,1.0,1.0,1.0,1.0,1.0,1.0,1.0,1.0,1.0,1.0,1.0,1.0,1.0,1.0,1.0,1.0,1.0,1.0,1.0,1.0,1.0,1.0,1.0,1.0,1.0,1.0,1.0,1.0,1.0,1.0,1.0,1.0,1.0,1.0,1.0,1.0,1.0,1.0,1.0,1.0,1.0,1.0,1.0,1.0,1.0,1.0,1.0,1.0,1.0,1.0,1.0,1.0,1.0,1.0,1.0,1.0,1.0,1.0,1.0,1.0,1.0,1.0,1.0,1.0,1.0,1.0,1.0,1.0,1.0,1.0,1.0,1.0,1.0,1.0,1.0,1.0,1.0,1.0,1.0,1.0,1.0,1.0,1.0,1.0,1.0,0.4953711583855349,0.7287467704917809,0.7972528311226146,0.4690668001671501,0.5217186299077198,0.6947793515102405,0.5839005637202357,0.6855654037315737,0.4866520746116175,0.4521034646264598,0.6120272104005173,0.5243539628543525,0.5037968348479726,0.6381666728378557,0.7547711039077946,0.6585776857379377,0.48652748205617186,0.6006150132930155,1.080774979102459,0.6347794016679814,0.5447561015808168,0.5966182249036903,0.6165624613471992,1.1430986504734708,0.7516843139591298,0.5088387882586791,0.5707362963316736,0.6321310804161713,0.8240497529256944,0.7162175937734887,0.6845894881214313,0.608191760397019,0.5448174475693197,0.31075731527316064,0.5940633760259311,0.5675335551018241,0.5544016589657133,0.6190039576943656,0.4894900607921041,0.5714141465989745,0.7774870786325996,0.7303515439512425,0.675458969059648,0.48148752891369273,0.9484734056999005,0.6730198447178412,0.7145453996139157,2.192779638260234,0.9232150058693347,0.6010252556071274,0.7942797074196601,1.0655422949470146,0.49689663524839467,0.48742667861969546,0.6610428914828834,0.650376521239845,0.5941130891368465,0.4999253721214989,0.5807247927233126,0.47538574822068197,0.5915699265090009,0.6575622164950312,0.5146513399366146,0.5103438886127969,0.6474392704079568,0.417281982191982,0.589006919765731,0.6298304901956877,0.5241059657884977,0.5414080379111662,0.5236018423480757,0.5305977136141087,0.5251270783552343,0.6377812849485511,0.6959311663439033,0.5634122261194238,0.732380613015509,0.9940692928997998,0.708227979617617,0.5961986345986642,0.4679953941384264,0.7405553611005726,0.6013989455664265,0.534673982056246,0.5453263874127704,0.6629639758094401,0.5838042337636291,0.7582401898948933,0.7386866228215601,0.5874368368604375,0.847793824975992,0.6681836832735648,0.507682202297667,0.6229147655536198,1.1602308050989958,0.9762647603310118,0.5869870446243315,0.5025940414704204,0.49741801886500137,0.5445624487374694,0.5351310599558634,0.5332374087156804,0.46822652769973994,0.4567206720876701,0.5739350165227987,0.6900804887683418,0.5179597685516335,0.48004153049855136,0.4904225129643767,0.5372340763278061,0.6529170087949516,0.8846720471439375,0.5804351097945735,0.7015955120223598,0.471907359612683,0.5691090842173219,0.7610800654207313,0.4866936235251361,0.6726348685195331,0.6455221909928948,0.5400016657494747,0.9381505713980187,0.5326289895143631,0.7867049091954903,0.6989825516472166,0.6638201419074331,0.7090608664804845,0.4384739255537976,0.6059084914359607,0.4794253257684726,0.5992162868060941,0.624313409127149,0.6641572028629048,0.5009257677088729,0.58937721185538,0.8265549774045694,0.5583720080101827,0.48030707823379204,0.5488524915773817,0.4905410192066616,0.68487015780726,0.5812068392834074,0.7289213713446321,0.7842487223565668,1.2306825761659743,0.686319083045233,0.5153861449270247,0.45762192981981054,0.5241879471040994,0.6619867668201684,0.7037762438334716,0.5295720555931724,0.4662021231223089,0.6005546640513066,0.525087650225728,0.610918453913774,0.512797429731489,0.5671780188360611,0.40162003564902116,0.5798523847662483,0.6860516711471677,0.6956788059191273,0.5520899320592124,0.6302076743362406,0.6155053061693934,0.5820170699845233,0.5763053076084921,0.6167614010841702,0.5234136032942548,0.49246463762494036,0.5114696642970672,0.6383880683292935,0.6535446303705579,0.5379305022603339,0.7128636415341528,0.6745070890281424,0.6345718465280819,0.5159769284525088,0.44886444647958124,0.7292954979899928,0.6409891107835883,0.5736582765395523,0.5899648855699111,0.5827344720502861,0.4135437289517113,0.6454448985609327,0.6480007932182672,0.5795076695787149,0.5400401402192985,0.47731543890532974,0.5856662198477212,0.5858316874158458,0.5838380877523774,0.4844367805317876,0.6144852008819138,0.5485526041365121,0.6078534072905877,0.6355379565691195,0.5675571914962845,0.5381571029441058,0.6113423844315508,0.6241041052246404,0.7952158724914163,0.582244502874036,1.5553068482228563,0.3833513890898047,0.5115925167903893,1.2174664283119663,0.670413456751619,1.2011361797532785,0.629479491558555,0.5562278225907351,0.7144201179068823,0.5156960076094323,0.6374224773667317,0.776996769641622,0.9568407897017945,0.6749252946448638,0.7262032126025062,0.6437013333471469,0.837796174407503,0.564582982883619,0.47582075060938084,0.6647451636510321,0.38676383947528925,0.6400651051397127,0.4790293556311146,0.5207755615996281,0.9253577371939554,0.604975530835238,1.3645812335694207,0.5183810548896439,0.7517089836614714,0.4681744446769337,0.5306294186030291,0.5083777632792644,0.6617714798663357,0.7969844682384746,0.5563542253302138,0.5723359069882371,0.5769294056347032,0.5125941851063996,0.6434911965033865,1.3674683865139476,0.8229745353616955,1.0379819511786366,1.0541513698710372,0.3846390246581105,0.948911119646572,0.8272166081417194,0.7381174846494445,0.6376357161377698,0.7468267618537553,0.7462533330237585,0.7592517746911789,0.6693141425335786,1.0693726964313715,0.6621447207158686,0.9150890233859373,0.7330905416290387,0.7619834591065864,0.9719500624578388,1.366873115722104,0.6871158127018187,0.7721537400240213,1.2537947686689115,0.8941595138368691,0.5889852947720766,0.6094486315922872
1.0,1.0,1.0,1.0,1.0,1.0,1.0,1.0,1.0,1.0,1.0,1.0,1.0,1.0,1.0,1.0,1.0,1.0,1.0,1.0,1.0,1.0,1.0,1.0,1.0,1.0,1.0,1.0,1.0,1.0,1.0,1.0,1.0,1.0,1.0,1.0,1.0,1.0,1.0,1.0,1.0,1.0,1.0,1.0,1.0,1.0,1.0,1.0,1.0,1.0,1.0,1.0,1.0,1.0,1.0,1.0,1.0,1.0,1.0,1.0,1.0,1.0,1.0,1.0,1.0,1.0,1.0,1.0,1.0,1.0,1.0,1.0,1.0,1.0,1.0,1.0,1.0,1.0,1.0,1.0,1.0,1.0,1.0,1.0,1.0,1.0,1.0,1.0,1.0,1.0,1.0,1.0,1.0,1.0,1.0,1.0,1.0,1.0,1.0,1.0,1.0,1.0,1.0,1.0,1.0,1.0,1.0,1.0,1.0,1.0,1.0,1.0,1.0,1.0,1.0,1.0,1.0,1.0,1.0,1.0,1.0,1.0,1.0,1.0,1.0,1.0,1.0,1.0,1.0,1.0,1.0,1.0,1.0,1.0,1.0,1.0,1.0,1.0,1.0,1.0,1.0,1.0,1.0,1.0,1.0,1.0,1.0,1.0,1.0,1.0,1.0,1.0,1.0,1.0,1.0,1.0,1.0,1.0,1.0,1.0,1.0,1.0,1.0,1.0,1.0,1.0,1.0,1.0,1.0,1.0,1.0,1.0,1.0,1.0,1.0,1.0,1.0,1.0,1.0,1.0,1.0,1.0,1.0,1.0,1.4719512066257407,1.6086189030388627,0.9472054353520767,1.0526449598908223,1.4008934018771622,1.1799870859091701,1.3845890738014464,0.9824704729155371,0.9126328170721689,1.2343134841937584,1.0581777432192945,1.0158980443250427,1.2878515178667707,1.523242829841613,1.3313508372208096,0.9829145619249617,1.2136016228519053,2.1783012965225614,1.281682830468512,1.1008219376723183,1.205006733652252,1.2448075264670186,2.3088543735303304,1.5216869275412168,1.0273840098041807,1.1535247436097644,1.2751899855433297,1.6656883175593542,1.4441548162453302,1.3822108750086337,1.2284339680607843,1.0993868765672943,0.6274866155962668,1.1985814882942276,1.1469630857117998,1.1193840225343648,1.2498557942035478,0.9896231347442281,1.1530375420411358,1.5697876952891074,1.4739359496449367,1.364159478713133,0.9717545746377239,1.9171736924855858,1.3572048767228098,1.441643909425066,4.474682016812075,1.8692596307473612,1.2149573444089024,1.610922701922715,2.149397668355542,1.003763356993617,0.9846149305160965,1.3349460554883028,1.3126826282724007,1.2004221383240787,1.009412907219231,1.1724194486300092,0.9600242062277139,1.1938153958018867,1.327940840381694,1.0397615368098614,1.0315642840768882,1.307252540262152,0.8436621765632066,1.1903529790510383,1.2706903685129736,1.0590851148536766,1.094566209886882,1.0577715782186643,1.0718197146484258,1.0601898428660628,1.2873768971034627,1.4052527493027598,1.138595663348128,1.4778028268606336,2.0059118909176177,1.4297202544095158,1.203715687542442,0.9456107967253534,1.4947574066091165,1.214474759967768,1.0815708452049186,1.1016929776202662,1.3349432070201774,1.1797984546449731,1.5315627591007557,1.4909948139250158,1.1846313565090918,1.7106641403816845,1.3513266181372652,1.0252019800969219,1.2579105963728399,2.3419029968724057,1.9696676097997696,1.1850509280012562,1.0147075307618132,1.004186193667031,1.0997527078086597,1.081620707067875,1.0773372305300313,0.9459822577855874,0.9221062255873032,1.1577360534562335,1.392762674916948,1.046096321381003,0.9699883227805517,0.9909205853367036,1.0859682348359059,1.3176280206594193,1.7850148354435442,1.1703651923763465,1.4172350628109809,0.95246167929039,1.1489797814079774,1.538040317392155,0.9846279797423355,1.3573821912441248,1.3031947392538306,1.09098472099818,1.89151645122908,1.0754556719592623,1.5867673156422288,1.4113257986123269,1.3398160897719205,1.430245093629578,0.8858263028283282,1.223423380401621,0.968784470971966,1.2118082543285817,1.2602017292781418,1.3412111925378496,1.0115464389125899,1.1888098221378067,1.6689570491470052,1.1282352916400273,0.9715176294579972,1.109564438674069,0.9904912139818224,1.3826284269477451,1.1732140557833666,1.4722273457792183,1.5825143067423664,2.48616709126331,1.3873005113008565,1.0411862328094257,0.925159029212979,1.05879923286688,1.335963146722539,1.4200813623329145,1.069090989569622,0.9419837193671106,1.212902431246981,1.0609087129101114,1.2322316013022934,1.03512982075783,1.1456017589954848,0.8111798411347134,1.1695216489922537,1.3869630590542579,1.4036422110973812,1.1169671609193619,1.2727548258717096,1.2408037088466277,1.176151010863641,1.1639229767624921,1.245349938840397,1.057108426750122,0.9956484071587701,1.0330283248774146,1.2882704780593368,1.3235585793043287,1.0864944586524339,1.4393475231645587,1.360250492492948,1.281310196678898,1.04310900133658,0.9067573181285002,1.473572139582774,1.2958683441361023,1.1584227021547042,1.1928307221258059,1.1787134204413425,0.8358684425380585,1.3030039773213897,1.309769479576179,1.1709566593275116,1.093240438518149,0.9655900812997282,1.182874879581771,1.1838008751176134,1.1791309569748736,0.9778336498003067,1.2437917227049444,1.1089413040825133,1.2281898823886153,1.2873605221786502,1.1486155623283278,1.0899419383023736,1.236280530068657,1.2610493756154306,1.6047125082502562,1.1779139632800648,3.139184264170689,0.7748138499016619,1.0348743270550824,2.4554361553821997,1.3527574650076848,2.422178040279533,1.2713146666257051,1.1249104095201419,1.4433378887305637,1.041869270379851,1.2880813881689548,1.5686047771055986,1.934669805260083,1.362518287502169,1.4693603014598264,1.3031405049429792,1.6942003531897052,1.1399589121809914,0.9604802850849872,1.345106264547932,0.7821555690823022,1.295216203143174,0.9689635089399566,1.0517993852536023,1.8698435437281655,1.2230612342051614,2.756242080699575,1.046823221890985,1.5192825769581157,0.9456975846505116,1.0731922916990355,1.0271303004500425,1.3364039128441954,1.609380724584444,1.1224672694896607,1.1552683062896887,1.1647484786764246,1.0361566391454484,1.2977452063218495,2.7680323501928497,1.662737086991572,2.091389035055636,2.1349886415826242,0.7776038246462055,1.9154725612432262,1.66982789945145,1.4898779052818427,1.287045705620716,1.5082308002041311,1.5082069149090458,1.5331313433887643,1.3517299008970172,2.1605079877432294,1.3390748632185407,1.8448033609149381,1.4792169848544097,1.538820851324969,1.9645262747216163,2.7778121811379615,1.3888474765288332,1.5598382395231658,2.5262892881395524,1.803356226259659,1.1890678470781344,1.2316165933209902
1.0,1.0,1.0,1.0,1.0,1.0,1.0,1.0,1.0,1.0,1.0,1.0,1.0,1.0,1.0,1.0,1.0,1.0,1.0,1.0,1.0,1.0,1.0,1.0,1.0,1.0,1.0,1.0,1.0,1.0,1.0,1.0,1.0,1.0,1.0,1.0,1.0,1.0,1.0,1.0,1.0,1.0,1.0,1.0,1.0,1.0,1.0,1.0,1.0,1.0,1.0,1.0,1.0,1.0,1.0,1.0,1.0,1.0,1.0,1.0,1.0,1.0,1.0,1.0,1.0,1.0,1.0,1.0,1.0,1.0,1.0,1.0,1.0,1.0,1.0,1.0,1.0,1.0,1.0,1.0,1.0,1.0,1.0,1.0,1.0,1.0,1.0,1.0,1.0,1.0,1.0,1.0,1.0,1.0,1.0,1.0,1.0,1.0,1.0,1.0,1.0,1.0,1.0,1.0,1.0,1.0,1.0,1.0,1.0,1.0,1.0,1.0,1.0,1.0,1.0,1.0,1.0,1.0,1.0,1.0,1.0,1.0,1.0,1.0,1.0,1.0,1.0,1.0,1.0,1.0,1.0,1.0,1.0,1.0,1.0,1.0,1.0,1.0,1.0,1.0,1.0,1.0,1.0,1.0,1.0,1.0,1.0,1.0,1.0,1.0,1.0,1.0,1.0,1.0,1.0,1.0,1.0,1.0,1.0,1.0,1.0,1.0,1.0,1.0,1.0,1.0,1.0,1.0,1.0,1.0,1.0,1.0,1.0,1.0,1.0,1.0,1.0,1.0,1.0,1.0,1.0,1.0,1.0,1.0,1.0,1.0924390605817313,0.6430150122620526,0.713931093004427,0.9488188022423262,0.801649202556262,0.9412527773884948,0.6678599927199744,0.6196668002954053,0.8380315530011414,0.7188066900371961,0.687898674887668,0.8747970239053303,1.032323860502449,0.9045157884270058,0.6688387078711816,0.824527367830117,1.478750289193611,0.8698295369474167,0.7496248766287193,0.8181886833014884,0.8446175559745539,1.567160164406322,1.0398168133962578,0.6999942145908706,0.7839163365012664,0.8654601120378467,1.1312684399765192,0.9779580195520737,0.9370194812536766,0.8334962324049361,0.74631569918353,0.4259372318022608,0.8129997960287952,0.7798616224659501,0.7607132388762778,0.8488253731910043,0.672988035974633,0.7841819777825155,1.0662920896711374,0.9990920840478341,0.9259248229700998,0.6600730248699416,1.3023308832248892,0.9200469907398575,0.9778140052469323,3.100770690344633,1.2670154767887478,0.8265061975278026,1.0999168869816112,1.4596283559593553,0.6818664669695036,0.6680976909724664,0.9065264278209545,0.8911310106484525,0.8156840783033412,0.6854005033636017,0.7965668690934503,0.6517873441911934,0.8114291950001609,0.9023042828532803,0.7071437776576323,0.7013240569237881,0.8888950815378553,0.5746154566786055,0.8098211189163443,0.8627501210455353,0.7204021462896123,0.7450312500882978,0.7189134080944797,0.7284149233337898,0.7190199054931923,0.8737316897219933,0.9541598845933814,0.7741212982715449,1.0032306961968436,1.3630518652670633,0.9710835081274607,0.8168200706682358,0.6429865274006497,1.0160648105571386,0.824347058074118,0.7349088642206419,0.7488320753308256,0.9051988752844925,0.8011594069304224,1.0387601388410763,1.0131731508814315,0.8021900430850575,1.1614563162484708,0.9205049128474546,0.6960563995501075,0.8546119098617502,1.5962691657395054,1.3368342235309987,0.8039872056638154,0.6890850108930187,0.6831015370672346,0.7471717733119535,0.7361207702207264,0.7319830341889467,0.6432869207614544,0.6260784994341024,0.7850686047621012,0.9461345660191831,0.7101724958491973,0.6599482517236248,0.6730699896071823,0.7374333376197585,0.8935426916696008,1.2098652798935283,0.7953169803780286,0.9623954824846549,0.6469068473532054,0.7791233297222517,1.0502853492285937,0.6701316157656456,0.9219337830296079,0.884210580148596,0.742101228946539,1.2806960016112465,0.7306505713238983,1.0762641077624293,0.9576574875956051,0.9098398745394651,0.9731306676007722,0.6022575839755747,0.8307017228584532,0.6579383328662057,0.825129576888027,0.85563500721006,0.9106532590637315,0.6871545825360261,0.8065820406133191,1.1336359467611874,0.7659094102152171,0.6617293258498929,0.7569084943728153,0.6732120894125645,0.9389210765989332,0.7966044478497525,0.9992275498849652,1.0742427478614194,1.6903959870857213,0.944394996182252,0.7076288240375459,0.6293737022283042,0.7192909057467444,0.9054383541826663,0.9640043425142077,0.7262365949602065,0.6404280862997873,0.8225637453321432,0.722195469445188,0.8370340073970663,0.7020043603325987,0.779269993122439,0.5519958983063651,0.7910729142818516,0.9437450474726012,0.9521906311702057,0.759130590731203,0.8649129694371113,0.8429434756058147,0.7990497472121734,0.78991158346493,0.8451088652615448,0.7179180347605056,0.6757975729129884,0.698861994227926,0.8727316074268163,0.903183407769409,0.7383187082691363,0.9779185614852646,0.9203057973724625,0.8697401126443859,0.7099014558802159,0.6165829643097621,1.0017430955945605,0.8830728174437925,0.7869344659525556,0.8131353126412126,0.8021872242186652,0.5684079885037583,0.8852770482526564,0.8996410224568738,0.7979014247633289,0.7449616536045622,0.6570584867007255,0.8047781352849783,0.8059802343413585,0.8014515243111467,0.6643338509375397,0.8459328267249258,0.7553474192993602,0.8371151523651076,0.8797038746600947,0.7835358102054046,0.7442584986486169,0.8409281645168663,0.8587810541016645,1.0883181263810096,0.8014769325431288,2.1337423797068285,0.5269889180090367,0.7057222908438382,1.6673383526821066,0.9181068961759872,1.6403217775110388,0.8632185397843575,0.7650461629997853,0.9815711860168999,0.7077760726948304,0.8746830021692373,1.0685971325572527,1.321197903429594,0.9263426790900795,0.9972168724409394,0.8866339997517978,1.1595095672369125,0.7740616001239414,0.6535503010550385,0.9157391122879129,0.5336799656925082,0.8848096840246915,0.6614050304247916,0.7161042710087053,1.2748898696449713,0.8329621336565092,1.8799562811220951,0.7103288030243649,1.0325740007102604,0.6425621558852957,0.7310998535404752,0.6974108187215329,0.9073309016634356,1.0932298973581478,0.7621441701632836,0.7847996774584112,0.7901759292978365,0.706304858539129,0.8807076870984377,1.8808939099266966,1.1287392281476971,1.4088255103183949,1.4502819935668492,0.5293922761306529,1.3068362553082669,1.1351795566251042,1.011807366916254,0.8726144484773817,1.0240105662725365,1.0239468696108651,1.0410649731878432,0.9162931909238049,1.4717625920545445,0.9127754825131384,1.25592702107812,1.0024638946996238,1.0453554582316822,1.3347600704149971,1.9078152534688608,0.9475763405932509,1.0593145291370591,1.7100252444266166,1.2237397489768158,0.8102973474048814,0.8370517771802916
1.0,1.0,1.0,1.0,1.0,1.0,1.0,1.0,1.0,1.0,1.0,1.0,1.0,1.0,1.0,1.0,1.0,1.0,1.0,1.0,1.0,1.0,1.0,1.0,1.0,1.0,1.0,1.0,1.0,1.0,1.0,1.0,1.0,1.0,1.0,1.0,1.0,1.0,1.0,1.0,1.0,1.0,1.0,1.0,1.0,1.0,1.0,1.0,1.0,1.0,1.0,1.0,1.0,1.0,1.0,1.0,1.0,1.0,1.0,1.0,1.0,1.0,1.0,1.0,1.0,1.0,1.0,1.0,1.0,1.0,1.0,1.0,1.0,1.0,1.0,1.0,1.0,1.0,1.0,1.0,1.0,1.0,1.0,1.0,1.0,1.0,1.0,1.0,1.0,1.0,1.0,1.0,1.0,1.0,1.0,1.0,1.0,1.0,1.0,1.0,1.0,1.0,1.0,1.0,1.0,1.0,1.0,1.0,1.0,1.0,1.0,1.0,1.0,1.0,1.0,1.0,1.0,1.0,1.0,1.0,1.0,1.0,1.0,1.0,1.0,1.0,1.0,1.0,1.0,1.0,1.0,1.0,1.0,1.0,1.0,1.0,1.0,1.0,1.0,1.0,1.0,1.0,1.0,1.0,1.0,1.0,1.0,1.0,1.0,1.0,1.0,1.0,1.0,1.0,1.0,1.0,1.0,1.0,1.0,1.0,1.0,1.0,1.0,1.0,1.0,1.0,1.0,1.0,1.0,1.0,1.0,1.0,1.0,1.0,1.0,1.0,1.0,1.0,1.0,1.0,1.0,1.0,1.0,1.0,1.0,1.0,0.5879164286631593,0.6534096607921405,0.8680551055944631,0.7325658208095598,0.8612156343705564,0.611326269146337,0.5666728853346987,0.7673884953314144,0.657995506418861,0.6293122825608579,0.8004349674884631,0.9435548116868426,0.8271881979446682,0.6118780625595119,0.7538602055463639,1.3546494065687074,0.7955417987058672,0.686025536528042,0.7482806356471677,0.7725074026076473,1.4324918417201782,0.9527966259900688,0.6409744274384972,0.7167841847266047,0.7917904211371558,1.033675580134128,0.8947116181038851,0.8569191035166388,0.7619260051969867,0.6831721077366795,0.3896974334651495,0.7438880666170433,0.7131493296021069,0.6961445624456841,0.776736421870273,0.6155610970490513,0.717844093532071,0.9756627579272488,0.9132775553097285,0.8466992776863208,0.6042293094849405,1.190815610947901,0.84197421341411,0.8947964728841113,2.840554929298304,1.154634988608965,0.7556030929291279,1.0042028169200135,1.3372498668015942,0.6234187744898249,0.6106847237568402,0.8286317861658179,0.814834906973825,0.7460919599102706,0.6270226277356712,0.728626988759917,0.5959972339917723,0.7428021610057303,0.8253267946765577,0.6467032985847266,0.6411882398450939,0.8138555327010173,0.5255743158547408,0.7408595034216958,0.7897076395130203,0.6586289194026432,0.6813635314905835,0.6571604204987059,0.6662522069805303,0.6574056594301927,0.7991107095832651,0.872884287837296,0.7077057551217776,0.9176122312437742,1.2480818811774734,0.8886073458367874,0.7468334122384934,0.5880736192003329,0.9299881019472596,0.7540552030183547,0.6716240723353631,0.6846549881912642,0.8288990514761554,0.7326533944393891,0.9497172922627355,0.9274407374594511,0.7340207849260925,1.0625792815821262,0.8417056589127714,0.6363600220816509,0.7820422619436525,1.4637477758397819,1.2236700629975459,0.7351140071395276,0.6301901552639184,0.6252620694157234,0.6831360380432707,0.6731172632697477,0.6692188086661124,0.5883628079274495,0.5724703985155728,0.718267559031113,0.8662596273156342,0.649371332651111,0.603752268533922,0.6154356818523579,0.673869895728268,0.8171789935833014,1.1062993079149332,0.7279269795356742,0.8803832737055979,0.5916927481540433,0.7121636530965827,0.9624162481314277,0.6121051465754506,0.8436583794336163,0.8083611585596762,0.6787025389199197,1.170842347124133,0.6680605920084952,0.9838901652228915,0.8758536018627929,0.8323578201774533,0.8920609601708425,0.5508804881839315,0.7595279884746049,0.601344959271543,0.7543395064019596,0.7828260063471137,0.832997900517803,0.6283820748846626,0.7381960321512272,1.0373065255752891,0.6998568406187997,0.6049824948143279,0.6927898390090015,0.6157719005020347,0.8589049383865424,0.7290504634566795,0.913929815463836,0.9826602723176785,1.545607510720567,0.8632686925909865,0.6470321395244212,0.5757298771844288,0.6576734950207683,0.8280513506704825,0.8823135720368422,0.6643109866949748,0.5857364945634951,0.7517902880491554,0.6608631428404643,0.7663265905806119,0.6417869274632293,0.7132791565482659,0.5048680062403549,0.7231551977880233,0.8626880471828714,0.8704446295138648,0.6937944434102257,0.7909256700635504,0.771893948426888,0.7302943058533546,0.7223234220712813,0.7724370249313199,0.6564773216926636,0.6173357994919777,0.637886160625112,0.7973407159700284,0.8253439543613019,0.6754040278236031,0.8947654924444086,0.8418287574075234,0.7955520693920077,0.6492234575061775,0.5643161037460918,0.9157701990359242,0.8084643123593167,0.7199802745372914,0.7441821322029365,0.7333056991994118,0.5197191072335412,0.8098186305374652,0.8259025179715629,0.7303098289496028,0.6811232223774697,0.6004295815466736,0.736353592513495,0.7373928713457355,0.732928193451089,0.6079256525654715,0.7729181193289776,0.6912386849734993,0.7663555276205517,0.8042494264678914,0.7166299946046467,0.6805165587360804,0.7688413100181346,0.7858959498946696,0.994835931731672,0.7324321643053362,1.9520945917252919,0.48198787582451397,0.6457022320769341,1.527855374185421,0.8397635464333619,1.5003160578490902,0.7896107340991234,0.699449020607928,0.8979922042085579,0.6471071730144621,0.7999062029240622,0.9792835263070292,1.2126962329557816,0.8483660823099757,0.9101905409754816,0.8100162607034258,1.0631868768296595,0.7081895421867015,0.5984432506306567,0.8365073783893326,0.48836986510934055,0.8104880127867495,0.6054834707337858,0.6556877028781781,1.1674621919747454,0.7620086383612005,1.7223424933004483,0.649447765082624,0.9439929510044588,0.5874311938478542,0.6681480736082357,0.637483514985586,0.8299809630300314,1.000365742272973,0.6976849641624346,0.7183026327578581,0.7226706622179178,0.646760978229415,0.8060916361393204,1.7187740786032404,1.0321547963539006,1.2877796701383313,1.3224433852429534,0.4842998233321875,1.1986580950659536,1.0392512307247626,0.9258796953397535,0.7976120533350445,0.9366116053617528,0.9354589333490005,0.9517742492384429,0.837101334551916,1.3471226084173646,0.8348853151598341,1.1509059080950597,0.9172131525951386,0.956445322702779,1.220190331886664,1.746105842770014,0.8675867527195104,0.9687325454306575,1.5656123210003934,1.1201821908429048,0.742361155650759,0.7652628674059637
1.0,1.0,1.0,1.0,1.0,1.0,1.0,1.0,1.0,1.0,1.0,1.0,1.0,1.0,1.0,1.0,1.0,1.0,1.0,1.0,1.0,1.0,1.0,1.0,1.0,1.0,1.0,1.0,1.0,1.0,1.0,1.0,1.0,1.0,1.0,1.0,1.0,1.0,1.0,1.0,1.0,1.0,1.0,1.0,1.0,1.0,1.0,1.0,1.0,1.0,1.0,1.0,1.0,1.0,1.0,1.0,1.0,1.0,1.0,1.0,1.0,1.0,1.0,1.0,1.0,1.0,1.0,1.0,1.0,1.0,1.0,1.0,1.0,1.0,1.0,1.0,1.0,1.0,1.0,1.0,1.0,1.0,1.0,1.0,1.0,1.0,1.0,1.0,1.0,1.0,1.0,1.0,1.0,1.0,1.0,1.0,1.0,1.0,1.0,1.0,1.0,1.0,1.0,1.0,1.0,1.0,1.0,1.0,1.0,1.0,1.0,1.0,1.0,1.0,1.0,1.0,1.0,1.0,1.0,1.0,1.0,1.0,1.0,1.0,1.0,1.0,1.0,1.0,1.0,1.0,1.0,1.0,1.0,1.0,1.0,1.0,1.0,1.0,1.0,1.0,1.0,1.0,1.0,1.0,1.0,1.0,1.0,1.0,1.0,1.0,1.0,1.0,1.0,1.0,1.0,1.0,1.0,1.0,1.0,1.0,1.0,1.0,1.0,1.0,1.0,1.0,1.0,1.0,1.0,1.0,1.0,1.0,1.0,1.0,1.0,1.0,1.0,1.0,1.0,1.0,1.0,1.0,1.0,1.0,1.0,1.0,1.0,1.1098641607415143,1.476341731659501,1.244111348995312,1.461434166575736,1.0368431104755977,0.9621920467216211,1.301976427652392,1.1163130905782999,1.0700375845378656,1.3588630233569785,1.6046501045743837,1.4031757790338504,1.0370886903338894,1.2799742587497192,2.2963856117008294,1.3511160502009285,1.1620499424339805,1.2699352670797266,1.3120006629117702,2.4344137251774773,1.6104781444049467,1.0851436051635002,1.216462807129354,1.3448112187612193,1.7565739681705743,1.5219214910164824,1.4562996629207694,1.294647332692167,1.1599334578095404,0.661487586910218,1.2644009636160138,1.2097744039693659,1.1812811348995678,1.3180753270751189,1.0438189986011488,1.2168349721433456,1.6561998192857286,1.5534884617038367,1.437746604994592,1.0250928114400686,2.0224921341273676,1.4312121918153946,1.5199340685774079,4.76438540205808,1.9687044134690308,1.2821540789200374,1.7015972406559097,2.2690951350174364,1.058193075469697,1.0377734909946816,1.4087055354797635,1.3833881321999608,1.2666170758789799,1.064650005942627,1.2374233016413894,1.0119380511540323,1.258795036607272,1.4011225375241865,1.0965848795717394,1.088405506177562,1.3801167851949028,0.8906201262997699,1.256882436183706,1.3402022073023532,1.1175653509032237,1.1553549602154911,1.1155836154298413,1.1303676765689543,1.1177233992824367,1.3571336181336742,1.482812121008305,1.2010076824794083,1.55847353386595,2.118152500300832,1.5080790791986347,1.268383639599334,0.9976574159681906,1.577377612400748,1.280086681956929,1.1391580968666002,1.1619320183261943,1.4089111032038364,1.2444241702663983,1.6132916972873028,1.573156880152301,1.2476635611000457,1.8033785989722957,1.4264564852042878,1.0804716975077682,1.3274397832040512,2.477490241247712,2.0765763653271208,1.249318242427407,1.0702900873277503,1.060114599640233,1.1603234894536445,1.1411902972212193,1.136010878601017,0.998206119753645,0.9719613455755546,1.2200933608118811,1.4697513725912117,1.1029849446142705,1.023844090064824,1.04453499107877,1.1444019502727583,1.3885955354232744,1.8806670285647016,1.2357446009290254,1.4955631110796863,1.0041839484110364,1.210481986303349,1.6259577349822905,1.038917166566403,1.4321261631273172,1.3731304759660365,1.1511791809189709,1.9934015087861936,1.1342672949870785,1.671955681526191,1.4876611102606636,1.4128656757743006,1.510260529105759,0.9343020317695254,1.2895477016362462,1.0210431932354824,1.2789255176070786,1.3285826397500173,1.4137498710427525,1.0667086248938022,1.2528806223679165,1.7616889356602417,1.1890054128747718,1.0250029705188215,1.171826986063055,1.0450856325883116,1.4580769238627769,1.2372559485436603,1.5515287945934673,1.6682754290225374,2.622132616201732,1.4641320388594423,1.0980949271202487,0.9759785537963603,1.1164739929745497,1.4073404069713442,1.4977653553530248,1.1272557923666584,0.9939944228286315,1.278421481253499,1.1199375359239494,1.2993811031558662,1.090661169445414,1.209260077379581,0.8563179090968589,1.231770903651277,1.4627532603681659,1.4795773069319502,1.178031400869786,1.342314560334199,1.3088559080054352,1.2400264891025965,1.2268154350250278,1.3115945731862977,1.1147832972827383,1.0494480866289595,1.0862679078327802,1.3575175282916625,1.3986751362219132,1.1454488066907662,1.518889929011558,1.4325598865149418,1.3506530223941955,1.1009730825633697,0.9564431831302194,1.5551016373051905,1.3691091590452524,1.2215013805026609,1.2598332015577283,1.2441393108394996,0.8820352133521087,1.374089568245588,1.391623540317645,1.236797732762017,1.1545666653235864,1.0189032060934289,1.2485834301669243,1.249895192796977,1.2437571628385855,1.0322921581381093,1.3122235713382886,1.1705167847377904,1.2973877755253516,1.360822703146707,1.2123698043632172,1.1516402928449185,1.3047821402970192,1.3311570416133724,1.6926880628785879,1.2424520210859393,3.315233771169634,0.8174875515017354,1.0943694143331006,2.588619222213869,1.4267273130777662,2.550886726547207,1.3396031527295054,1.186221895875918,1.523656912904789,1.0988317778534529,1.356906692528965,1.6579191822090493,2.0485997838242267,1.4372742743511946,1.548147675895613,1.3754851461803175,1.793719105926954,1.2017748690774117,1.0141108946076205,1.420176651473517,0.8266716635653063,1.3705245374720307,1.024025893419432,1.110391780922158,1.977090214912308,1.2915447458957172,2.9159376051242507,1.1029180140848875,1.6029715288013668,0.9972332051190889,1.133406048355054,1.0828179714818562,1.4090642343097612,1.6973130216557157,1.1830590556898746,1.2186322723358773,1.2275394077179356,1.0946664805765705,1.367781459602383,2.9185983466877854,1.7518973985985546,2.1964223401042506,2.252607500565934,0.8209391345481056,2.026339877238156,1.7635715983155489,1.5709272235612044,1.3565688448855968,1.5906789849932226,1.5897699190423924,1.6157436437438477,1.42429918236217,2.282706043331852,1.4140067710338697,1.9479973165480649,1.5591727716532788,1.6230403038067198,2.0715371177669413,2.9439145544368137,1.468192224008539,1.6445510716145955,2.6556583219637906,1.9006068456906835,1.2566354539442406,1.2988139083577597
1.0,1.0,1.0,1.0,1.0,1.0,1.0,1.0,1.0,1.0,1.0,1.0,1.0,1.0,1.0,1.0,1.0,1.0,1.0,1.0,1.0,1.0,1.0,1.0,1.0,1.0,1.0,1.0,1.0,1.0,1.0,1.0,1.0,1.0,1.0,1.0,1.0,1.0,1.0,1.0,1.0,1.0,1.0,1.0,1.0,1.0,1.0,1.0,1.0,1.0,1.0,1.0,1.0,1.0,1.0,1.0,1.0,1.0,1.0,1.0,1.0,1.0,1.0,1.0,1.0,1.0,1.0,1.0,1.0,1.0,1.0,1.0,1.0,1.0,1.0,1.0,1.0,1.0,1.0,1.0,1.0,1.0,1.0,1.0,1.0,1.0,1.0,1.0,1.0,1.0,1.0,1.0,1.0,1.0,1.0,1.0,1.0,1.0,1.0,1.0,1.0,1.0,1.0,1.0,1.0,1.0,1.0,1.0,1.0,1.0,1.0,1.0,1.0,1.0,1.0,1.0,1.0,1.0,1.0,1.0,1.0,1.0,1.0,1.0,1.0,1.0,1.0,1.0,1.0,1.0,1.0,1.0,1.0,1.0,1.0,1.0,1.0,1.0,1.0,1.0,1.0,1.0,1.0,1.0,1.0,1.0,1.0,1.0,1.0,1.0,1.0,1.0,1.0,1.0,1.0,1.0,1.0,1.0,1.0,1.0,1.0,1.0,1.0,1.0,1.0,1.0,1.0,1.0,1.0,1.0,1.0,1.0,1.0,1.0,1.0,1.0,1.0,1.0,1.0,1.0,1.0,1.0,1.0,1.0,1.0,1.0,1.0,1.0,1.3296712472113943,1.1194254913256383,1.3156421690134308,0.9337445032881591,0.866214419787363,1.1730381055640482,1.0054922146628336,0.964068324199242,1.2235554997554874,1.4445218608589303,1.2638346334346058,0.9337154526306184,1.1520838961768138,2.0703925526909703,1.21661037359408,1.0464588753128305,1.1436429926955292,1.1814794183042034,2.1906963675885676,1.450776658613965,0.9771755230990692,1.0951541220426988,1.2108660641516031,1.5805227641622706,1.3706670856986507,1.3115508215669252,1.1654379676603033,1.0447763631572886,0.5959394120625304,1.1383748187108442,1.0890574978013607,1.0636675903845174,1.1871077476813412,0.9399652772873752,1.0957041311083011,1.4912625665609174,1.398250934078019,1.2945203851000742,0.9235215000669266,1.8202585429548135,1.2889545678392857,1.3689683294760775,4.2819219124406445,1.7686909625379101,1.1537690485690608,1.5295744648768874,2.044641239157469,0.9524963374911048,0.9340062480021878,1.2670426699931072,1.245476429676931,1.140308604651015,0.9586631282381625,1.1136251889383615,0.9111082905649097,1.1341334516548325,1.2611173407026255,0.9872312101471856,0.979494728377001,1.2431069796311551,0.8016344094792294,1.1314023580921126,1.2071492005174167,1.0055788880705985,1.0398670566213777,1.0038891873645337,1.0176987387632412,1.0060030209880395,1.2218975739314355,1.3348844427467232,1.0809191804052967,1.4029690513136381,1.9070068765826216,1.3581122965153822,1.1420005747775799,0.8980451484491274,1.4204413758627181,1.1529056234231951,1.0257383796459374,1.0457305908977328,1.2687890331466236,1.1202751218454237,1.4528815747860964,1.4168315108321834,1.1243897530842557,1.6241259944505135,1.283668775467256,0.9726817275572028,1.1953019832289424,2.2319377793184874,1.8708643552543545,1.1244633116595721,0.9633147377595673,0.9544700963111119,1.0440203584959091,1.0271821505931968,1.0224929870879629,0.8985461982105034,0.8750007850102486,1.0989331584713253,1.323992920278155,0.992885950771555,0.9216664861121225,0.9404950096761977,1.0301446781658319,1.2502812613025305,1.6934232437048542,1.1123446883985184,1.346238518081263,0.9041150058966549,1.0897878572286612,1.4646324998670561,0.9341643571260606,1.2893728334778984,1.236071215122195,1.036181851898041,1.7937995272370444,1.020806360872533,1.5051849195423186,1.3395726755868753,1.272084479695771,1.3613121407293325,0.8412359668840557,1.1608800861543342,0.9190496272146005,1.1508081002335553,1.1966464958532759,1.273261084097442,0.9602503095311006,1.1291473383330088,1.5858735470651575,1.0698221016527545,0.9224216157589247,1.055117052175678,0.9406967485472628,1.3128324946643493,1.1144012253557714,1.3973561657218718,1.5023556932818596,2.3598812859194185,1.3172001569501446,0.9884262541637745,0.8789123445686386,1.004969921694256,1.2672894828457135,1.3491094060923918,1.0150361626920663,0.8946680604445457,1.1506157234103527,1.0083959625393482,1.1708678076730288,0.9818830433457868,1.0892014450342502,0.7705942353623711,1.1089341818761675,1.3165447952198908,1.3315756121584645,1.0600996966393832,1.208209111777159,1.1790369504061564,1.1159447406113179,1.104546765294406,1.1809829979031512,1.0034184503360772,0.9441282075941372,0.9777728910977149,1.220912374921482,1.2577963353988566,1.0316944845924634,1.3672965861568227,1.2904982671414311,1.2162734402862814,0.9908787817561896,0.861705832194213,1.398995684202474,1.2330593161641654,1.100028266462811,1.134237820198931,1.1195393790427652,0.7937326135971281,1.2372907234222774,1.2528302635214414,1.113442162762279,1.0388844622135558,0.9167167892132962,1.123977933696672,1.1250505054716977,1.1194759507031549,0.9292671727059234,1.180398573073697,1.0541391338999444,1.1683723700050848,1.2237524425836321,1.0914354325868763,1.0359994674376196,1.1741603019894908,1.1987255414448814,1.5224749780092763,1.1179505067451092,2.9838584051074193,0.7358978868185071,0.9845310260663727,2.3341047889309543,1.2844699805714554,2.297703477647609,1.2067411464770768,1.0680277773330942,1.371248218566484,0.9889454586647374,1.2224554143576714,1.4933222214825053,1.847004201990095,1.2952289330886617,1.3920865655782095,1.2369487062896645,1.615663928939452,1.0824208032266385,0.913331878898593,1.2770443095435942,0.743993123936435,1.2339015737539265,0.9220236863765183,1.0002256074045048,1.7794824100218527,1.162618196465118,2.625375103344982,0.9930612042338613,1.4424767508371037,0.8975522340069134,1.0193733646398782,0.9745721425251992,1.2689086493633415,1.5288087421283405,1.0661612621329786,1.0975303194745014,1.1052318075906515,0.9859113165168172,1.2323837141189768,2.6272664673402115,1.5778868285750947,1.9802061114081502,2.023770900927323,0.7389684615173808,1.8255761178648298,1.5880801451069884,1.4149359880038164,1.22074481212735,1.4321109582015994,1.4300838577904285,1.4546764148212459,1.281319596443411,2.0549096094261383,1.2727247269330952,1.7561133820023858,1.4042109534987932,1.4616302871116114,1.8645763923305707,2.648479060555078,1.321549364963122,1.4806982425096373,2.3967776150696753,1.7127480180126688,1.1319032438058363,1.1689636021063723
1.0,1.0,1.0,1.0,1.0,1.0,1.0,1.0,1.0,1.0,1.0,1.0,1.0,1.0,1.0,1.0,1.0,1.0,1.0,1.0,1.0,1.0,1.0,1.0,1.0,1.0,1.0,1.0,1.0,1.0,1.0,1.0,1.0,1.0,1.0,1.0,1.0,1.0,1.0,1.0,1.0,1.0,1.0,1.0,1.0,1.0,1.0,1.0,1.0,1.0,1.0,1.0,1.0,1.0,1.0,1.0,1.0,1.0,1.0,1.0,1.0,1.0,1.0,1.0,1.0,1.0,1.0,1.0,1.0,1.0,1.0,1.0,1.0,1.0,1.0,1.0,1.0,1.0,1.0,1.0,1.0,1.0,1.0,1.0,1.0,1.0,1.0,1.0,1.0,1.0,1.0,1.0,1.0,1.0,1.0,1.0,1.0,1.0,1.0,1.0,1.0,1.0,1.0,1.0,1.0,1.0,1.0,1.0,1.0,1.0,1.0,1.0,1.0,1.0,1.0,1.0,1.0,1.0,1.0,1.0,1.0,1.0,1.0,1.0,1.0,1.0,1.0,1.0,1.0,1.0,1.0,1.0,1.0,1.0,1.0,1.0,1.0,1.0,1.0,1.0,1.0,1.0,1.0,1.0,1.0,1.0,1.0,1.0,1.0,1.0,1.0,1.0,1.0,1.0,1.0,1.0,1.0,1.0,1.0,1.0,1.0,1.0,1.0,1.0,1.0,1.0,1.0,1.0,1.0,1.0,1.0,1.0,1.0,1.0,1.0,1.0,1.0,1.0,1.0,1.0,1.0,1.0,1.0,1.0,1.0,1.0,1.0,1.0,1.0,0.8360030998163348,0.9816119395937928,0.6958925371039408,0.6475881747542597,0.8766587799513492,0.7503037735550879,0.7232049805683172,0.915610308382212,1.083243610742529,0.9415326840003051,0.6955850806561339,0.8601203554237971,1.548107456318495,0.9095666338197473,0.776900254179931,0.8537025134711034,0.8835606388968442,1.6394879441341939,1.06873903746919,0.7258102051917412,0.8167977261875403,0.906492485795968,1.181872202682726,1.028915151210215,0.9818751322608164,0.871847024075705,0.7806851262971493,0.44463111293224344,0.8525243169641998,0.8120834902138534,0.7935827880282492,0.8851879363836708,0.6996045113286562,0.8157588505696267,1.1137515545938956,1.0488634915447916,0.9673998695429878,0.6893078230500673,1.358475103225767,0.9650924384001935,1.0247144344431747,3.070940675239225,1.327237187096314,0.8602527824784187,1.1310158940597979,1.525764388829722,0.7110649221548349,0.6988210643589137,0.9481445535021735,0.9315625882129204,0.850973335997085,0.7162620140675728,0.8314401339687005,0.6809090347391116,0.8452765006002786,0.9414378879538856,0.7347768216246775,0.7302847757502324,0.9265529841634033,0.5956286912492748,0.8429639428952824,0.9017110281269884,0.7499801277784215,0.7734176336103067,0.7494713323012192,0.7585906856391562,0.7540437635809207,0.9139845350073231,0.9976419551526576,0.8059670720201915,1.050345737016359,1.4234692137392218,1.0133955299156707,0.8546733915716634,0.6693622495878561,1.05897763282004,0.861386423908544,0.7627462043354702,0.7803521973736849,0.9511034991367359,0.8360908925795707,1.0865173110701565,1.0566338534358066,0.8426914193194384,1.2149236755304593,0.9536193798162682,0.7273003377783593,0.8918979533901726,1.6549023135947925,1.3976594133782299,0.8417991484914652,0.7205089521574528,0.7110073632805679,0.7807698520428805,0.764143022380694,0.7634679783965546,0.6695032014465062,0.6535282546465621,0.8226404685081544,0.9876280998490485,0.7426742662240645,0.6864764402134658,0.7014481706548152,0.7701386905807843,0.9364768031787828,1.270283452412883,0.8320536146300216,1.0057874154379645,0.6759234429120454,0.815444824682656,1.0821418947633512,0.6960650265664385,0.9633907800762433,0.9256069742869302,0.7722256454878214,1.3490881438181044,0.7632514600890126,1.129901577637368,1.0017308362777575,0.9505993223657002,1.0110892217012735,0.6270033613017666,0.8678514263275705,0.6866679621950733,0.855349132333669,0.893704255025564,0.9505526503059963,0.7171899207327348,0.847031090262725,1.1851162555099055,0.7995126531327648,0.6852470179209745,0.7810493937375139,0.7027710263854305,0.9814297917724939,0.832184291533313,1.0432712372478101,1.1244325049855886,1.7592418002864474,0.98118709185944,0.7376892053324003,0.6536123183569643,0.7501491256171335,0.950187349505283,1.0082834194372745,0.7575303240566874,0.666993599912987,0.8624670555721121,0.7493597097103901,0.8738876572212495,0.7348906042425876,0.8103607242534212,0.5747544727081,0.8367087804955624,0.9810399757206719,0.9977747919680375,0.7901920651204873,0.9024703560899849,0.8784449353639097,0.8330060885212655,0.8260790194638413,0.8841729269224251,0.7498922326282123,0.7062470654852366,0.7348344671441072,0.9183324216715746,0.9320442957766546,0.7693380044883864,1.0210071596745227,0.9693492300032187,0.9086731871293022,0.7367611128645999,0.6412691638047688,1.0451821422072207,0.914319976622111,0.8198278065235276,0.8415558701500245,0.8332387180758659,0.5919932534347028,0.9242493578082733,0.917697900993641,0.8259965861586518,0.7712529616660866,0.6829024278118271,0.8369529779736639,0.836523675325284,0.8354803730750988,0.6937184701027751,0.8790358690204909,0.7813230905466932,0.8665893145608208,0.9047034548471146,0.8076873231412363,0.766111613773693,0.8740837794517133,0.8908481798536949,1.1405396685094604,0.832136381398215,2.243279682386798,0.5482695085981312,0.7301141597827795,1.7375040614381174,0.9623922176037017,1.7240435931358755,0.9002692037589581,0.7941320152163137,1.0223086568972466,0.7387146763407805,0.9119247000526876,1.1076516635212248,1.3538637983732134,0.9636831822833785,1.041821948787356,0.921302840053088,1.1873872309545264,0.8080192870534209,0.6792515376726743,0.9508456697470005,0.5512019076089691,0.9100190340487087,0.6815528676379542,0.7429211203467082,1.318672658953199,0.8650970380171241,1.944104335697025,0.7428723222074722,1.077996023393621,0.6704876899555375,0.7590390325108348,0.7286494711677278,0.948069212752616,1.1411524381012756,0.7948456529264157,0.8193336519363911,0.8251865280165309,0.7298177738768263,0.9214467612600257,1.9573426159297536,1.1785720935352615,1.4950592886983292,1.5215248135760508,0.549403003683016,1.351009619805212,1.1845134382708773,1.0560976533229933,0.9162377342101022,1.0704253299962938,1.0700757192379884,1.0875670603556544,0.9616363448838344,1.527309565408803,0.9439019179392092,1.311525283748995,1.0517438604659872,1.0907333339040082,1.390348919484441,1.9340153472927466,0.9758674127705362,1.1059411981319092,1.791766403277316,1.279111058835689,0.8393647014200308,0.8724295552927586
1.0,1.0,1.0,1.0,1.0,1.0,1.0,1.0,1.0,1.0,1.0,1.0,1.0,1.0,1.0,1.0,1.0,1.0,1.0,1.0,1.0,1.0,1.0,1.0,1.0,1.0,1.0,1.0,1.0,1.0,1.0,1.0,1.0,1.0,1.0,1.0,1.0,1.0,1.0,1.0,1.0,1.0,1.0,1.0,1.0,1.0,1.0,1.0,1.0,1.0,1.0,1.0,1.0,1.0,1.0,1.0,1.0,1.0,1.0,1.0,1.0,1.0,1.0,1.0,1.0,1.0,1.0,1.0,1.0,1.0,1.0,1.0,1.0,1.0,1.0,1.0,1.0,1.0,1.0,1.0,1.0,1.0,1.0,1.0,1.0,1.0,1.0,1.0,1.0,1.0,1.0,1.0,1.0,1.0,1.0,1.0,1.0,1.0,1.0,1.0,1.0,1.0,1.0,1.0,1.0,1.0,1.0,1.0,1.0,1.0,1.0,1.0,1.0,1.0,1.0,1.0,1.0,1.0,1.0,1.0,1.0,1.0,1.0,1.0,1.0,1.0,1.0,1.0,1.0,1.0,1.0,1.0,1.0,1.0,1.0,1.0,1.0,1.0,1.0,1.0,1.0,1.0,1.0,1.0,1.0,1.0,1.0,1.0,1.0,1.0,1.0,1.0,1.0,1.0,1.0,1.0,1.0,1.0,1.0,1.0,1.0,1.0,1.0,1.0,1.0,1.0,1.0,1.0,1.0,1.0,1.0,1.0,1.0,1.0,1.0,1.0,1.0,1.0,1.0,1.0,1.0,1.0,1.0,1.0,1.0,1.0,1.0,1.0,1.0,1.0,1.1731347786322726,0.8322182668472842,0.7722793864480157,1.043651327450105,0.8956556071567645,0.8563708963736788,1.0892983193597343,1.286382438805266,1.1282270428849894,0.8341586265821745,1.0277559520812067,1.8422591555454741,1.0838246450799063,0.9356129314412034,1.0198910149395317,1.0522494893961623,1.9525838729144656,1.2985334955119359,0.8731953248336677,0.9776379009698241,1.0776907442895836,1.4097139052408942,1.217285818931544,1.1671768877044622,1.0386600722650798,0.9294579838354234,0.5310598420681912,1.0120573949063911,0.972658834724381,0.9479159175517091,1.05795078758225,0.8396462353883777,0.9779558512553401,1.3285136022234463,1.2440434868869858,1.1539638839503525,0.8226349480186259,1.6235353446396785,1.145587516826085,1.2173270937215437,3.89359283726545,1.5813604847576102,1.0309860301617217,1.3765009433691,1.8173573318512521,0.8500475572804758,0.8328127797997719,1.1291782289922792,1.1102949077122464,1.0168108313119752,0.8539979282588618,0.9928906485492968,0.8123600355403627,1.0117812090659557,1.1244201332169177,0.8825624757209934,0.8748559515691787,1.107477451532886,0.7173708873371096,1.0093834636079622,1.0746000320772129,0.8985663897436351,0.9298524860296037,0.8965937909893716,0.9087222919619569,0.895214999584579,1.0883093097297678,1.1886381783614346,0.965802683119526,1.249665416619135,1.697397434138864,1.2102922115441663,1.017618758779487,0.8018527635020638,1.2666740425414222,1.027206195220812,0.9178029382004298,0.9335848159561226,1.1260715201741633,0.9989876025351712,1.2942931819170913,1.2625886007765477,0.9989188986650309,1.4470729279792052,1.1494739357727328,0.8674220824995507,1.0649848971678322,1.9885689014859071,1.664983716784611,1.0013994460133868,0.8583877611239881,0.8515548036488458,0.9309369379073265,0.9190057423494151,0.9125066408281968,0.802274695658056,0.7804854628362724,0.977573264486872,1.1788340066443386,0.8847750505863015,0.8228401063910908,0.8396550788482328,0.9196127855855056,1.1129253593984574,1.5060795400446154,0.9903669206794279,1.1988328744280454,0.8062811445672036,0.9711242602027764,1.3109669332461773,0.8364913369123963,1.1484288580761162,1.1014242345050222,0.925771040547676,1.592366557665195,0.9105726084042198,1.340570200600086,1.1930980449301214,1.133447574753158,1.212594265843249,0.751175477087006,1.0351031033932976,0.8203003105110124,1.0300754358414115,1.0661907180335732,1.1350083038736412,0.8566405701755314,1.0039495228440085,1.4113947669198574,0.9549610072597559,0.8262387365275443,0.9454877506580285,0.8389349351898152,1.169873815234505,0.9924412081144645,1.2453794319335239,1.3384396225407245,2.1074932045923527,1.1783696297303943,0.882328590683579,0.7854328161818065,0.8969218224013056,1.127294061088289,1.2006637052141143,0.9054559294839093,0.7985291040984643,1.0241843981310208,0.9010921121506932,1.0432537011440939,0.8746688437117675,0.9717000201860753,0.6883518366630406,0.9835774934059165,1.1774873266192902,1.1862893692144523,0.9470034526075954,1.078065498645562,1.050998509371093,0.9966761536532712,0.9841702418879474,1.053226175007623,0.8946517180360992,0.8424424502845546,0.870960021057508,1.0861695616259466,1.1289521022309714,0.9206318325261077,1.2181694410890804,1.144839276952553,1.0837830901059737,0.8860910641788058,0.7690764883384436,1.2482398201687654,1.1022238125113453,0.9810764278581512,1.0148938851478901,1.0009323922502507,0.7089701343920802,1.1033757653874032,1.1241386099327824,0.9957472146051588,0.9302099433071777,0.8203720482607937,1.0036131887319297,1.005491710839764,0.9992581900906612,0.8276404719607006,1.055362737371044,0.9433528483631902,1.0449723420129133,1.0998002079452984,0.9792157961195899,0.9305505488588097,1.0493807567577336,1.0711590713508405,1.3553577809526487,1.000512658740049,2.653037402416849,0.6572305311925064,0.8807136552168224,2.0771376457784276,1.143257911984167,2.041422606764293,1.0761956942943698,0.955034354729051,1.2232988427373925,0.8821229346187192,1.0906456621997274,1.3321978306944482,1.6513896051119505,1.1545165504961465,1.243295626537408,1.1063926113471059,1.4486420842273582,0.9646568983846984,0.814753965216555,1.1437513137834685,0.6664385099576158,1.1049384600445689,0.8262689542659224,0.8935394210679783,1.5904266806212928,1.0390544400747945,2.345273882566761,0.8853307718734275,1.2870547716993328,0.8011391821358493,0.9128922297023577,0.8691311357529867,1.1307821501354818,1.3624664917329579,0.9502783626054445,0.9781008142989793,0.985081918842785,0.8818100222040264,1.0970970288704094,2.3458341284172115,1.406796075075217,1.7526296822001823,1.806038957724673,0.6607216967148952,1.629361632191717,1.4141897512248258,1.2610999663768023,1.086130616015481,1.2757797184518997,1.2761807019073539,1.2974219087569663,1.1414101092091027,1.8357507610309773,1.1396127017644253,1.564639428086346,1.2479771696282105,1.3028979218985253,1.6649541078172263,2.389188105478711,1.1834281132827322,1.3202730903012696,2.132498268776983,1.5247609022831976,1.0109760725673067,1.0438399275393384
1.0,1.0,1.0,1.0,1.0,1.0,1.0,1.0,1.0,1.0,1.0,1.0,1.0,1.0,1.0,1.0,1.0,1.0,1.0,1.0,1.0,1.0,1.0,1.0,1.0,1.0,1.0,1.0,1.0,1.0,1.0,1.0,1.0,1.0,1.0,1.0,1.0,1.0,1.0,1.0,1.0,1.0,1.0,1.0,1.0,1.0,1.0,1.0,1.0,1.0,1.0,1.0,1.0,1.0,1.0,1.0,1.0,1.0,1.0,1.0,1.0,1.0,1.0,1.0,1.0,1.0,1.0,1.0,1.0,1.0,1.0,1.0,1.0,1.0,1.0,1.0,1.0,1.0,1.0,1.0,1.0,1.0,1.0,1.0,1.0,1.0,1.0,1.0,1.0,1.0,1.0,1.0,1.0,1.0,1.0,1.0,1.0,1.0,1.0,1.0,1.0,1.0,1.0,1.0,1.0,1.0,1.0,1.0,1.0,1.0,1.0,1.0,1.0,1.0,1.0,1.0,1.0,1.0,1.0,1.0,1.0,1.0,1.0,1.0,1.0,1.0,1.0,1.0,1.0,1.0,1.0,1.0,1.0,1.0,1.0,1.0,1.0,1.0,1.0,1.0,1.0,1.0,1.0,1.0,1.0,1.0,1.0,1.0,1.0,1.0,1.0,1.0,1.0,1.0,1.0,1.0,1.0,1.0,1.0,1.0,1.0,1.0,1.0,1.0,1.0,1.0,1.0,1.0,1.0,1.0,1.0,1.0,1.0,1.0,1.0,1.0,1.0,1.0,1.0,1.0,1.0,1.0,1.0,1.0,1.0,1.0,1.0,1.0,1.0,1.0,1.0,0.7096328537148023,0.6573091465727232,0.8897787803666191,0.7634901722556753,0.7284417192361055,0.9282687642226299,1.0931896484230248,0.9602300439687129,0.710825532996624,0.8749438370338686,1.570813755589991,0.9225459825284481,0.7977743936919498,0.8680583383672267,0.8955935007402687,1.6610296221029748,1.1109231686474832,0.7450353835088304,0.8322165818434852,0.9177341271334329,1.1991434601972182,1.0356562222613164,0.9930262305964099,0.8834078123037941,0.7922567836543104,0.45219263850376695,0.8620742627506994,0.8281724029597687,0.8080305055320529,0.9011783348352673,0.7150645099838719,0.8336751026760165,1.1321084435567206,1.0579033520288537,0.9819801168970304,0.701237109445207,1.3821791191149004,0.9756081105519846,1.03676129327205,3.347431006683869,1.3394440585997254,0.8778619900224358,1.171223109487944,1.5511567086384808,0.7233731608837097,0.7082732602333331,0.9612406091934698,0.944665881324795,0.8661514510813816,0.7273971302635629,0.8458768496611505,0.6912656143960936,0.8622186578359263,0.9576401656524003,0.7515088291704286,0.7447804255221315,0.9449078599745054,0.61131388499744,0.8606414998802794,0.915918333071109,0.7650578370990746,0.7921732674465182,0.7629137416620482,0.7737442584981576,0.7615775889118923,0.9263126857792396,1.0126947488556577,0.8220339671725116,1.063893119918872,1.448056349134785,1.0311637984728927,0.865659511575326,0.6829516056952041,1.0797801990066223,0.8744538776805532,0.7802487338072606,0.7947434352500826,0.9600629511515133,0.850515503714447,1.100921174738846,1.076386220414439,0.8500273257342754,1.2320803683523343,0.9791298445496427,0.7379621428539413,0.9076289670991181,1.701957240536875,1.4185281350814154,0.8520419052099191,0.7308371231932864,0.7261233566222716,0.7925946839139485,0.7825937409861605,0.7766714363061142,0.6833429463562086,0.6641022926536717,0.8320522100651326,1.0051934766302195,0.7530300284403577,0.7013109719886979,0.7144385180961911,0.7819601404071872,0.94677440042092,1.2808458047881262,0.844275110794809,1.021216195631339,0.6863410571984989,0.8255657561110422,1.1207782767704564,0.7116270498866513,0.9787729127473108,0.9367676928299844,0.7885108077780505,1.354266267352385,0.7750707399006165,1.1399429289422665,1.0154563651444697,0.9651901341385514,1.0362625519039526,0.6397401846466204,0.8807681289788376,0.6976918642505401,0.8771701278556862,0.9080604227522396,0.9663277135960593,0.7291852984915222,0.8554305248347828,1.2029772695408276,0.8118401794097023,0.7035343482881833,0.806597794491173,0.7145629480199865,0.9961743602528204,0.8455729165404907,1.0599800735896017,1.1395038343957304,1.7940640447436285,1.0033372333954012,0.7511427358274554,0.6690263338264028,0.7632839299537599,0.9589306766031948,1.023094668908617,0.7708980653655203,0.680147425201817,0.8710814544259748,0.768261791389959,0.8891767136352035,0.7438204923950498,0.828768290691483,0.5864967844274629,0.8359107207776533,1.002273066917227,1.0088350650977562,0.8057163923805656,0.917796198817358,0.8957036148890881,0.8478391767921402,0.8375093487879112,0.8954308212117644,0.7614874546867909,0.7160388119365377,0.7384900268216101,0.9227625828486387,0.9619059128455264,0.7840184576410862,1.0380000071130957,0.9735819285372045,0.9225847658072379,0.7547642296030408,0.6554969614950251,1.062813152755415,0.940866247716154,0.8357390248301959,0.8658016370827077,0.8524890357056502,0.6037367379323215,0.9395411970577461,0.9661378669032564,0.8494349627888598,0.7926692124389112,0.6982491439278371,0.8553107189435534,0.8571791934455426,0.8508122064167356,0.705469055164383,0.8979147426660274,0.8044166373256395,0.8918529134249118,0.9378081236689554,0.8347043269990783,0.7933750557586212,0.8935629870016643,0.913440145396626,1.152898708138844,0.8513480826676678,2.2625340719670826,0.5598509686651861,0.751616021393505,1.7723107727924758,0.9734398926862577,1.736445555269467,0.916064935636185,0.8130855004499016,1.0427871557933728,0.7508246237965159,0.9283814478403658,1.1388541992640695,1.4152089200251003,0.9849574600670779,1.0557536348591399,0.9414346354550674,1.2404894326746279,0.8215287751311291,0.6952090799976011,0.9731894275494517,0.5687497484566083,0.9447306146707275,0.7054629474609233,0.7623452621620284,1.3589009066355668,0.8859984936808072,2.0049389797284842,0.7529634599933039,1.095837197981484,0.6817590610622162,0.7773405255188427,0.739395701501165,0.9628587108397971,1.160852556565505,0.8096139200647303,0.8333311389018119,0.8381840360450663,0.7528505552039824,0.9343839520741677,1.9957569026194597,1.1971210310703877,1.4863613218567755,1.5343159910381265,0.563104006626338,1.3953169614393697,1.2064752180394338,1.0741907815439387,0.9237517912435405,1.0863319043632242,1.0849240700143272,1.1037856120055287,0.9698137740206931,1.5662902739621503,0.9714888625103473,1.3368452906033246,1.0622890187452425,1.1098632687491656,1.4167242356987528,2.044443367270137,1.0107004242142166,1.1239112560416915,1.8141934997500346,1.2988508220311243,0.8634827305069718,0.8884248517160953
1.0,1.0,1.0,1.0,1.0,1.0,1.0,1.0,1.0,1.0,1.0,1.0,1.0,1.0,1.0,1.0,1.0,1.0,1.0,1.0,1.0,1.0,1.0,1.0,1.0,1.0,1.0,1.0,1.0,1.0,1.0,1.0,1.0,1.0,1.0,1.0,1.0,1.0,1.0,1.0,1.0,1.0,1.0,1.0,1.0,1.0,1.0,1.0,1.0,1.0,1.0,1.0,1.0,1.0,1.0,1.0,1.0,1.0,1.0,1.0,1.0,1.0,1.0,1.0,1.0,1.0,1.0,1.0,1.0,1.0,1.0,1.0,1.0,1.0,1.0,1.0,1.0,1.0,1.0,1.0,1.0,1.0,1.0,1.0,1.0,1.0,1.0,1.0,1.0,1.0,1.0,1.0,1.0,1.0,1.0,1.0,1.0,1.0,1.0,1.0,1.0,1.0,1.0,1.0,1.0,1.0,1.0,1.0,1.0,1.0,1.0,1.0,1.0,1.0,1.0,1.0,1.0,1.0,1.0,1.0,1.0,1.0,1.0,1.0,1.0,1.0,1.0,1.0,1.0,1.0,1.0,1.0,1.0,1.0,1.0,1.0,1.0,1.0,1.0,1.0,1.0,1.0,1.0,1.0,1.0,1.0,1.0,1.0,1.0,1.0,1.0,1.0,1.0,1.0,1.0,1.0,1.0,1.0,1.0,1.0,1.0,1.0,1.0,1.0,1.0,1.0,1.0,1.0,1.0,1.0,1.0,1.0,1.0,1.0,1.0,1.0,1.0,1.0,1.0,1.0,1.0,1.0,1.0,1.0,1.0,1.0,1.0,1.0,1.0,1.0,1.0,1.0,0.9250747343118835,1.252884648168838,1.0754058732849017,1.0251044801823168,1.3062937851891419,1.5372463272776822,1.3528742533582396,1.0009693921757736,1.2317494237485864,2.2112526896885134,1.298702009655592,1.1244580602733687,1.2225150391806947,1.260824586249837,2.337082708191075,1.5692303786461668,1.0501843356930425,1.1717631553641903,1.291502764334866,1.6873776386485269,1.4569720735760305,1.3977204554519171,1.2432898898279632,1.1156362035979197,0.6368617776039226,1.2132770487989135,1.1659833936752966,1.1379363104658178,1.2697871822742033,1.0073896453726718,1.174582615204149,1.5938625192782858,1.487947838755646,1.3824458909044375,0.987378932865977,1.9460656787851276,1.3731402888617037,1.4595831622564313,4.748504960419686,1.881074671879341,1.2355859547035704,1.6497175324383553,2.1855553119961275,1.0184989674822917,0.9963897197444893,1.3523255951868374,1.329750668191776,1.2193366989378513,1.0240449638984284,1.1907132837398824,0.9730917636079994,1.2146100777689566,1.3484066369049748,1.0584263481236031,1.0484759273587636,1.3311179892146254,0.8611368612948791,1.2122257865919233,1.2899252770605139,1.076796013757766,1.1157604142289705,1.0736779945160122,1.089523464396461,1.071540000698307,1.3040256455320391,1.4254089955757294,1.1571012088125707,1.4967606138792986,2.0396311836128413,1.4523120639843694,1.2182848901003425,0.9617088611426026,1.5206105875619018,1.2313779731208747,1.0992688728716447,1.1189289648602092,1.351316408492441,1.1972933560447094,1.5500991299583764,1.5163014084606983,1.1964938209320972,1.7338269347711188,1.3789594733203454,1.0386935838444942,1.2782301663692546,2.4018164542555613,1.9983158786431074,1.1990713381354718,1.0285808834763608,1.022939077895317,1.1152163687902688,1.1020190163528558,1.0933341237357805,0.9624371360892738,0.9349776526431144,1.1714435878546077,1.4159695628395867,1.0598399581194893,0.9878968804979862,1.0059086351328639,1.1000514131198214,1.332267696413905,1.8023598450102185,1.1881385500950241,1.4379732010661948,0.9658481253874158,1.1617720312635018,1.5822675306079925,1.0014647087832742,1.3779446834154414,1.3181505447448194,1.1101189533020865,1.9051024429219545,1.0906031115506674,1.6025772570229482,1.4295610484398469,1.3589782250552815,1.4620671440325719,0.9008746971113077,1.239864401861952,0.9819576056224508,1.2355359300660282,1.2787674397253164,1.3609206006690384,1.0263621163041892,1.2029861891704279,1.6940755792703979,1.1425793635091386,0.9910485995025587,1.1374185466286906,1.0057175879351354,1.4020429886602206,1.1908460901922087,1.4930207879923754,1.603208372896261,2.5274186952725817,1.4124561233010076,1.057353378609859,0.9426619523818418,1.0745380102385607,1.3493645960802227,1.4406274716499556,1.0854784639185913,0.9577835035520863,1.2255158799619217,1.082711205366337,1.2522294549019413,1.0468869530003069,1.1679736660752535,0.8254992054900595,1.1741967216472933,1.411200991962128,1.4190447756462823,1.1346384872977042,1.2917898880958374,1.2622301356759822,1.1932582908876932,1.1789270649828703,1.2598088293429672,1.071878084169776,1.0073942655338726,1.0379502058035048,1.29695525472961,1.3548012566889696,1.1041739336710983,1.4618023027898168,1.3701759766415718,1.2991383849382638,1.0630722828377794,0.9236052994292705,1.4958817559144588,1.3263328678890545,1.1775121308992238,1.2203086665752898,1.2005722685767697,0.8496991816818678,1.3226718518959737,1.365133282055289,1.197518051207625,1.1167695508528475,0.9825028940479248,1.20488968745915,1.2077380165095903,1.1976756134907791,0.9934105665679526,1.2645517651646152,1.1341083588763037,1.2570790100330842,1.3217005994931306,1.1767302982964307,1.1180826879788794,1.258345371618299,1.287554793934453,1.6221515346925712,1.1986297365034366,3.1786722678615615,0.788475492517431,1.0594025131330203,2.4999447352703923,1.3692331544568406,2.4438768896190806,1.2904128739882463,1.1455370765105393,1.4686797271168222,1.0569034233758403,1.3073490543771003,1.6065539282207322,2.0021599267286967,1.3889153933442924,1.4849191149142418,1.3253272542130574,1.7526724897889094,1.1570581305034415,0.9799766950888598,1.3692205981756225,0.8015806659189558,1.3337516440729587,0.9949735022534268,1.0744707896339265,1.9163015412464437,1.2477497124359576,2.8280770822789587,1.0596538780529308,1.5419025669070727,0.9594608100072368,1.0935008772114476,1.0406160355870482,1.355350865660936,1.6346630555821227,1.1406453349194865,1.173334196723633,1.180477105502613,1.0618749291528742,1.3157433851810045,2.8112748980500797,1.6858738192482117,2.089181283452371,2.1539264790642436,0.7931190629115364,1.9692239315836413,1.699250613727442,1.5128338059394761,1.2993087425570904,1.529260062990937,1.5264942237580081,1.553616247516754,1.3636340646619314,2.2066686391896333,1.3695390751108827,1.881436618083768,1.495541784018434,1.5629033127431187,1.9946157134260813,2.890202229263229,1.4266780968345827,1.58233474548169,2.5556061226311093,1.8294330543178103,1.217466444177632,1.2504959650621
1.0,1.0,1.0,1.0,1.0,1.0,1.0,1.0,1.0,1.0,1.0,1.0,1.0,1.0,1.0,1.0,1.0,1.0,1.0,1.0,1.0,1.0,1.0,1.0,1.0,1.0,1.0,1.0,1.0,1.0,1.0,1.0,1.0,1.0,1.0,1.0,1.0,1.0,1.0,1.0,1.0,1.0,1.0,1.0,1.0,1.0,1.0,1.0,1.0,1.0,1.0,1.0,1.0,1.0,1.0,1.0,1.0,1.0,1.0,1.0,1.0,1.0,1.0,1.0,1.0,1.0,1.0,1.0,1.0,1.0,1.0,1.0,1.0,1.0,1.0,1.0,1.0,1.0,1.0,1.0,1.0,1.0,1.0,1.0,1.0,1.0,1.0,1.0,1.0,1.0,1.0,1.0,1.0,1.0,1.0,1.0,1.0,1.0,1.0,1.0,1.0,1.0,1.0,1.0,1.0,1.0,1.0,1.0,1.0,1.0,1.0,1.0,1.0,1.0,1.0,1.0,1.0,1.0,1.0,1.0,1.0,1.0,1.0,1.0,1.0,1.0,1.0,1.0,1.0,1.0,1.0,1.0,1.0,1.0,1.0,1.0,1.0,1.0,1.0,1.0,1.0,1.0,1.0,1.0,1.0,1.0,1.0,1.0,1.0,1.0,1.0,1.0,1.0,1.0,1.0,1.0,1.0,1.0,1.0,1.0,1.0,1.0,1.0,1.0,1.0,1.0,1.0,1.0,1.0,1.0,1.0,1.0,1.0,1.0,1.0,1.0,1.0,1.0,1.0,1.0,1.0,1.0,1.0,1.0,1.0,1.0,1.0,1.0,1.0,1.0,1.0,1.0,1.0,1.352354742674688,1.1599103372944322,1.1099761164940336,1.4112385928925488,1.6659891646995324,1.4587311415422997,1.0791253642426193,1.329952770262661,2.388056245729858,1.4032813093411678,1.2094056873202128,1.3199158136826785,1.3624939709031865,2.527565836893735,1.67583171358886,1.1292031471950037,1.2645833490982934,1.3963805956368645,1.8241260705773006,1.5780100844627436,1.5116304701774759,1.344491349833219,1.2039149940583829,0.6872894713420225,1.311322987552802,1.2581232751905134,1.2271421269985376,1.3690604822044938,1.0854167416534035,1.2653829637535474,1.7202350491672354,1.6117015730332198,1.4937446406127506,1.0653302692911093,2.1002478609575754,1.4845149137032179,1.5772875624726055,4.989165291048403,2.0434161030024924,1.3332151850367104,1.7730889300984771,2.3549703221258946,1.0999405916357716,1.078072006935344,1.4622116415391917,1.4377312824328177,1.3159176318727797,1.1057449754314645,1.2852886307462663,1.051522624421041,1.309462543700345,1.4551377560147034,1.1413584098362448,1.131368466802749,1.4339141631321413,0.9271324662533208,1.306112848406581,1.3921514958083296,1.1622789893291814,1.2019734087024596,1.1599542505295186,1.1755533111143626,1.1594818598477306,1.4093209833240032,1.5391848453875652,1.249001564567698,1.6187521992600569,2.1984787286112724,1.5668289862184948,1.317666399468236,1.0372609546464382,1.6396068613162684,1.32978634196786,1.1856685161975171,1.2079208472629563,1.4608984176742634,1.2924667710806266,1.6755831783280133,1.6347688687255162,1.2948500272612349,1.8740887500236199,1.4849573803308598,1.122895054598661,1.3785544123430793,2.5741731642314583,2.1564566606010276,1.2968191003210487,1.1115254808580892,1.1020033624469272,1.2052685856965162,1.1879593426703952,1.180825620680042,1.0377097237429258,1.0102298465841437,1.2664779971937727,1.5264241860429877,1.1454926392655367,1.0644694338610967,1.0861147533738036,1.1896739238776017,1.4414919900039336,1.9513538658310088,1.283363263311526,1.5518222344198236,1.0440376589877127,1.2570827987643023,1.6940436485849544,1.0810462058679635,1.4875994332336737,1.4263612111068396,1.1974860733768917,2.0652876431331357,1.178765809982389,1.7373295926368693,1.5448232856525395,1.4676129423950708,1.570178451372473,0.9717614227957933,1.3400346410415884,1.0613265493324344,1.3308309632355466,1.3806164521272075,1.4691599129511066,1.1087097512531916,1.3020130321726437,1.827808972457079,1.2354078919507376,1.0674717740918989,1.2212276816999115,1.0860494414984774,1.5148234497059874,1.2850982728345133,1.611762292917823,1.7335658391102124,2.7258476266622216,1.523568913725088,1.141615592198605,1.0151441794867624,1.1604535584736921,1.4606027694605905,1.5554181296031724,1.1718736257084013,1.0330006608259619,1.3264785567940305,1.1651347945381993,1.3511848369553254,1.1325242638868422,1.2572208364404478,0.8907829730334004,1.2760007918583414,1.5225036795707352,1.5363903674428465,1.22392163204228,1.395393078011793,1.3604976126758639,1.2892504767905306,1.2742044261703702,1.3637419825803807,1.1579783646298814,1.0898568526432446,1.1278918721455358,1.4074820065387652,1.4570583184908212,1.1912653932945134,1.577029617027692,1.4842033666799472,1.4030457480817182,1.1451133356092278,0.9948892765401056,1.6153924435522347,1.4246360181026487,1.2697369922201678,1.3116415021560988,1.2937876076096906,0.9170488620825932,1.4283148908763619,1.4514028930009923,1.2870802158786416,1.2012352045455608,1.0603986243222452,1.298202864578206,1.3001609586341485,1.2931117364407636,1.0716597952613878,1.3633633162449141,1.2189234624809897,1.350925000164126,1.4185797307729964,1.2641507293479304,1.200589309010419,1.356378459718269,1.3851535276114337,1.7553909211040062,1.2926301877129682,3.441155641798799,0.8500516642526417,1.1378366483613669,2.6901793350062877,1.4813280562118276,2.646465461771173,1.3927065074085414,1.234406208374479,1.5830651388063466,1.1415559017585695,1.4115781249124897,1.7239633167380004,2.130171887919632,1.4943685751676088,1.607916910002847,1.4293223316777057,1.870053351790759,1.2488152028757695,1.0544017254169873,1.4775003916202338,0.8609944885110443,1.4264540709293785,1.0669261631965696,1.1556824588807975,2.056646706920912,1.3437911832776879,3.0322258564307365,1.1460256750355253,1.6657230901333813,1.0367167567902218,1.1797598660893418,1.1248721163688087,1.463995452415055,1.763870738277987,1.2303602058817105,1.266209669195119,1.2749416353959293,1.139467943925376,1.42135508635571,3.0318345915388023,1.820573063113327,2.27478612061739,2.3374315609930125,0.8539929136235058,2.1086653576478094,1.83119366437483,1.632582885736136,1.407428786130136,1.6518058350419416,1.6513113123079,1.6794308352935166,1.4780208826773895,2.3739422237395846,1.4723146153096431,2.028787480322453,1.6167849943925783,1.6863208790222561,2.1531353255391976,3.0723265237155215,1.528567162512904,1.7088420156694943,2.764033703204257,1.9750830456989954,1.3074560852776318,1.350404778391821
1.0,1.0,1.0,1.0,1.0,1.0,1.0,1.0,1.0,1.0,1.0,1.0,1.0,1.0,1.0,1.0,1.0,1.0,1.0,1.0,1.0,1.0,1.0,1.0,1.0,1.0,1.0,1.0,1.0,1.0,1.0,1.0,1.0,1.0,1.0,1.0,1.0,1.0,1.0,1.0,1.0,1.0,1.0,1.0,1.0,1.0,1.0,1.0,1.0,1.0,1.0,1.0,1.0,1.0,1.0,1.0,1.0,1.0,1.0,1.0,1.0,1.0,1.0,1.0,1.0,1.0,1.0,1.0,1.0,1.0,1.0,1.0,1.0,1.0,1.0,1.0,1.0,1.0,1.0,1.0,1.0,1.0,1.0,1.0,1.0,1.0,1.0,1.0,1.0,1.0,1.0,1.0,1.0,1.0,1.0,1.0,1.0,1.0,1.0,1.0,1.0,1.0,1.0,1.0,1.0,1.0,1.0,1.0,1.0,1.0,1.0,1.0,1.0,1.0,1.0,1.0,1.0,1.0,1.0,1.0,1.0,1.0,1.0,1.0,1.0,1.0,1.0,1.0,1.0,1.0,1.0,1.0,1.0,1.0,1.0,1.0,1.0,1.0,1.0,1.0,1.0,1.0,1.0,1.0,1.0,1.0,1.0,1.0,1.0,1.0,1.0,1.0,1.0,1.0,1.0,1.0,1.0,1.0,1.0,1.0,1.0,1.0,1.0,1.0,1.0,1.0,1.0,1.0,1.0,1.0,1.0,1.0,1.0,1.0,1.0,1.0,1.0,1.0,1.0,1.0,1.0,1.0,1.0,1.0,1.0,1.0,1.0,1.0,1.0,1.0,1.0,1.0,1.0,1.0,0.8571405467601597,0.8197190189786145,1.0426207772760858,1.2286080891505369,1.076673969330634,0.7967557605185231,0.981604423975869,1.765506475238504,1.0359747226759244,0.8934398075604794,0.97423346624586,1.0058456950001942,1.8647214488044275,1.2408601035149727,0.8348616457593099,0.9331409976754095,1.0313442676612818,1.3452248018648134,1.1655623587358241,1.1157674193893954,0.9919058981419678,0.8899222300788736,0.5075686682851948,0.9689148159904761,0.9284405502174158,0.9066468840107798,1.0113464117752122,0.801359441918883,0.9350435785579013,1.2707780436136835,1.1891752812725382,1.102443543193527,0.7872455518210677,1.550318802890588,1.0968204417842227,1.1653446899613835,3.6949617826547954,1.50170835968528,0.9837072837369674,1.3061903436617597,1.7424750893320144,0.8115592817702908,0.7951606520153577,1.0790669458151023,1.0609446620395242,0.9715322276784724,0.816570803718045,0.9490402253207244,0.7759601469823845,0.9675920313683694,1.0745402585584007,0.8421694614872436,0.8347980254107555,1.0601721035990974,0.6843478816401587,0.9648249414566832,1.0287545845096064,0.857520461552994,0.8871777381909212,0.8555793596689845,0.8675652802871793,0.8557711912498067,1.0405855972594895,1.136847799711048,0.921418435369465,1.1950610208958259,1.6262083714148878,1.1573164248403656,0.9722576041830069,0.7657219168926017,1.2113685591494412,0.9818685618816116,0.8739733644273808,0.891330373788268,1.0804690038901845,0.9538735203749845,1.2364366730264273,1.2081197277580478,0.9562587879067086,1.3837332135789442,1.0957653368801687,0.8284415287184139,1.0185029320102763,1.9069962772386115,1.5936951810610265,0.9571755387681524,0.8205952026914436,0.8143861539219627,0.8895546552098629,0.8764611940342161,0.8712432568672911,0.7660762050527795,0.7454028791177598,0.9353241352572164,1.128586738270982,0.8454104164549295,0.7860413425863999,0.8012579991478255,0.8771734096756525,1.064031173380621,1.4401202873931698,0.9484596153468644,1.1463247682043307,0.7704319725065449,0.9272513488658123,1.2536184794944263,0.7967022380480173,1.098989106819457,1.0523252958638962,0.8838402503252597,1.5244306771038683,0.8698238312730598,1.281468437269333,1.1404705934454824,1.0838809551379147,1.162642543421366,0.7172932940749415,0.9887978263557384,0.7827503470281691,0.9818186653243661,1.0196126881553877,1.0846844815775745,0.818250413246046,0.9619921872892354,1.3508641276780093,0.9108788706216205,0.787521157438362,0.902080705752739,0.8017897971982129,1.1185012828794338,0.9494783369224364,1.1898477445737132,1.2796394298934268,2.011849562888039,1.1238067605521584,0.8424475205925522,0.7495964264836747,0.8562846546545155,1.078237420565628,1.1493411275775478,0.865095332438784,0.7626545982494463,0.9787618589918337,0.8607383534323167,0.9983779144618137,0.8355566655121739,0.9291293632667983,0.6574981250316891,0.9416168186344331,1.122759135056464,1.133437421229774,0.9029995124049023,1.0298739590241826,1.0056150784878586,0.950735892018654,0.9404890639836126,1.0055647482210344,0.8547019700270664,0.8034622104258153,0.8302075786108747,1.037807501725582,1.0743656278949585,0.879483659000766,1.1651029355679277,1.0960608895289057,1.0358723788247364,0.8452710303939766,0.7350171032011104,1.1920927455327508,1.053077226344795,0.9375293464608256,0.9690131151085476,0.9545109168986615,0.6767007410006255,1.054335123044673,1.0770015528446475,0.9510866526791991,0.8865932541588875,0.7816306947030935,0.9588745716043254,0.9601554860719708,0.9543657792638973,0.7918638527958526,1.0055268166167455,0.9003816921530419,0.9982483879950658,1.0468509870396403,0.9329184835899827,0.8858279127940911,1.0009747050539537,1.0233393941723656,1.2953080007569517,0.9531314250114452,2.5431835194124135,0.6275300640544361,0.8408325609434906,1.990778457052825,1.0938322234359985,1.9539188770165206,1.0281082515324504,0.910712978228729,1.169275059126278,0.8424453561567229,1.0415100992298463,1.2761587267252064,1.580322552226216,1.104941170413694,1.184092668806973,1.0539778272530413,1.3852891920169599,0.9222129837193647,0.7795566975019228,1.0890594567171714,0.6360683686412623,1.0556123673224713,0.7884354429980097,0.8541453968383659,1.5209031406648668,0.9923679765663951,2.243611482774968,0.845401837978712,1.229161524122722,0.7647948963201789,0.8699491309274935,0.8298529409713511,1.0809067304897826,1.3029159475543448,0.9089737253367796,0.9354067733719738,0.9410197640616134,0.8424669770213802,1.049919309529717,2.235869494790512,1.3436496382505876,1.677360785768555,1.7204364340084084,0.6306917768653983,1.562526919749863,1.3538761469140965,1.2057969589363458,1.0384609556205908,1.219672590024564,1.2176390703078042,1.2390158402115747,1.0897661378532595,1.754921047439721,1.0870599986877643,1.501066802280723,1.1943870658074178,1.2455976902009114,1.5886380287784934,2.271526817219179,1.1300859746126235,1.26128130413709,2.0400992340847646,1.4590778441363035,0.9673894778642025,0.9962664512123955
1.0,1.0,1.0,1.0,1.0,1.0,1.0,1.0,1.0,1.0,1.0,1.0,1.0,1.0,1.0,1.0,1.0,1.0,1.0,1.0,1.0,1.0,1.0,1.0,1.0,1.0,1.0,1.0,1.0,1.0,1.0,1.0,1.0,1.0,1.0,1.0,1.0,1.0,1.0,1.0,1.0,1.0,1.0,1.0,1.0,1.0,1.0,1.0,1.0,1.0,1.0,1.0,1.0,1.0,1.0,1.0,1.0,1.0,1.0,1.0,1.0,1.0,1.0,1.0,1.0,1.0,1.0,1.0,1.0,1.0,1.0,1.0,1.0,1.0,1.0,1.0,1.0,1.0,1.0,1.0,1.0,1.0,1.0,1.0,1.0,1.0,1.0,1.0,1.0,1.0,1.0,1.0,1.0,1.0,1.0,1.0,1.0,1.0,1.0,1.0,1.0,1.0,1.0,1.0,1.0,1.0,1.0,1.0,1.0,1.0,1.0,1.0,1.0,1.0,1.0,1.0,1.0,1.0,1.0,1.0,1.0,1.0,1.0,1.0,1.0,1.0,1.0,1.0,1.0,1.0,1.0,1.0,1.0,1.0,1.0,1.0,1.0,1.0,1.0,1.0,1.0,1.0,1.0,1.0,1.0,1.0,1.0,1.0,1.0,1.0,1.0,1.0,1.0,1.0,1.0,1.0,1.0,1.0,1.0,1.0,1.0,1.0,1.0,1.0,1.0,1.0,1.0,1.0,1.0,1.0,1.0,1.0,1.0,1.0,1.0,1.0,1.0,1.0,1.0,1.0,1.0,1.0,1.0,1.0,1.0,1.0,1.0,1.0,1.0,1.0,1.0,1.0,1.0,1.0,1.0,0.954720989036302,1.215247516374271,1.4315807318295506,1.2571255300211237,0.9300840244657136,1.1452834979171809,2.057483966616604,1.208119912472817,1.0440723468913378,1.1367126745380158,1.1728612488425856,2.1743535857807332,1.4532579797181886,0.9751078227573524,1.0892319682057168,1.2019547072011956,1.5692592703979125,1.3572449141243774,1.3007065708532148,1.1567656583637589,1.037659148617473,0.592241007380568,1.1290248254277828,1.083761182384836,1.0578797812505196,1.180245819784517,0.9358524167860843,1.0915231688499496,1.4822935521809133,1.3854908466854607,1.2858221503749796,0.9182081650548963,1.8092620448731838,1.2781664969946378,1.358077129683375,4.364900751422621,1.752002514345896,1.1483642340714102,1.5297461467491105,2.0319969396417417,0.9469950345755794,0.9272566073724471,1.2582140453128843,1.2370694400125712,1.1336981329975386,0.952413001855822,1.1072989704889349,0.9050742481467398,1.1290304084760439,1.253564719877727,0.9836245825494558,0.974591412097931,1.2370672993049814,0.7997245013652183,1.1263460338906288,1.1997864863811278,1.00098212686613,1.0364638943254412,0.9984203285931402,1.012814804710037,0.9972476685494478,1.2131195508251986,1.3258748581515105,1.0756714214432195,1.3928377603742699,1.8964803345929893,1.3503808307449212,1.1334953443376987,0.8938277510393859,1.4135483296250846,1.1451724977848836,1.021351572144432,1.0402314595512754,1.2582728479404035,1.113203747337871,1.4420473345633567,1.4096841417362764,1.1141684554435958,1.6130182877650239,1.2805938516075313,0.9661791543309426,1.188297401105992,2.228251126666682,1.858269902903398,1.1158350870868152,0.956799454499488,0.950553125675642,1.0373780199961684,1.0239075289015174,1.016601158366989,0.8944212868163456,0.869629347013867,1.0901299738527463,1.3164517955252482,0.9858426844102003,0.9177792614129819,0.935290197011281,1.02326249306636,1.2399778596915079,1.6777546173248665,1.1054296873680052,1.3370647667595965,0.8984715135778356,1.0812300596845923,1.4666493724907763,0.9307218478878267,1.2817399959388707,1.2266279790125894,1.031827096551147,1.7746846809572232,1.014448113382295,1.4926785346792655,1.3298545869224845,1.2639170280806686,1.3577180302154017,0.8373405381029196,1.1532328052255658,0.913229581725517,1.1474329607637266,1.1892909096652036,1.2654490452994929,0.9545632541503711,1.120142271573794,1.5751611988324306,1.0627420423280847,0.9203205257481841,1.0552107372786188,0.935210470048823,1.3042291214864297,1.1073497075934242,1.3882336005948794,1.4917941796684486,2.3487392287542406,1.312458407694279,0.9830677016032973,0.8755858024920246,0.9991896686980555,1.2561250666392934,1.3400927222394614,1.0093617449360601,0.8901966055576015,1.1406685844156588,1.0055666675774164,1.1645227028654532,0.9742061609428385,1.0850241130305949,0.7673695985477813,1.094858153263925,1.3112501835544763,1.3209726599279141,1.0543761870283006,1.201332613211588,1.1734206298143453,1.1096344738075525,1.0966979518801279,1.1723667806147966,0.9968870622548697,0.9372032315058573,0.9672953091860127,1.2082706190025436,1.2571925411619764,1.0264116672973507,1.3590242997058297,1.2760342457496665,1.2082031307923593,0.9874948020269757,0.8581346611030962,1.3907654075274976,1.2310124237146292,1.0946028114920043,1.132621038967248,1.1152158069528684,0.7898848630756137,1.2298989246258927,1.2625772648708988,1.111601435920404,1.0365536268118087,0.9131243063442899,1.1195501668088326,1.1217008114162117,1.1136039295118696,0.9236637392962614,1.174564367454376,1.0527163379352702,1.1669219148005678,1.22538304868401,1.0915567178162917,1.0368696310918815,1.1692336307393916,1.1956120204595577,1.5099466010650486,1.1135059568536048,2.9591120521788294,0.7326831099731184,0.9830314248293286,2.3232593415127294,1.2744878405726505,2.2757422484997987,1.1997224337053725,1.0642096763739415,1.3647700455091583,0.9828035077840844,1.2155513607919317,1.4913503658083287,1.8525589666977362,1.290183968754004,1.381491049483174,1.2312278745439473,1.6225452432004102,1.0758691090551626,0.9102673633910285,1.2724825336818313,0.7437624135752321,1.2356846983800323,0.9225937097688839,0.9978131394560996,1.7785364936443102,1.1590453411312174,2.6235090069427676,0.9858267044544351,1.4339639225277219,0.892274848210939,1.0162087668504471,0.9679046304734982,1.260640184828615,1.5199227153426906,1.0606496899638578,1.0909828798716408,1.0980042779472936,0.9852286109808328,1.2240492563649563,2.6114567252097407,1.5675367155780076,1.9502457159063789,2.0052827038686223,0.7367051427759419,1.8268371285915503,1.5794836969067556,1.4067037184638282,1.2097633305446671,1.4224006576134283,1.420052697698042,1.4450882213518366,1.269769343095353,2.0493443539303176,1.2711337928868347,1.7499049643803373,1.3918075836855393,1.4530894233360896,1.8542915229848682,2.6686083832385705,1.322756111580064,1.4713927524222754,2.3792448448315455,1.7016443487473842,1.1302433790587654,1.1626567437353001
1.0,1.0,1.0,1.0,1.0,1.0,1.0,1.0,1.0,1.0,1.0,1.0,1.0,1.0,1.0,1.0,1.0,1.0,1.0,1.0,1.0,1.0,1.0,1.0,1.0,1.0,1.0,1.0,1.0,1.0,1.0,1.0,1.0,1.0,1.0,1.0,1.0,1.0,1.0,1.0,1.0,1.0,1.0,1.0,1.0,1.0,1.0,1.0,1.0,1.0,1.0,1.0,1.0,1.0,1.0,1.0,1.0,1.0,1.0,1.0,1.0,1.0,1.0,1.0,1.0,1.0,1.0,1.0,1.0,1.0,1.0,1.0,1.0,1.0,1.0,1.0,1.0,1.0,1.0,1.0,1.0,1.0,1.0,1.0,1.0,1.0,1.0,1.0,1.0,1.0,1.0,1.0,1.0,1.0,1.0,1.0,1.0,1.0,1.0,1.0,1.0,1.0,1.0,1.0,1.0,1.0,1.0,1.0,1.0,1.0,1.0,1.0,1.0,1.0,1.0,1.0,1.0,1.0,1.0,1.0,1.0,1.0,1.0,1.0,1.0,1.0,1.0,1.0,1.0,1.0,1.0,1.0,1.0,1.0,1.0,1.0,1.0,1.0,1.0,1.0,1.0,1.0,1.0,1.0,1.0,1.0,1.0,1.0,1.0,1.0,1.0,1.0,1.0,1.0,1.0,1.0,1.0,1.0,1.0,1.0,1.0,1.0,1.0,1.0,1.0,1.0,1.0,1.0,1.0,1.0,1.0,1.0,1.0,1.0,1.0,1.0,1.0,1.0,1.0,1.0,1.0,1.0,1.0,1.0,1.0,1.0,1.0,1.0,1.0,1.0,1.0,1.0,1.0,1.0,1.0,1.0,1.264761630519352,1.4974141947948898,1.3047186078353774,0.9625866800945528,1.1902645142307025,2.1390801656531373,1.2583203290461318,1.0772186370908086,1.1818533562187,1.2221943545741327,2.266782165249352,1.4852478594663494,1.00562864532783,1.1307920235327122,1.2529984629337108,1.63447641179752,1.4220218889843803,1.357941895214044,1.206149291674837,1.0798513084864332,0.6158290894154993,1.1781620228979217,1.123934976793423,1.0980707256987101,1.2260332697955096,0.9693848075888685,1.1298736570021122,1.540634258922868,1.4494677349845282,1.3385994366225689,0.9535503813343361,1.8804506683576165,1.3346911632280476,1.416685339595834,4.305768891332219,1.8357340433594647,1.19035121013983,1.5709443583814922,2.1108238867167914,0.9842215915380457,0.9665415896443502,1.3106277859186544,1.2883791558691304,1.1775200692451575,0.9907668433671365,1.150342060975306,0.9420661425469345,1.170281833411717,1.3027467297871582,1.0181447558803762,1.01101748090734,1.2820116255679275,0.8253892917350361,1.1666611659220565,1.2473755767627552,1.0377492759045248,1.0715472244136728,1.0370365208014218,1.0504590153754512,1.0420247515344063,1.2640816467227296,1.3797218557963422,1.1158243058575015,1.4513108973781208,1.9693567110582506,1.4027682975551925,1.1818276504499574,0.9266590953266891,1.4657491205943907,1.191878263672462,1.0587119742041655,1.0799454420557215,1.3140584608588692,1.1573249207434353,1.503557185903771,1.4624926186546703,1.1653833433401635,1.6793620213783054,1.3218458630596377,1.0059456295663134,1.2341785029267807,2.292724530404273,1.9338585281379013,1.1641539574594328,0.9961239881606232,0.9842227787709601,1.0792519438592882,1.058753892600661,1.0563770643922095,0.9271535552305534,0.9046643025811847,1.1378034671327244,1.3668603876870131,1.0268717672739438,0.9502383900584652,0.9715317696682177,1.065181901862195,1.2947744424096488,1.7552713883783997,1.1496278516261773,1.3913198499432782,0.9345664370934811,1.1285347578406255,1.501505368617169,0.9636739887329063,1.3322698191447067,1.2796810322399672,1.0688980493755347,1.8625005930989151,1.0551753931898387,1.559795522967943,1.3857426567680835,1.315018901034046,1.4013184331966793,0.8680712781283215,1.200507593729261,0.9501192270382637,1.1856968285215217,1.2367207475478976,1.315751573256554,0.9923377625280471,1.1685423809378714,1.6387066598449196,1.1066910586851793,0.9499402583746679,1.0837498286187583,0.9716771973679816,1.357105182321185,1.1513950605921646,1.4444732417987114,1.5539374077880475,2.4364142007477128,1.3581585600025012,1.0207338252799505,0.9059593293037991,1.0384134480486933,1.3131387669814263,1.3945620804095245,1.0486034706830625,0.9233956861069965,1.191935672983845,1.0385914140056252,1.2090340796807606,1.0167578271778492,1.1225843230643506,0.7948650046453546,1.1529744363844314,1.3579555447068015,1.3791060956014742,1.0945107782480639,1.2482524495111198,1.2171088325124817,1.1530608268215767,1.1425519431697886,1.2223225598418033,1.0373094384430157,0.977041690805206,1.0160982454808534,1.2674959598292062,1.2927002406555512,1.06499998449235,1.4122858326990257,1.3396102083430437,1.2574353291322602,1.021300905181321,0.8883937048627181,1.4452252183835608,1.2677210575107738,1.1358133208450603,1.1663194009869335,1.1541219688617579,0.8191093978690052,1.278255666772818,1.2746085134719505,1.1454705861904442,1.0689877568880888,0.9453343790909072,1.159129858236109,1.1589916804039353,1.1559938528338045,0.9597010126966345,1.2180685971721759,1.0841469819456107,1.2012605103240142,1.2551469408389246,1.1209883118240849,1.0631169944232957,1.2109640330455789,1.2345110728688984,1.5773836731357642,1.152917869495639,3.0864397735344817,0.7590672368231922,1.0120729320642927,2.408327826181643,1.329343690822946,2.3829846008105786,1.246760493803074,1.101197365280283,1.4145448786894697,1.022046798454162,1.2626950356056081,1.5355310018106676,1.886648157858649,1.335156586629349,1.4413331391068995,1.2760883721640124,1.6506950281991744,1.1183770927609071,0.9409801886528588,1.3169925504733224,0.7641915957896954,1.26398550102647,0.9459693700243987,1.0295405547309882,1.8286863409398573,1.197414416144245,2.6959989205767223,1.0275087133028755,1.4902672385124753,0.9274439847668233,1.050540720790266,1.0078489803032582,1.3114677745856804,1.5788537002413348,1.1009073804801945,1.1334910556712499,1.1431823125282126,1.013012581097486,1.2743039249593304,2.7121364368559204,1.6310366617214278,2.0656555520302957,2.096805676403637,0.7611836471897893,1.8729016467851893,1.6386348297959186,1.46160673049981,1.265412022625581,1.4805984156609022,1.4797541312420124,1.5043316631368622,1.328606753943585,2.1156160258035728,1.309214308198787,1.8095599248754295,1.4544741080006982,1.5094962071558078,1.9259073942122922,2.693928029985816,1.3561014700068128,1.5301431579196876,2.4812889474667528,1.7705649347369792,1.1639175215733424,1.207230411954107
1.0,1.0,1.0,1.0,1.0,1.0,1.0,1.0,1.0,1.0,1.0,1.0,1.0,1.0,1.0,1.0,1.0,1.0,1.0,1.0,1.0,1.0,1.0,1.0,1.0,1.0,1.0,1.0,1.0,1.0,1.0,1.0,1.0,1.0,1.0,1.0,1.0,1.0,1.0,1.0,1.0,1.0,1.0,1.0,1.0,1.0,1.0,1.0,1.0,1.0,1.0,1.0,1.0,1.0,1.0,1.0,1.0,1.0,1.0,1.0,1.0,1.0,1.0,1.0,1.0,1.0,1.0,1.0,1.0,1.0,1.0,1.0,1.0,1.0,1.0,1.0,1.0,1.0,1.0,1.0,1.0,1.0,1.0,1.0,1.0,1.0,1.0,1.0,1.0,1.0,1.0,1.0,1.0,1.0,1.0,1.0,1.0,1.0,1.0,1.0,1.0,1.0,1.0,1.0,1.0,1.0,1.0,1.0,1.0,1.0,1.0,1.0,1.0,1.0,1.0,1.0,1.0,1.0,1.0,1.0,1.0,1.0,1.0,1.0,1.0,1.0,1.0,1.0,1.0,1.0,1.0,1.0,1.0,1.0,1.0,1.0,1.0,1.0,1.0,1.0,1.0,1.0,1.0,1.0,1.0,1.0,1.0,1.0,1.0,1.0,1.0,1.0,1.0,1.0,1.0,1.0,1.0,1.0,1.0,1.0,1.0,1.0,1.0,1.0,1.0,1.0,1.0,1.0,1.0,1.0,1.0,1.0,1.0,1.0,1.0,1.0,1.0,1.0,1.0,1.0,1.0,1.0,1.0,1.0,1.0,1.0,1.0,1.0,1.0,1.0,1.0,1.0,1.0,1.0,1.0,1.0,1.0,1.1778912330791083,1.0311192454810802,0.763358345670506,0.9404841199430338,1.6905559143627433,0.9925372258033097,0.8549635651709341,0.9330945287167861,0.963708555980995,1.787625094806185,1.1859796643501526,0.7989358821451649,0.8940535988484017,0.9883132768828715,1.2903175210831435,1.1165981588352425,1.069224142566449,0.9506174588798831,0.8521291535237572,0.4859599473545343,0.9284845105875987,0.8896139532217731,0.868370960503749,0.9680873581201522,0.7674014831588516,0.8949404957732952,1.2172772445830893,1.140121164862037,1.0561875541342811,0.7537756830553783,1.4854246844326693,1.0503568972738864,1.116314197857271,3.5220936385247743,1.4425397194197092,0.9427852216975171,1.2509451659611075,1.6672679949318163,0.7774808606538548,0.7620621096884839,1.0344704644928704,1.0167218252505292,0.9307088390154455,0.7822885595669012,0.9090850067248368,0.7435228086837694,0.9260702277164455,1.0293699785213493,0.806207745319315,0.7998847397840732,1.015099621536413,0.6553515895833009,0.9243668039812749,0.9851036959667901,0.8218046096700269,0.8496961486282418,0.8199911765396415,0.8308217899521982,0.8206408480331544,0.9969447374878706,1.0890569292696353,0.8827835863599711,1.1454862632729843,1.5566847272002917,1.1082550584197177,0.9318620471123193,0.7335211044174309,1.159771077366027,0.9405636527352704,0.8362856065066049,0.8540315627079911,1.0347588973099788,0.9138014995768863,1.184684475291791,1.156688008590891,0.9158727923843188,1.325980620343306,1.0491726913599446,0.7939962977664314,0.9755013860988384,1.823543944149725,1.525868137558116,0.917197822314447,0.786445073313413,0.7797884710973759,0.8527484841915268,0.8394436452348064,0.8348906004134016,0.7338030395567134,0.7139687415713034,0.8958534538742471,1.0802126869651718,0.8103903615440238,0.7529825710405067,0.767311659323092,0.8410784563207884,1.0195457198732552,1.3810102757352074,0.9088464524789107,1.0983903877447911,0.738204320426656,0.8883577435045144,1.1986535201145643,0.7638685388723706,1.0527365614304793,1.0086422963055637,0.8467260952265006,1.462312962162959,0.8339032649482832,1.2293455320270885,1.0926577467787744,1.038244723113782,1.1113914389400417,0.6870575125117944,0.9475614953603402,0.7502174587369702,0.9401500674040421,0.9765077745746005,1.0388513471520335,0.7839456206460442,0.9230524846500279,1.2941307085572002,0.8727819209450804,0.753964432260882,0.8630210202726292,0.768567035230967,1.0715776944211177,0.909182775442228,1.1394819290864284,1.2265739642036153,1.927357632287403,1.0770796821735082,0.8072450170741827,0.7176034744631874,0.8203936843186471,1.0334511542265337,1.1008724255492077,0.8284628409637127,0.7305340971701697,0.9388792528340115,0.8238071035296608,0.9560012285242969,0.8005692892823577,0.8893318691687137,0.6302532355510466,0.9042795699253223,1.0763077141600879,1.086844177566697,0.8652115600447705,0.9868616509975694,0.9618368809235562,0.9111643815525423,0.9012486989083301,0.9640740018634156,0.8189488847207762,0.7704103132054818,0.796530009996105,0.9959975258568746,1.0294600867970678,0.8422666898347047,1.1160391599679251,1.0503668628322014,0.992233464939709,0.8092426749829895,0.7035949322170438,1.1429966730268262,1.0077083552526376,0.89746512995628,0.9277283596859558,0.9147624689798315,0.6485822720606196,1.010587320026175,1.0285426629648433,0.9098827451020888,0.8493285285885901,0.7494205304999659,0.9181610438204225,0.919361721225219,0.9142842140702025,0.7585065229673343,0.9636231145955716,0.8611033783618375,0.9554338972473718,1.0022492270085375,0.8926931226957069,0.8480767023380518,0.9588373092287994,0.9797076378257734,1.2411931007645154,0.9132167036856909,2.4454857970341446,0.601179278104595,0.8049930467278374,1.9026780633790108,1.048563472093428,1.8724473395833487,0.9844243531206003,0.8718351715228415,1.120038010668996,0.8073010977761965,0.9975092963948922,1.2204236314676704,1.505100489799492,1.0573276854748694,1.1359483970716453,1.0101626973761975,1.3222145873952977,0.8831907347556526,0.7458266980623085,1.0442185493908367,0.6087989894083015,1.0088659369003015,0.7541586908343489,0.8172490402424148,1.4547892230732342,0.9509857714709523,2.1457385308595196,0.810168016450961,1.1788269783645702,0.7330711211437169,0.8341054054246732,0.7954891461810933,1.035452917026509,1.2479643655425439,0.8696833664644967,0.8957337355329071,0.9006531407322121,0.8053315840766829,1.0057291229400984,2.1422375874118003,1.2875266611818317,1.607318454274311,1.656236272605842,0.6037414948487698,1.493437070100057,1.2966640377205392,1.1546488983964431,0.9960584027288888,1.1687314187808744,1.16772633519038,1.1875651523796562,1.0453845139384486,1.6797450609304772,1.0408253692440868,1.4394525656920323,1.144288588860578,1.1928217829784122,1.5213158512077911,2.1707495496394973,1.0794537650081049,1.208454794705096,1.9518697240420333,1.3965698492703917,0.9248380069476172,0.9546819028496623
1.0,1.0,1.0,1.0,1.0,1.0,1.0,1.0,1.0,1.0,1.0,1.0,1.0,1.0,1.0,1.0,1.0,1.0,1.0,1.0,1.0,1.0,1.0,1.0,1.0,1.0,1.0,1.0,1.0,1.0,1.0,1.0,1.0,1.0,1.0,1.0,1.0,1.0,1.0,1.0,1.0,1.0,1.0,1.0,1.0,1.0,1.0,1.0,1.0,1.0,1.0,1.0,1.0,1.0,1.0,1.0,1.0,1.0,1.0,1.0,1.0,1.0,1.0,1.0,1.0,1.0,1.0,1.0,1.0,1.0,1.0,1.0,1.0,1.0,1.0,1.0,1.0,1.0,1.0,1.0,1.0,1.0,1.0,1.0,1.0,1.0,1.0,1.0,1.0,1.0,1.0,1.0,1.0,1.0,1.0,1.0,1.0,1.0,1.0,1.0,1.0,1.0,1.0,1.0,1.0,1.0,1.0,1.0,1.0,1.0,1.0,1.0,1.0,1.0,1.0,1.0,1.0,1.0,1.0,1.0,1.0,1.0,1.0,1.0,1.0,1.0,1.0,1.0,1.0,1.0,1.0,1.0,1.0,1.0,1.0,1.0,1.0,1.0,1.0,1.0,1.0,1.0,1.0,1.0,1.0,1.0,1.0,1.0,1.0,1.0,1.0,1.0,1.0,1.0,1.0,1.0,1.0,1.0,1.0,1.0,1.0,1.0,1.0,1.0,1.0,1.0,1.0,1.0,1.0,1.0,1.0,1.0,1.0,1.0,1.0,1.0,1.0,1.0,1.0,1.0,1.0,1.0,1.0,1.0,1.0,1.0,1.0,1.0,1.0,1.0,1.0,1.0,1.0,1.0,1.0,1.0,1.0,1.0,0.8711645983145218,0.6434451341852929,0.7948094624423909,1.427463460985672,0.8396948984726224,0.7198126505395701,0.7889610507858644,0.8154749655923459,1.5135454840518094,0.9916590950047812,0.6718550203584096,0.7553966352552948,0.8359286205178554,1.0917855519091604,0.9474562259129495,0.905767556681885,0.8051284761921271,0.7199772970000455,0.41090417242688104,0.7855708532874066,0.7511342164948833,0.732840955384623,0.8179268609215686,0.6475600641177457,0.754627409085225,1.028077651041697,0.9670538616144093,0.8935757465229802,0.636413767198455,1.2554652702296956,0.889691454551684,0.9445249389483397,2.892431372452973,1.2283908149226526,0.795811941968143,1.0534177944814576,1.4066513655453616,0.6573834933563831,0.6455988085394493,0.8751796489870253,0.8602763749345406,0.7863153342083726,0.6611931199645176,0.7681663085606444,0.6290079932405623,0.7813715352995665,0.8696807070248991,0.6807203524745258,0.6756633257140079,0.8554021655080355,0.5520451854358277,0.7790195822924493,0.8320214607161633,0.6938726557978458,0.7164057593547538,0.6932393570477877,0.7019599492082942,0.6951345434768939,0.8434293542766906,0.9206115687862753,0.745880092473757,0.9690284024405698,1.3128125476480617,0.9361566229175096,0.7889350645405819,0.6191256278352406,0.9786596464413018,0.7953271779645121,0.7076995805208295,0.7215167968704752,0.8753837282699299,0.7728746122552572,1.00319200998652,0.9759193339227417,0.7766740686443412,1.121172309169808,0.884320823375927,0.6717905137641919,0.8236200417112598,1.5287350062627267,1.2894003162938055,0.7767271109336364,0.664960737047377,0.6571948543112224,0.7208289854116718,0.7081802407583633,0.7057007095162875,0.619340845079873,0.6041114199600119,0.7586340087418273,0.9116710606170987,0.6855018157614148,0.6348172713883242,0.6490963684353451,0.7118582602711061,0.8638759969583745,1.1706407178037175,0.7672909808910942,0.9281096783165342,0.6243439557785497,0.75329419313793,1.0033376071645188,0.6450044957208857,0.8890907366372768,0.8542732382656059,0.7145250251749441,1.240936595924631,0.7049327404411457,1.0418663821504066,0.9246205733366379,0.877585415309686,0.9341016948698484,0.5800082755727292,0.8015572058765817,0.6347832930299475,0.7929585369913364,0.8252658218845755,0.8781688164309186,0.6628213705654196,0.7796543766888235,1.0928134888849985,0.7393181666377382,0.6356025808681829,0.7250265159884004,0.6490289644246469,0.9059791880732648,0.7681434929773363,0.9638131491990325,1.0375061558607352,1.6271346551268377,0.9085977109000132,0.6820425846455374,0.6052613386748683,0.693665359161787,0.8758115488582032,0.9302095668371132,0.700263048325102,0.616749511443607,0.7952520080487212,0.6938835158783325,0.8069806139094879,0.678494860530303,0.7493176471577929,0.5315167563755165,0.7685239352145854,0.9082543612765277,0.9209162037170741,0.7311999371422885,0.8339072693885463,0.8122551555622084,0.7707032606367854,0.7625480433133168,0.8165431798090415,0.6925905961800071,0.6527090364604907,0.6784957658023292,0.8458903986211737,0.8660880952477109,0.7112860906603882,0.9423612925245295,0.8920420529905425,0.8391468388128704,0.682656738818306,0.5932765722883271,0.965414223970149,0.8470647646222081,0.7581223160474336,0.7798008803115222,0.7715114267757175,0.5475898805560276,0.8537104002118154,0.8529271017095813,0.7654955116193022,0.7149843236421896,0.6327434443346736,0.7742457572860157,0.7745210813555865,0.7724606612679705,0.640418356677597,0.8139997834895489,0.7248255224385844,0.8030729346390665,0.8411070066236046,0.7504167911060662,0.7123579683175025,0.8093827840024488,0.8245875433724781,1.052433696635135,0.7712009529179316,2.0601835296228304,0.5071508826199636,0.6764960545590718,1.6043666699227117,0.8871753534400262,1.5880831803621949,0.8322067853022528,0.7360038352513849,0.9445890108072189,0.6825252420762911,0.8433274219856628,1.0244757771280995,1.2584498398351625,0.8905475735263901,0.9633879083379266,0.8532210025085745,1.1035412553948993,0.746332739275356,0.6280748845459911,0.8816974976259161,0.5113202304038631,0.8445828618144364,0.6327675656249688,0.6878575992693641,1.2214987541096922,0.8004569122683052,1.8003896673092317,0.686118017097345,0.9956733994674247,0.6197719495352204,0.7034228092032975,0.6730616766603988,0.8755250119445431,1.0538529872749227,0.7347489769871942,0.7566933817892114,0.762771910160756,0.6767718059791447,0.8502192007931688,1.8114627156190863,1.088646979818343,1.374457052148285,1.4025307744457538,0.5087745770759704,1.2497981768509332,1.093207974226695,0.9755551645443159,0.8441945608384982,0.988101971524838,0.9885110404127055,1.0046059830253549,0.886994347683971,1.4133227758570388,0.8754229337300854,1.2088668892568528,0.9692192445085707,1.0075754361221279,1.2865937915614434,1.8058541300011401,0.906332095508026,1.0216658719424063,1.6552037648272062,1.1810237363284335,0.7772330621358228,0.8068037016439366
1.0,1.0,1.0,1.0,1.0,1.0,1.0,1.0,1.0,1.0,1.0,1.0,1.0,1.0,1.0,1.0,1.0,1.0,1.0,1.0,1.0,1.0,1.0,1.0,1.0,1.0,1.0,1.0,1.0,1.0,1.0,1.0,1.0,1.0,1.0,1.0,1.0,1.0,1.0,1.0,1.0,1.0,1.0,1.0,1.0,1.0,1.0,1.0,1.0,1.0,1.0,1.0,1.0,1.0,1.0,1.0,1.0,1.0,1.0,1.0,1.0,1.0,1.0,1.0,1.0,1.0,1.0,1.0,1.0,1.0,1.0,1.0,1.0,1.0,1.0,1.0,1.0,1.0,1.0,1.0,1.0,1.0,1.0,1.0,1.0,1.0,1.0,1.0,1.0,1.0,1.0,1.0,1.0,1.0,1.0,1.0,1.0,1.0,1.0,1.0,1.0,1.0,1.0,1.0,1.0,1.0,1.0,1.0,1.0,1.0,1.0,1.0,1.0,1.0,1.0,1.0,1.0,1.0,1.0,1.0,1.0,1.0,1.0,1.0,1.0,1.0,1.0,1.0,1.0,1.0,1.0,1.0,1.0,1.0,1.0,1.0,1.0,1.0,1.0,1.0,1.0,1.0,1.0,1.0,1.0,1.0,1.0,1.0,1.0,1.0,1.0,1.0,1.0,1.0,1.0,1.0,1.0,1.0,1.0,1.0,1.0,1.0,1.0,1.0,1.0,1.0,1.0,1.0,1.0,1.0,1.0,1.0,1.0,1.0,1.0,1.0,1.0,1.0,1.0,1.0,1.0,1.0,1.0,1.0,1.0,1.0,1.0,1.0,1.0,1.0,1.0,1.0,1.0,1.0,1.0,1.0,1.0,1.0,1.0,0.7382572045813405,0.9089216721701875,1.628273176182169,0.9582516852702886,0.8294098361802621,0.9024876553789474,0.9304425557839278,1.7250317879744628,1.1566892736474665,0.7738887048828973,0.865107870521652,0.9518927944667546,1.246154165326835,1.0743762130115022,1.0317858747329929,0.9180040821926068,0.8222124763100958,0.4699866997093788,0.8943806995593939,0.8605572724128197,0.8388465478750653,0.9369469310659699,0.7439755121128739,0.8656493745987244,1.1749216091559167,1.0979231970309002,1.0204209811169882,0.7276638965436817,1.4365570023299077,1.0121989656604549,1.0762903423162622,3.5046949639172444,1.3930589191900986,0.9117231556279003,1.2205139581938036,1.609003012280597,0.7517842572196837,0.7354627239387108,0.9970425148323787,0.9811980180122404,0.8994572937391814,0.7552226618031651,0.8775125887542734,0.7182018858907708,0.8955912057627708,0.9946524940348747,0.7808914754134488,0.7738597486874699,0.980749710733598,0.6353296422523396,0.8937530391212651,0.950532058368661,0.7943719254769271,0.8233038089574244,0.7923040566477317,0.8039532416752299,0.7908504470381921,0.9620275633812336,1.0508304579359624,0.8540463929547916,1.1034975834054999,1.5017198861350924,1.0709242498304026,0.8992745540114753,0.7096143464505184,1.1206639415103565,0.9088434768116064,0.8131396472394357,0.8256452513138577,0.9940349258517946,0.8837800001295781,1.1447676653675654,1.1175517725207613,0.8825136091113233,1.2786199260902031,1.0179424047585275,0.7666523778232301,0.9425187962543532,1.7663881818692975,1.4736494599966115,0.8846585050627522,0.758547811354284,0.7538376821586759,0.822304168726743,0.8132576974863058,0.8068491106003288,0.7100731718748649,0.6899102494057691,0.864146223803777,1.0434734116208444,0.782090114441721,0.7285977319936694,0.7427092864052176,0.8126271468696179,0.9831426120566775,1.3303368823183246,0.874571767948118,1.0607577185708816,0.7122143514520467,0.8578982800604695,1.165288202802027,0.73947412065657,1.015311262208272,0.9728754262453669,0.8188384500296491,1.4047350795745726,0.8044142504916856,1.1817321041770212,1.0549937876072013,1.002328463392082,1.0760949729590337,0.6647176293269161,0.9149548316280258,0.7251867830659897,0.9122350168360762,0.943040219970905,1.0043274028520455,0.7572064229480985,0.8863554039686514,1.2486272069209132,0.8439690170736762,0.7317487608270965,0.8389364505965268,0.7415993398188774,1.0339810608199087,0.8782133068322582,1.102335659449156,1.1822797746889824,1.8654184494223978,1.0421464087197907,0.7802389224520252,0.6960151950774485,0.7930940398134307,0.9957764303963343,1.0619196866655765,0.8007688858135918,0.7066390907598432,0.9047403153694966,0.7984133091058492,0.9227705582354235,0.7727645390186625,0.8610358863825589,0.6084576830806314,0.8664969479149007,1.041932654523788,1.0469314791703537,0.8385018960020076,0.9528647550116923,0.9301793800413617,0.8810344406598974,0.8701228326839385,0.9301089217009992,0.7909049485540907,0.7443685070969913,0.7679055873312893,0.957194693305951,1.0001927187116004,0.8148206638229658,1.0778470293670757,1.0114406801306932,0.9587121939996412,0.7847093518159691,0.6814051210868808,1.1033425628965499,0.9779159050314099,0.8686081541846226,0.8999466928373703,0.8862534116138999,0.6269419691919498,0.9757072827858364,1.001247578585496,0.8828672840092143,0.8245343221948772,0.7253465045211996,0.8885533687628835,0.890660301905412,0.883429007676318,0.7321384847504483,0.9348778045393243,0.8365576438654467,0.9263650720489404,0.9754502899213738,0.8686775787527673,0.8254144592937009,0.928992969553616,0.9495737769450736,1.1964704245898037,0.8857248915906911,2.3394254021468956,0.581819447199325,0.7810050507686344,1.8423996027901661,1.009199575860014,1.8030275809402418,0.9526878966893899,0.8459298716557702,1.082682755699293,0.7799685672128579,0.9653168737204842,1.1822598766281012,1.4747551100486245,1.0239102548908696,1.0982206324725592,0.9792760049881317,1.2899663572848525,0.8536453477938444,0.721951246497127,1.0110986170213054,0.5908466939267958,0.9830684226379848,0.7337462725131547,0.79198144605406,1.410697481828477,0.9200265900940481,2.0816668632294038,0.7824388669870035,1.1374434264143087,0.708028545256566,0.8067485307881007,0.768237848541407,0.9998668067483015,1.2056072640035218,0.8410377586233871,0.8653153925015462,0.871198010214087,0.78271126690423,0.9700918374830287,2.0792897455887838,1.2451804669658066,1.5436899801249393,1.5917195794536014,0.5850706624609583,1.4473881544625316,1.2517241106132495,1.115809300509879,0.9584416503240574,1.1281696462868953,1.127333096077603,1.1467770060551037,1.0068730253714204,1.6261155474121503,1.010521815155784,1.3823694498476626,1.1033449018438959,1.1529398795958625,1.4728002808585468,2.1352570635214168,1.0510267958550932,1.1677942700656248,1.885811015018486,1.3489181394505734,0.896493227631098,0.923020572455568
1.0,1.0,1.0,1.0,1.0,1.0,1.0,1.0,1.0,1.0,1.0,1.0,1.0,1.0,1.0,1.0,1.0,1.0,1.0,1.0,1.0,1.0,1.0,1.0,1.0,1.0,1.0,1.0,1.0,1.0,1.0,1.0,1.0,1.0,1.0,1.0,1.0,1.0,1.0,1.0,1.0,1.0,1.0,1.0,1.0,1.0,1.0,1.0,1.0,1.0,1.0,1.0,1.0,1.0,1.0,1.0,1.0,1.0,1.0,1.0,1.0,1.0,1.0,1.0,1.0,1.0,1.0,1.0,1.0,1.0,1.0,1.0,1.0,1.0,1.0,1.0,1.0,1.0,1.0,1.0,1.0,1.0,1.0,1.0,1.0,1.0,1.0,1.0,1.0,1.0,1.0,1.0,1.0,1.0,1.0,1.0,1.0,1.0,1.0,1.0,1.0,1.0,1.0,1.0,1.0,1.0,1.0,1.0,1.0,1.0,1.0,1.0,1.0,1.0,1.0,1.0,1.0,1.0,1.0,1.0,1.0,1.0,1.0,1.0,1.0,1.0,1.0,1.0,1.0,1.0,1.0,1.0,1.0,1.0,1.0,1.0,1.0,1.0,1.0,1.0,1.0,1.0,1.0,1.0,1.0,1.0,1.0,1.0,1.0,1.0,1.0,1.0,1.0,1.0,1.0,1.0,1.0,1.0,1.0,1.0,1.0,1.0,1.0,1.0,1.0,1.0,1.0,1.0,1.0,1.0,1.0,1.0,1.0,1.0,1.0,1.0,1.0,1.0,1.0,1.0,1.0,1.0,1.0,1.0,1.0,1.0,1.0,1.0,1.0,1.0,1.0,1.0,1.0,1.0,1.0,1.0,1.0,1.0,1.0,1.0,1.228723542269879,2.2053049053547613,1.294509684916792,1.1228494198346937,1.219175277133295,1.2565908432117328,2.3302134160072177,1.5664323130255138,1.048730128533372,1.1692912814195249,1.2871379758900763,1.6831843952036856,1.4493922978713771,1.392328040231464,1.2394186471892388,1.1110428049708698,0.634744890666447,1.2081317259055826,1.1641529835206121,1.1344834873775171,1.2652663624879303,1.0054476881214263,1.1719977464410585,1.5888521624873344,1.4820962883620954,1.3785388308965874,0.9845561019962612,1.9404451769317217,1.3665723048098706,1.4535343792851023,4.77278846537297,1.8774815303285122,1.2340298860051253,1.65207443357812,2.1754865376943515,1.016163720103935,0.9938173734805275,1.3483466041857253,1.326384846889133,1.2160508617710875,1.0207824600198392,1.187265615182671,0.9705109277323746,1.2119800481700764,1.3445134921745963,1.057045121824736,1.0465517883495434,1.327157107727623,0.8605860681965714,1.2093767590557916,1.285381518572167,1.0754760124049332,1.1143986942836799,1.071977251038076,1.0873914334297554,1.0674984691417224,1.2997954523397444,1.4202999891810872,1.1553361596149279,1.492679723692087,2.0315536768289535,1.447694198040307,1.2148473090831653,0.959968767795649,1.516755865922601,1.2275372897539052,1.0975163634493161,1.1167011834604468,1.344221975364757,1.1937815790941992,1.544748578345722,1.511735161099822,1.1906768124673182,1.7294427008855664,1.378389082257943,1.036190627782461,1.2741384870957395,2.3934293752990428,1.990669080289288,1.1947812384112253,1.025629545515533,1.0206108163189045,1.1125513620586807,1.1012117971968214,1.0910174672434507,0.9603985406563782,0.9325142285919914,1.1665687828743827,1.4109503489892008,1.056768416702023,0.9859631246170132,1.0036949522879295,1.0981887045202678,1.327586697146846,1.7950918348910077,1.1847420126418389,1.4326386827008286,0.9637661644258779,1.157867789812117,1.581139178212882,1.0011524846548032,1.3736494759828246,1.314421820168437,1.1086598185713687,1.8949222131414438,1.0883772404032928,1.5988391751774964,1.4247409042936612,1.3548901202622066,1.4568761003571191,0.8992973348696376,1.2366372425008196,0.9799453355687503,1.234315671227054,1.274858147732815,1.3569556947067634,1.0240087278379773,1.200159250440306,1.6875000571644716,1.1397911247459318,0.9908801670376909,1.1372740907903003,1.003589835482345,1.398171840369889,1.1868660783466765,1.488010139334944,1.59902464963145,2.521760418323024,1.4116176874168236,1.0553804021979394,0.940996112658413,1.0721582506403147,1.3442244173220264,1.4355323885811495,1.0827938500207397,0.955613610906092,1.2212599161985425,1.0808785214677523,1.2489525435925326,1.0431921841318164,1.1648400400775736,0.8247175924348948,1.1687071924928256,1.4101831188935163,1.4149548198171467,1.1320992538289967,1.2892692252809308,1.2581601741738344,1.1911684608015918,1.1753402542195204,1.2572618111771485,1.0689351306035058,1.0049583680975107,1.0344873241011883,1.2921478306682648,1.3558502637627594,1.1018530758651435,1.4570079381947458,1.3620499401275437,1.2950836582299208,1.0615242130812856,0.9217672291003756,1.4925584770650144,1.324380192432255,1.1738868538008098,1.2195794182496316,1.1987856264156174,0.8485198417881038,1.3197359742099435,1.3663300397009022,1.1958679764325932,1.1159312757382238,0.9821286950553186,1.2024396670178876,1.2058360057474542,1.1954290919502801,0.9901244598917387,1.2621744435489393,1.1328758113893356,1.2558535212013484,1.3236806258468632,1.177435858521072,1.1195359567212493,1.2560772182297022,1.28543165614475,1.6153286611208195,1.1976857735464488,3.1739303861310084,0.7871037661277822,1.0579781883560015,2.489100088185512,1.3650079464340958,2.4323310165744547,1.2868546990431058,1.1436785670520413,1.465026790597436,1.05424293360423,1.3045730860352602,1.6019352468768124,1.9944842288643447,1.3845924659257647,1.481958253074853,1.3233205431642077,1.752387554638909,1.1535717731341233,0.9773677374435318,1.368827332354126,0.8015802214043964,1.3322427286027376,0.9947804022276563,1.072785896185493,1.912472743364181,1.246661391609677,2.821562536898125,1.0568274872733228,1.5389953112021644,0.9577056298095379,1.0937458897010217,1.038018628125738,1.3515940351499252,1.630184048444752,1.137311719140568,1.1701508159246787,1.1760392288352506,1.060140750058768,1.3115796731706797,2.803835480457762,1.681231170615924,2.073744379468249,2.1513419207487443,0.7921019700882417,1.9647214857455984,1.6935312525812218,1.5084362656455645,1.2944880334378508,1.5244666091097125,1.5231357483589674,1.5499848475394307,1.3593357433121207,2.20325486603833,1.3685785691603813,1.880189966272943,1.4883189700950405,1.5585065310754636,1.9902414417138694,2.8969607223392835,1.424374252032569,1.578207252591414,2.546036745187723,1.822803270864386,1.2151729189167684,1.2483886086275033
1.0,1.0,1.0,1.0,1.0,1.0,1.0,1.0,1.0,1.0,1.0,1.0,1.0,1.0,1.0,1.0,1.0,1.0,1.0,1.0,1.0,1.0,1.0,1.0,1.0,1.0,1.0,1.0,1.0,1.0,1.0,1.0,1.0,1.0,1.0,1.0,1.0,1.0,1.0,1.0,1.0,1.0,1.0,1.0,1.0,1.0,1.0,1.0,1.0,1.0,1.0,1.0,1.0,1.0,1.0,1.0,1.0,1.0,1.0,1.0,1.0,1.0,1.0,1.0,1.0,1.0,1.0,1.0,1.0,1.0,1.0,1.0,1.0,1.0,1.0,1.0,1.0,1.0,1.0,1.0,1.0,1.0,1.0,1.0,1.0,1.0,1.0,1.0,1.0,1.0,1.0,1.0,1.0,1.0,1.0,1.0,1.0,1.0,1.0,1.0,1.0,1.0,1.0,1.0,1.0,1.0,1.0,1.0,1.0,1.0,1.0,1.0,1.0,1.0,1.0,1.0,1.0,1.0,1.0,1.0,1.0,1.0,1.0,1.0,1.0,1.0,1.0,1.0,1.0,1.0,1.0,1.0,1.0,1.0,1.0,1.0,1.0,1.0,1.0,1.0,1.0,1.0,1.0,1.0,1.0,1.0,1.0,1.0,1.0,1.0,1.0,1.0,1.0,1.0,1.0,1.0,1.0,1.0,1.0,1.0,1.0,1.0,1.0,1.0,1.0,1.0,1.0,1.0,1.0,1.0,1.0,1.0,1.0,1.0,1.0,1.0,1.0,1.0,1.0,1.0,1.0,1.0,1.0,1.0,1.0,1.0,1.0,1.0,1.0,1.0,1.0,1.0,1.0,1.0,1.0,1.0,1.0,1.0,1.0,1.0,1.0,1.7928002924277033,1.054359934644867,0.9104352872952364,0.992090153721034,1.023627650566732,1.8984634468079449,1.2655628928411997,0.8497677151156893,0.9507718972022376,1.0484489354887891,1.3705941209667367,1.1841519225023167,1.1352463151271628,1.0099849215060355,0.9046574074883889,0.5166483840230525,0.9848060472514819,0.9458928436167287,0.9224947300430726,1.0293625315390407,0.8167257199787037,0.9514739051735388,1.2928841367887718,1.209512702605551,1.1224647914955406,0.8005882744330417,1.5792643176797232,1.1145297368125964,1.1845624420753738,3.7997749526279883,1.5343352459519357,1.002564409473094,1.3372534032789607,1.7700759643432833,0.8266882613153339,0.8097034708690827,1.0983685049505396,1.0797120292579183,0.989144080784584,0.8308646538558716,0.9659716689093776,0.7900322567531888,0.9844648583350473,1.0938105041608328,0.8583063101079142,0.8507123753366603,1.0782472086962573,0.6977335396486242,0.9824682357340164,1.0459400823554168,0.8737166028412137,0.9043748599006793,0.8716386926760814,0.8837317338405721,0.8706308588405813,1.0588080631267325,1.156600664217851,0.9390164793824147,1.2153277980680783,1.653240011657659,1.1775968426218686,0.9895878208824238,0.7799329186226139,1.2325569322417933,0.9993632477740007,0.8922240235044196,0.9079589842743295,1.096236431582199,0.971538724989921,1.2589947921126357,1.2289364709110235,0.9717558995771789,1.4073843311988854,1.1177750583754533,0.843508993748653,1.0364171970764176,1.9383308793977212,1.6205132324906573,0.9740927575920143,0.8350683516473583,0.8286837303149562,0.9055324532193548,0.8935762810418316,0.8874777008462359,0.7803847123369164,0.7590087939696673,0.9509598096562903,1.1475049748278305,0.8605519894116676,0.8005608121930897,0.8163993023359783,0.8939431905250175,1.0822870753496763,1.464397181981448,0.9636632774240854,1.1666030419937528,0.7839798384491425,0.944043393713585,1.2771436223366237,0.8131245278620722,1.1176735322803713,1.071070789738945,0.9003426155850922,1.5491550406307555,0.8854088518639839,1.3030499275665175,1.1606468198681732,1.1026807890944266,1.1818052137056272,0.7306307983389027,1.0066644656513788,0.797513753322036,1.0016001477670815,1.0374998623390508,1.104242034741132,0.8330704907282787,0.9770880370895383,1.3738926028428744,0.9283064732185028,0.803461932507646,0.9198734210752852,0.8159844777075641,1.1378998764283348,0.965780942463861,1.2115252951635433,1.3016993219246216,2.049867303621155,1.1457251734977538,0.8580606763024876,0.7640384242484046,0.8721603133616871,1.0965168114520631,1.1683901111094241,0.8806701612342234,0.7768077029963456,0.9960091396226585,0.8768679943610067,1.015141514070009,0.8505197206391533,0.9459182728473301,0.6694270809321334,0.9562630201232583,1.1447266040043762,1.1530891212014371,0.9209170028055405,1.0485029157669077,1.0223965631179812,0.9689005186720362,0.9573413755368513,1.023829930352505,0.8701247829434918,0.8188806826805601,0.8458711362441151,1.0556649816575725,1.097502991854403,0.895564770843084,1.1854576960078795,1.11362479237033,1.0543278636405338,0.861791992188911,0.748419294178424,1.2141027180089077,1.0730049563383246,0.9545781332285237,0.987638337199813,0.973497733489614,0.6894483394816231,1.073047203991935,1.096550473561888,0.9690378292936049,0.9048655510223983,0.7973445113877973,0.97637828055324,0.9782558726849121,0.9717452440659918,0.805398721991712,1.0262034028642626,0.9180228387117059,1.017008389389359,1.06982708735972,0.9527172490019306,0.9050387370265698,1.0204170908080905,1.0425250628215377,1.3179855850926332,0.972591189130625,2.5825673995003258,0.6393572118621236,0.8572713985529973,2.0234169286735924,1.1121189147337647,1.9860756034495166,1.0469263276275167,0.9289838587771101,1.1905012565972066,0.8579833222216333,1.0610686521582846,1.298155523810272,1.6099849071633314,1.1242534453967103,1.2082979150033537,1.0757100092004845,1.4121569376717589,0.9386014623855277,0.793235395202966,1.1114946684554923,0.6485663466883878,1.0766947825368345,0.8042410073984434,0.869624408179138,1.5490137855195085,1.0110763667944536,2.283826010896258,0.8607385293065101,1.2519318079515314,0.7789226733914772,0.8872619496977823,0.8452110230201374,1.1000330735982031,1.3257954648304495,0.9246228294537593,0.9514506042352175,0.958257213042716,0.8585725402233706,1.0673008062447922,2.280973758917767,1.3684999706588372,1.7035956397420446,1.7546269944425883,0.642796150596175,1.5887944255590651,1.376668118357169,1.2268692027203916,1.0564427587788363,1.2411822429704984,1.2408153804350168,1.261592642515759,1.1095537626729035,1.787091905676279,1.108729443208119,1.523609705435583,1.2142805462149098,1.2676760258635118,1.6192416180804594,2.3273009545639187,1.1524824848312707,1.2842569158763757,2.0739749006722223,1.483505186687074,0.984409265763312,1.0150268998439906
1.0,1.0,1.0,1.0,1.0,1.0,1.0,1.0,1.0,1.0,1.0,1.0,1.0,1.0,1.0,1.0,1.0,1.0,1.0,1.0,1.0,1.0,1.0,1.0,1.0,1.0,1.0,1.0,1.0,1.0,1.0,1.0,1.0,1.0,1.0,1.0,1.0,1.0,1.0,1.0,1.0,1.0,1.0,1.0,1.0,1.0,1.0,1.0,1.0,1.0,1.0,1.0,1.0,1.0,1.0,1.0,1.0,1.0,1.0,1.0,1.0,1.0,1.0,1.0,1.0,1.0,1.0,1.0,1.0,1.0,1.0,1.0,1.0,1.0,1.0,1.0,1.0,1.0,1.0,1.0,1.0,1.0,1.0,1.0,1.0,1.0,1.0,1.0,1.0,1.0,1.0,1.0,1.0,1.0,1.0,1.0,1.0,1.0,1.0,1.0,1.0,1.0,1.0,1.0,1.0,1.0,1.0,1.0,1.0,1.0,1.0,1.0,1.0,1.0,1.0,1.0,1.0,1.0,1.0,1.0,1.0,1.0,1.0,1.0,1.0,1.0,1.0,1.0,1.0,1.0,1.0,1.0,1.0,1.0,1.0,1.0,1.0,1.0,1.0,1.0,1.0,1.0,1.0,1.0,1.0,1.0,1.0,1.0,1.0,1.0,1.0,1.0,1.0,1.0,1.0,1.0,1.0,1.0,1.0,1.0,1.0,1.0,1.0,1.0,1.0,1.0,1.0,1.0,1.0,1.0,1.0,1.0,1.0,1.0,1.0,1.0,1.0,1.0,1.0,1.0,1.0,1.0,1.0,1.0,1.0,1.0,1.0,1.0,1.0,1.0,1.0,1.0,1.0,1.0,1.0,1.0,1.0,1.0,1.0,1.0,1.0,1.0,0.5853893592420656,0.5049508545732081,0.5504961402847134,0.5683578028939922,1.0536747497181627,0.7004607649928527,0.47188942477289186,0.5273377780976766,0.5829413310756533,0.7598834227268509,0.6585474491549341,0.630405616982407,0.5603906197603474,0.5028726355755726,0.2867860529759401,0.5474479959569809,0.5248894108338438,0.5123570102196098,0.5712725060982449,0.4527607288323472,0.5285928786131842,0.7181373427046664,0.6719543569007278,0.6229451945787388,0.4452003624066344,0.8756071048843566,0.619710395734399,0.6584574824151788,2.0816231841003567,0.8482670060962857,0.5561500849672742,0.7380801395831306,0.9847971657909759,0.4586055026794213,0.4494302733887581,0.6097142182754431,0.5996861480403056,0.5490841269216447,0.46147898901543455,0.5364915523030327,0.43855298301303547,0.5471668032124437,0.6070940905306303,0.4761792445560085,0.4717948037173747,0.5991838390638954,0.3868768002739581,0.5451552618263704,0.5814397432499301,0.48484901238501077,0.5014394113132399,0.4837076340555995,0.4904950924532586,0.48342640848628027,0.5879518206100115,0.6424263680257898,0.5208782292655756,0.6757773116252541,0.9187338186564902,0.6540315772129034,0.5495028773007332,0.4327357170576558,0.6848761870260293,0.5547983811952656,0.49363796518396763,0.5037493630185512,0.6107303479400229,0.5390621488435008,0.6984686112971878,0.6827247174704533,0.5404687155728498,0.7825787576609284,0.619417118568542,0.4682630709388325,0.5755074470405034,1.0774079293003065,0.9005701874733454,0.5407200701109602,0.4637658249566561,0.4603049828309793,0.5028462062491579,0.4955672829489356,0.49243358800428283,0.43289584048448637,0.42127831013093564,0.5284986814757572,0.6378059463109533,0.4777596094877244,0.4442753424968635,0.45290843285534277,0.4958897592495978,0.6012691123776222,0.8136847626990291,0.5362756994505559,0.6473981073095461,0.43579000500516396,0.5238915708338916,0.7086146874621695,0.4503683655046631,0.6211998849213957,0.5947445609184486,0.4997766400294178,0.8608773939738067,0.4917935993221989,0.7251287246819256,0.6443709068010559,0.6124734240261926,0.6569521449198353,0.4054893029546464,0.5588068162870403,0.44237719435055484,0.5548716405333103,0.5762644502878711,0.6129313063090401,0.46252821454134607,0.5443196603479759,0.7630561147466279,0.5146300660069794,0.4451308376892963,0.5100394620354981,0.4532636220704679,0.6323308240435155,0.536567485041106,0.6721569335144966,0.7238213717502657,1.1364487528309173,0.6354245692627529,0.47622963211793967,0.42356081315737526,0.48391061383126316,0.6092713945452461,0.649553425850927,0.48903322292959706,0.43090761272534805,0.5527878336464016,0.486443838454608,0.5647066711385392,0.4721004312432851,0.5251002581071424,0.371897496283755,0.5322913994696256,0.6348891377684169,0.6407323797036302,0.5099534880013813,0.5822026366616434,0.5683986003204008,0.5373660299384937,0.5314198975957547,0.5686710375901833,0.4829927515438107,0.4538093138903123,0.46904967327334735,0.5864063557715722,0.6071993588620632,0.4972150618588643,0.6582687895566608,0.6189113378513594,0.5852897787805138,0.47759978948901427,0.41543838954060586,0.6736441674196214,0.5951584660831882,0.5297183335218222,0.5477448154645395,0.5393550562808347,0.38256564817304395,0.5961385355516082,0.6091686694649276,0.5374342862189823,0.5009631609579402,0.4420840519921082,0.5418810358473569,0.5426230623173611,0.5395636671811368,0.44737245685844185,0.5676418743392628,0.508964304533654,0.5644499728337374,0.5918805540480764,0.5274795230990209,0.5008046902302008,0.5655475262912523,0.5782657334683255,0.7315335600223205,0.5386853854432728,1.4393923477988064,0.35462692992685213,0.4749750298045524,1.1245632343839722,0.6184944931054246,1.1038650074161727,0.580953732467635,0.5146097107091963,0.6607806129154267,0.47599543000837,0.5886997833130114,0.7209689800971459,0.891839103492617,0.6242817431313411,0.668620231278981,0.5952675049250535,0.7826414294844448,0.5211256540143534,0.4405546566898531,0.6155796883847777,0.35962073602406347,0.5960147678060628,0.44566271958933434,0.48292955109834035,0.8592294911395804,0.5610156591912026,1.2677563017417104,0.4778857870834765,0.6948591660517549,0.4323856657822851,0.4920482708107921,0.46890287547800436,0.6109965332365047,0.7364840732892931,0.5139569994700328,0.5288421625955462,0.5315585416902431,0.4760732121018263,0.5936435528633796,1.2622609321323723,0.7591826667100319,0.9476159176791596,0.9723173961640534,0.35645933567206645,0.8831991620839847,0.7651046017117806,0.6815971581281474,0.5867687022948593,0.6891167165305819,0.6878670998084299,0.7003574237039147,0.6158258979639228,0.9917240233823831,0.6141318240446312,0.850793514304949,0.6745380241675574,0.7039067998083204,0.8974819568555219,1.2824780786731107,0.6383768463188226,0.7128088962320867,1.1546897093895239,0.8248221705217675,0.5467906976067163,0.5631306430450871
1.0,1.0,1.0,1.0,1.0,1.0,1.0,1.0,1.0,1.0,1.0,1.0,1.0,1.0,1.0,1.0,1.0,1.0,1.0,1.0,1.0,1.0,1.0,1.0,1.0,1.0,1.0,1.0,1.0,1.0,1.0,1.0,1.0,1.0,1.0,1.0,1.0,1.0,1.0,1.0,1.0,1.0,1.0,1.0,1.0,1.0,1.0,1.0,1.0,1.0,1.0,1.0,1.0,1.0,1.0,1.0,1.0,1.0,1.0,1.0,1.0,1.0,1.0,1.0,1.0,1.0,1.0,1.0,1.0,1.0,1.0,1.0,1.0,1.0,1.0,1.0,1.0,1.0,1.0,1.0,1.0,1.0,1.0,1.0,1.0,1.0,1.0,1.0,1.0,1.0,1.0,1.0,1.0,1.0,1.0,1.0,1.0,1.0,1.0,1.0,1.0,1.0,1.0,1.0,1.0,1.0,1.0,1.0,1.0,1.0,1.0,1.0,1.0,1.0,1.0,1.0,1.0,1.0,1.0,1.0,1.0,1.0,1.0,1.0,1.0,1.0,1.0,1.0,1.0,1.0,1.0,1.0,1.0,1.0,1.0,1.0,1.0,1.0,1.0,1.0,1.0,1.0,1.0,1.0,1.0,1.0,1.0,1.0,1.0,1.0,1.0,1.0,1.0,1.0,1.0,1.0,1.0,1.0,1.0,1.0,1.0,1.0,1.0,1.0,1.0,1.0,1.0,1.0,1.0,1.0,1.0,1.0,1.0,1.0,1.0,1.0,1.0,1.0,1.0,1.0,1.0,1.0,1.0,1.0,1.0,1.0,1.0,1.0,1.0,1.0,1.0,1.0,1.0,1.0,1.0,1.0,1.0,1.0,1.0,1.0,1.0,1.0,1.0,0.8612979857149075,0.9404510766719822,0.9710000869761602,1.800811261206895,1.194419353221078,0.8039941133141897,0.9008028571416156,0.9947737722926224,1.299542567067297,1.1250691938513424,1.0774885056360044,0.958047880697884,0.8580843005468722,0.48982491005711093,0.9347137646404697,0.8959444555979612,0.8742964274849134,0.9757888002160482,0.7733425847594613,0.9011413711623625,1.2256486366059811,1.1485107915136363,1.0643429496234615,0.7588910064048878,1.4967532387748226,1.0581771972146932,1.1242547679121393,3.548886145736481,1.4558080209385733,0.9493252113700401,1.2620463739730512,1.6785767291145213,0.7834883909113839,0.76794586889085,1.0415589449090104,1.024011615381084,0.9374217999604291,0.7878646848100258,0.9154944527820794,0.7490938835421443,0.9326679070218595,1.0367758643684666,0.8125378141654687,0.8058009171273994,1.0215721038035075,0.6600162125651141,0.9303984598661001,0.991870814825808,0.8274386474110854,0.855878333845285,0.8258906765409818,0.8371833429727665,0.8264180691986087,1.0042664564163672,1.0967887050899825,0.8893920820346372,1.1528779559681743,1.5669919217738988,1.1163214749859078,0.9387390839391275,0.7387565792340757,1.167794549512436,0.9476741786023892,0.8446935725398328,0.8602579178298011,1.0410497940927692,0.9209510865979749,1.1943136797718634,1.1646520098516777,0.9230423883331077,1.3347942540557407,1.0571360376141996,0.7998335756203228,0.9823423166954185,1.833944334458201,1.5370556380496003,0.9241634052163417,0.79184180197748,0.7848719358961735,0.8584060848673378,0.8456471683503896,0.8410247856436435,0.7391350706578734,0.7195630090138014,0.9026350312296334,1.0877569009980221,0.816144700545155,0.7581005423943792,0.7736102581455919,0.8473746640428004,1.0272109431331806,1.3908071806439695,0.9138299104431271,1.106205884545418,0.7433360576847743,0.8957509257548906,1.206107258509431,0.7694910880088024,1.0596924917355244,1.016140040433076,0.8525767075697356,1.4724582275845268,0.8394029200056033,1.2368844449788017,1.100944690216686,1.0456150724640576,1.1188995898208025,0.6920465847227595,0.9545458114478376,0.7559748521186522,0.9475905091469261,0.9836601539586056,1.046845003560145,0.7896450911177377,0.9273259824461233,1.3027802638591752,0.8800996920678419,0.7598408265124498,0.8691745674473838,0.7734161937836421,1.07902668542862,0.9157452147209333,1.1487847960067727,1.2347184758322998,1.941796757134969,1.0844101517671896,0.813025716463447,0.7232147194297738,0.8265676797091485,1.0410623034397608,1.1082617012438791,0.8346791200547636,0.7358650394780863,0.9454009366193894,0.8297867130368373,0.9623139538536589,0.8070196584855946,0.8956735713449812,0.6339521128679196,0.9097109394762999,1.0837965497834063,1.0942824385868195,0.8722498144906743,0.9936668353108008,0.9691026481096225,0.9181344189477447,0.9079834147512986,0.9711313201972587,0.8249657204038379,0.7765210524191303,0.8037273790171452,1.0029317330521461,1.0367293130122086,0.8485248448077771,1.1237615672606076,1.0587758055708818,0.9998091401030345,0.8155874669213917,0.7086975471270246,1.1505414069114475,1.0146571819736487,0.9046099975891593,0.93382189484173,0.9214475828327027,0.6530018362638725,1.0172434826678556,1.0320585191772467,0.9164838210068438,0.8555538910093698,0.7547180870872201,0.9245933776083314,0.9258424826181624,0.9207659813280524,0.7635357816860562,0.9715913264082405,0.8679593420196641,0.9616739894845515,1.0093731407102575,0.8997278457589211,0.8542772852680753,0.9661426332477552,0.9864963942405941,1.2509551884201688,0.9204938408305041,2.4503108188024947,0.6054557750816864,0.8103673532124174,1.9178983448501652,1.0551898125100223,1.8867199550190175,0.9923593941576863,0.8792196451529222,1.1276760416650942,0.8132478892578194,1.0054871185743592,1.228165071155991,1.5192384388313203,1.0649213710247705,1.1455988907210948,1.0182361977974552,1.33124516199618,0.8898376050865828,0.7510430774510356,1.0517160182871872,0.6127669705961124,1.0161180555281544,0.7595346817661416,0.8229077388659076,1.4645134921355307,0.9567125358344235,2.1594166874603085,0.8164367019746781,1.18635665242119,0.7382421149959875,0.8394097641242659,0.8013680147379736,1.042987889889726,1.256684124827612,0.8764382768002881,0.9019830179189187,0.9086730292533851,0.8115480924036547,1.0125315300631148,2.160845159581717,1.297481237093784,1.6233101798154306,1.664455470719688,0.6081962659876852,1.5017092136566215,1.3047398001610837,1.1630945707921077,1.0029513733698048,1.177006783544457,1.1764717006540737,1.1962190751467505,1.0532542704410126,1.690645612038007,1.048260573050194,1.443246326394312,1.1529879399877667,1.201520217083384,1.5339342107380116,2.1877100243899856,1.088452603386938,1.2174352937809652,1.9689288899097837,1.4071988691410025,0.9310736972909762,0.9616845015157182
1.0,1.0,1.0,1.0,1.0,1.0,1.0,1.0,1.0,1.0,1.0,1.0,1.0,1.0,1.0,1.0,1.0,1.0,1.0,1.0,1.0,1.0,1.0,1.0,1.0,1.0,1.0,1.0,1.0,1.0,1.0,1.0,1.0,1.0,1.0,1.0,1.0,1.0,1.0,1.0,1.0,1.0,1.0,1.0,1.0,1.0,1.0,1.0,1.0,1.0,1.0,1.0,1.0,1.0,1.0,1.0,1.0,1.0,1.0,1.0,1.0,1.0,1.0,1.0,1.0,1.0,1.0,1.0,1.0,1.0,1.0,1.0,1.0,1.0,1.0,1.0,1.0,1.0,1.0,1.0,1.0,1.0,1.0,1.0,1.0,1.0,1.0,1.0,1.0,1.0,1.0,1.0,1.0,1.0,1.0,1.0,1.0,1.0,1.0,1.0,1.0,1.0,1.0,1.0,1.0,1.0,1.0,1.0,1.0,1.0,1.0,1.0,1.0,1.0,1.0,1.0,1.0,1.0,1.0,1.0,1.0,1.0,1.0,1.0,1.0,1.0,1.0,1.0,1.0,1.0,1.0,1.0,1.0,1.0,1.0,1.0,1.0,1.0,1.0,1.0,1.0,1.0,1.0,1.0,1.0,1.0,1.0,1.0,1.0,1.0,1.0,1.0,1.0,1.0,1.0,1.0,1.0,1.0,1.0,1.0,1.0,1.0,1.0,1.0,1.0,1.0,1.0,1.0,1.0,1.0,1.0,1.0,1.0,1.0,1.0,1.0,1.0,1.0,1.0,1.0,1.0,1.0,1.0,1.0,1.0,1.0,1.0,1.0,1.0,1.0,1.0,1.0,1.0,1.0,1.0,1.0,1.0,1.0,1.0,1.0,1.0,1.0,1.0,1.0,1.0816075350210488,1.1135724603072088,2.0639486239358975,1.4028449956229416,0.9335089803533521,1.037846000086025,1.1399167831940216,1.4911703972875425,1.2823375163001414,1.2330134736271157,1.0981607128440118,0.9856258092837035,0.5635781019987104,1.0699157069775271,1.033290537880744,1.007095825073951,1.1237833495852996,0.8938509233567444,1.0418595858465336,1.409517531609756,1.3110344610927052,1.2220755414421731,0.8736801335824076,1.7221828856673433,1.210792344410839,1.2875722157464469,4.3390067908763035,1.6602555714589626,1.0954927712020717,1.474822982697631,1.9316831774010974,0.9013590990670677,0.8803457557083276,1.1944443635907196,1.1749501821712187,1.0791570381386604,0.9052280159864943,1.0536924661955007,0.8603094509790454,1.0766311736897964,1.1929941210714055,0.9394937711670226,0.9292239890916985,1.178719178959141,0.7656985545210191,1.0742514968499073,1.1401093717060173,0.954520658187126,0.9910486479466823,0.9507949263687899,0.9656770612179548,0.9446203224374823,1.1517840064585672,1.2595725935635205,1.0257602579902731,1.3217238004455543,1.8041981701488512,1.285040514852783,1.0757604366378204,0.8523477070340855,1.3470316706125172,1.0884938139444458,0.9762436508837156,0.9907797628305325,1.190409187279986,1.0594339266753958,1.3690708742701134,1.3422988809243008,1.0541011096177244,1.5319774819650067,1.226791643730835,0.9180878072341696,1.1309878443003998,2.1333919960424246,1.7656991709957528,1.0583813408263223,0.908800666410269,0.9068650808095755,0.9858672174929795,0.9789989688607929,0.9675816204407659,0.8532017481382562,0.82706432376906,1.0333844969085881,1.252991663037497,0.9362678530003058,0.8758200575154422,0.8910737591129911,0.9730752831502572,1.1752992233170534,1.5874505015887053,1.0498519551423777,1.2708477460535748,0.8539754417497691,1.0259396768811664,1.4120348066873514,0.8889798955226984,1.2181768034991358,1.1635398505954155,0.9845155329022584,1.673356002754239,0.9643587276613306,1.4129828759687824,1.262739673491124,1.2012927867442973,1.2975117820833273,0.798547363586147,1.0958761999249473,0.8686708561542416,1.0982729576118162,1.1308136568732605,1.2038415777957083,0.9082098561490954,1.0606759089540132,1.4965727721699333,1.01047955625278,0.8815516524138869,1.0143123456678207,0.8897087572083646,1.2392643923426896,1.0528696660832475,1.320251582437722,1.4161325467692694,2.239549169800294,1.2537222853948689,0.9362823789681898,0.8370559855699254,0.9512440368955336,1.1892165758025572,1.2727778040386837,0.9609229748112811,0.8485761369977904,1.0804114703771166,0.9619683984852527,1.1082552556302365,0.9241159981330209,1.0360032078597317,0.7317237536194948,1.029516107122605,1.2518308865322056,1.2521151955917242,1.0055792298783253,1.1430787331813956,1.1182985519065864,1.0565543203782886,1.0414688091470667,1.1126743911361103,0.9477058670917147,0.8902455970168055,0.9135644924298287,1.1405317665086057,1.2082596308637465,0.9781101076819172,1.2926852783515002,1.2038878185759891,1.1483879173533362,0.9444853032400427,0.8193626041424721,1.3232706157153218,1.180395929303075,1.0428019785008629,1.0860764489498256,1.0655086667351414,0.7530194230371483,1.1699920702109197,1.2270397860879587,1.0654830826608384,0.9937007830331688,0.8722072783821806,1.0687824537202828,1.072650060161397,1.0605846719917231,0.878553201400168,1.1215155133017527,1.0099401355803561,1.118868056209953,1.1815295463826916,1.0501300970306455,0.9988751442389818,1.1165240398530325,1.1439654821445524,1.4307486101657823,1.0644657346937816,2.8001717055215565,0.6991502813119664,0.9429816284216324,2.213903203106587,1.2081745293348416,2.151175437170969,1.1421338280862225,1.01736302382015,1.300823818123558,0.934871838886635,1.1573353280538845,1.4280152560756756,1.7936645347638058,1.231283808016296,1.3121003146407064,1.1757891193739265,1.5706359970037098,1.0234539726121001,0.8694440352177684,1.2165839474937794,0.7145098975412467,1.1916333525816745,0.8881236945668067,0.9548656022881092,1.7054798229760242,1.1080261059363825,2.517438759284216,0.9361578290403476,1.3641534125220292,0.8490295663999278,0.9717479197824122,0.919771091467832,1.1983796816594638,1.4464049577145546,1.0100914778684336,1.0380377029200363,1.043982807118411,0.9461331893899116,1.1622952435261626,2.489676065014469,1.4908149332796679,1.8276697678239417,1.8978225667796043,0.7047766325253724,1.7537627171971903,1.5037517787537338,1.3384976831001583,1.1444472794495635,1.3514280732422812,1.349010794971327,1.3734285786095737,1.20196211577819,1.9606762243982674,1.21919091453374,1.6671386965462867,1.3181922370699595,1.3831621139320553,1.7671657983643312,2.6054025596297077,1.2733713988889088,1.3995141710604666,2.256761242914635,1.617038308797078,1.0833511319318032,1.107428102146912
1.0,1.0,1.0,1.0,1.0,1.0,1.0,1.0,1.0,1.0,1.0,1.0,1.0,1.0,1.0,1.0,1.0,1.0,1.0,1.0,1.0,1.0,1.0,1.0,1.0,1.0,1.0,1.0,1.0,1.0,1.0,1.0,1.0,1.0,1.0,1.0,1.0,1.0,1.0,1.0,1.0,1.0,1.0,1.0,1.0,1.0,1.0,1.0,1.0,1.0,1.0,1.0,1.0,1.0,1.0,1.0,1.0,1.0,1.0,1.0,1.0,1.0,1.0,1.0,1.0,1.0,1.0,1.0,1.0,1.0,1.0,1.0,1.0,1.0,1.0,1.0,1.0,1.0,1.0,1.0,1.0,1.0,1.0,1.0,1.0,1.0,1.0,1.0,1.0,1.0,1.0,1.0,1.0,1.0,1.0,1.0,1.0,1.0,1.0,1.0,1.0,1.0,1.0,1.0,1.0,1.0,1.0,1.0,1.0,1.0,1.0,1.0,1.0,1.0,1.0,1.0,1.0,1.0,1.0,1.0,1.0,1.0,1.0,1.0,1.0,1.0,1.0,1.0,1.0,1.0,1.0,1.0,1.0,1.0,1.0,1.0,1.0,1.0,1.0,1.0,1.0,1.0,1.0,1.0,1.0,1.0,1.0,1.0,1.0,1.0,1.0,1.0,1.0,1.0,1.0,1.0,1.0,1.0,1.0,1.0,1.0,1.0,1.0,1.0,1.0,1.0,1.0,1.0,1.0,1.0,1.0,1.0,1.0,1.0,1.0,1.0,1.0,1.0,1.0,1.0,1.0,1.0,1.0,1.0,1.0,1.0,1.0,1.0,1.0,1.0,1.0,1.0,1.0,1.0,1.0,1.0,1.0,1.0,1.0,1.0,1.0,1.0,1.0,1.0,1.0,1.0316789533937383,1.9129979913889357,1.274319714651613,0.8560193185091469,0.9579849897109793,1.056400377305276,1.3809983604666245,1.1933211244009074,1.14439478963188,1.0178666137858703,0.9115726099043749,0.5206748887982331,0.9922733933914564,0.9529722287731295,0.9293975727294731,1.0376276110966107,0.8229782240383661,0.9586599340382972,1.3024434693409643,1.2189467865382202,1.1312209609250137,0.8066105109071785,1.5911175585709256,1.123250181755091,1.1939672992676627,3.819239588003327,1.545239015603728,1.009665329970852,1.346103764534072,1.7835690458330524,0.8331000203620429,0.8158175124118275,1.1062182556166693,1.0882704391130775,0.9964835428296126,0.8372129983060146,0.9728209061844437,0.7961680647580314,0.9920715841894727,1.1020992857950178,0.864709783246173,0.8569330437347773,1.0862863709195913,0.7027274011491361,0.9895264636382942,1.054041985418046,0.8799871079371501,0.9109033220634586,0.8780925017793888,0.8904077057974943,0.8773481022709406,1.0669902202874497,1.1651257954080505,0.9459005520982664,1.2244369069712862,1.6648720689953018,1.1866750412570441,0.9974027912634755,0.7857912293844281,1.241679636586741,1.0072546412197068,0.8994542254355878,0.9148126993416827,1.104310906613903,0.9789061044722944,1.2691503629617182,1.2382422375315039,0.9797428970235705,1.4182111095287104,1.125656572093738,0.8500917730429618,1.0441661053493394,1.9527420992875162,1.6335156839187124,0.9814904816732989,0.8412410086046014,0.8348268611989533,0.911994371835163,0.9000458180219005,0.8941765022273325,0.7861774007356696,0.7649150302445274,0.9586841173658087,1.1562426759800197,0.8671387381253894,0.8065367780200887,0.8227268353796269,0.9006553886104408,1.0908693672387844,1.4763727611018171,0.9705036680333772,1.1753388288582642,0.7899928413113667,0.9515479074865589,1.2863925548602546,0.8187133581983581,1.1259566979307105,1.0794781293248095,0.9068606132946803,1.5613574051935493,0.8920160105149162,1.3127479911656628,1.1697383173334752,1.111264909626883,1.190901957004256,0.7361372779813047,1.014552298679767,0.8036998928989327,1.0089261129119242,1.045519843407182,1.1129448465568639,0.8393526688495919,0.9843358305549491,1.3841498380103223,0.9355283990879275,0.8093659532496766,0.9266149052339311,0.8220252983586054,1.146589223451365,0.9733431162385652,1.2212973581079112,1.3115097546859587,2.0656919626652366,1.1538664842686261,0.8644939415662874,0.769795815375841,0.8787792717129639,1.1053060705966207,1.1775063971014965,0.8874296499106469,0.7825553222768444,1.0038130352394194,0.8833111898300865,1.0229727358640028,0.857249851017508,0.9529262325997488,0.674160084641052,0.9636870000149634,1.1533271850754336,1.1619166149451554,0.927803690035829,1.056326289921931,1.0306328470655042,0.976215971091852,0.9647816685749558,1.031949037556846,0.8767596479639859,0.8251498629872798,0.8528745473844765,1.0637108334785745,1.1046827760846702,0.9025286065941763,1.1944018049326026,1.123102231326767,1.0626703269474969,0.8680358064252045,0.7541476492469075,1.2228990451394903,1.0805854017662753,0.962134257976305,0.9947259523065782,0.980497121750032,0.694394165256819,1.0813029133821612,1.1025398794384011,0.976171343610821,0.9110984563379444,0.8029129230885251,0.9836270713900075,0.9854383922717342,0.9790578206011038,0.8114073648041371,1.0338660327294158,0.9247425004532952,1.0242029971338829,1.076619773710076,0.9594638775026505,0.9110580247949951,1.027876616136747,1.0502807733693658,1.327927465471226,0.9797552659623956,2.598774430147239,0.6441138057947666,0.8629785986247045,2.0404794966241857,1.1202854702932177,2.002309020534658,1.0553789772809565,0.935952625997182,1.1992412329813638,0.8644368166033661,1.0694511710121077,1.3075272652102572,1.6224463399341236,1.1332605022623217,1.2174453910318916,1.0833099724241282,1.4218136969378201,0.9460079591606005,0.7991986737184029,1.1187713115973343,0.6529457418232605,1.0839657440934145,0.8099070469007317,0.8760969927201773,1.559783430116364,1.0180532108536888,2.3000696110889347,0.8675738822020616,1.2607050403210338,0.7847817053004422,0.8929954153181194,0.8516534571184008,1.1084500682275142,1.3359146998170148,0.9320759676724463,0.958840895045402,0.9657792949248492,0.8647763012692942,1.0759108117475615,2.2994015617987578,1.3794680720038124,1.7188569930987367,1.7660455447225232,0.647306345748428,1.5998068214670924,1.3866891870011593,1.2365096700775156,1.0643924522555417,1.2506263757209801,1.250110979628252,1.271448051039147,1.117832941364032,1.7992812554496183,1.116773850380723,1.5336373804325834,1.2240617085579768,1.2773874211666891,1.6313383591149708,2.3421408376578507,1.1607785909696564,1.294184808283449,2.0924666950209723,1.49564252028512,0.9914334466458326,1.0226379863973922
1.0,1.0,1.0,1.0,1.0,1.0,1.0,1.0,1.0,1.0,1.0,1.0,1.0,1.0,1.0,1.0,1.0,1.0,1.0,1.0,1.0,1.0,1.0,1.0,1.0,1.0,1.0,1.0,1.0,1.0,1.0,1.0,1.0,1.0,1.0,1.0,1.0,1.0,1.0,1.0,1.0,1.0,1.0,1.0,1.0,1.0,1.0,1.0,1.0,1.0,1.0,1.0,1.0,1.0,1.0,1.0,1.0,1.0,1.0,1.0,1.0,1.0,1.0,1.0,1.0,1.0,1.0,1.0,1.0,1.0,1.0,1.0,1.0,1.0,1.0,1.0,1.0,1.0,1.0,1.0,1.0,1.0,1.0,1.0,1.0,1.0,1.0,1.0,1.0,1.0,1.0,1.0,1.0,1.0,1.0,1.0,1.0,1.0,1.0,1.0,1.0,1.0,1.0,1.0,1.0,1.0,1.0,1.0,1.0,1.0,1.0,1.0,1.0,1.0,1.0,1.0,1.0,1.0,1.0,1.0,1.0,1.0,1.0,1.0,1.0,1.0,1.0,1.0,1.0,1.0,1.0,1.0,1.0,1.0,1.0,1.0,1.0,1.0,1.0,1.0,1.0,1.0,1.0,1.0,1.0,1.0,1.0,1.0,1.0,1.0,1.0,1.0,1.0,1.0,1.0,1.0,1.0,1.0,1.0,1.0,1.0,1.0,1.0,1.0,1.0,1.0,1.0,1.0,1.0,1.0,1.0,1.0,1.0,1.0,1.0,1.0,1.0,1.0,1.0,1.0,1.0,1.0,1.0,1.0,1.0,1.0,1.0,1.0,1.0,1.0,1.0,1.0,1.0,1.0,1.0,1.0,1.0,1.0,1.0,1.0,1.0,1.0,1.0,1.0,1.0,1.0,1.854420299604369,1.228764908573041,0.8273938402319596,0.9273468358253243,1.0241863114652403,1.3381627618405414,1.158562175184225,1.109801934588397,0.9865127251731625,0.8835499548928445,0.5042867360339465,0.9627812737640181,0.922275424807682,0.9000827019250778,1.0047633010747528,0.7960739083617583,0.9275870400426246,1.2617896133712525,1.182791390161813,1.0959800134141227,0.7812400209067181,1.5410226367246962,1.0897728056098333,1.1579292346504844,3.641825449726432,1.498942970519918,0.9771811770332366,1.2981664106821647,1.7283156910177706,0.8066498831013351,0.7906291364928286,1.0722996801061446,1.0543498426284401,0.9649871567522799,0.8112100170367234,0.942394572395516,0.7712991573556871,0.9600627943236864,1.0674938405253904,0.836171360280728,0.8294594558217321,1.0516468470630105,0.6791210825715848,0.9576354848255155,1.021198661422746,0.8516115797341025,0.880753656788956,0.8501438598987098,0.8617206252161826,0.851243454102113,1.0341558291769375,1.1292722263019224,0.9153959322210989,1.1870913337310383,1.6129549395622411,1.1492632339405733,0.966722548423034,0.7604563979275827,1.2021210462202283,0.9758563423777045,0.8694432137526791,0.885592529109246,1.0719500384085965,0.9482107772007768,1.2299187093743902,1.1988956953289527,0.9506152403288424,1.3745458146451195,1.0877771682766646,0.8235695101436915,1.011436221935652,1.8878448662061365,1.5830000222832323,0.9515941204555687,0.8153053032293871,0.8078842032468869,0.883711021174711,0.87018588589903,0.865838384213606,0.7608067638114034,0.7407769630459131,0.9296397809187893,1.1198853533151674,0.8404190772113407,0.7804204443492075,0.7963115034853652,0.8724380158672206,1.0578974041917175,1.4326855423001392,0.9406530619189436,1.1391553584524359,0.7652631426221913,0.9223648226181765,1.2408051498194124,0.7918675141292086,1.0908994983622438,1.0463966615849456,0.8774461497148733,1.5171408052821007,0.8642020677902258,1.2734715474672598,1.1337095885669908,1.0766317971512136,1.1516498603887024,0.712329165720691,0.9828556998845779,0.7783322771072556,0.9751931538377978,1.0127059109055654,1.0778646898238726,0.8128709312008233,0.9548097768427222,1.3415674823306802,0.9061669796316829,0.781815889689398,0.894157423641942,0.7962472961118856,1.1109438355805492,0.942957918823029,1.1829936407287105,1.271403864166094,1.9990465997162554,1.1159801626627384,0.8369736301120521,0.744400896165772,0.8509325787973359,1.0722728449001648,1.1410342373279552,0.8592650203533783,0.7574916788004306,0.9736370834218654,0.8539313259762871,0.9906929157666493,0.8310445881035065,0.92186346198704,0.6524312735649492,0.9373969278191026,1.1155187832239386,1.126867982564489,0.8980084380564793,1.0229032516188306,0.9976579315574653,0.9451347885924961,0.9349590290248806,0.9999524401717407,0.849397669814231,0.7995127108651389,0.8277665084920942,1.0332299986753368,1.0662338299122716,0.8735367795115768,1.1571436225060034,1.0911161096188615,1.0295481356047975,0.8393382059206758,0.7294702497093759,1.1845261967938145,1.0439941745433203,0.9311641838756045,0.9608447067414834,0.9483886417033676,0.6721450364339269,1.0474223854731508,1.0605259066547672,0.9429870706022996,0.8804022696688013,0.7765925310480015,0.9516116561867701,0.9527701595906561,0.9478175493854013,0.7861422774475737,1.0003232340036496,0.8929972829655597,0.9893653589817237,1.0381602902660827,0.925611096849738,0.8786600882448911,0.9944150981368016,1.01513072460103,1.2881242086673639,0.9474978108317079,2.5229425461731543,0.6232100354757739,0.8338463911946274,1.9745586098878496,1.0864433562106859,1.9435142769962388,1.021728484883452,0.9047541223500652,1.1609090353036078,0.8372922918505368,1.0351210286256758,1.2636321477833383,1.5632592427965561,1.0963099113626498,1.1796248334091655,1.0481232603371902,1.368897661435594,0.9162012951187625,0.7730499876710475,1.0819344153348487,0.6303289776329557,1.0453458744808823,0.7813515512415985,0.8467881854213286,1.5064811835329783,0.9844892956620297,2.2220079938978827,0.840767230773594,1.2211373809230155,0.7600091196415577,0.8634940614090199,0.8251521399098954,1.0738327677073567,1.2937677025093532,0.902200729609369,0.9287275435764195,0.9355534749585305,0.8349074985992271,1.0426858597677575,2.2255323638106477,1.336126434931193,1.672950641455934,1.7136402918850846,0.6258705012321327,1.5447031095886992,1.343171602227513,1.1975667440440136,1.032952405159334,1.211871914314326,1.2114271500600444,1.2317028701198094,1.0846870519317915,1.7395973848462511,1.0784220497612291,1.4845290151211916,1.1877341658437297,1.2370338542357149,1.5789954139710671,2.249526819447812,1.11958041181426,1.2535021482748352,2.02756145086689,1.448890052971381,0.957899629442257,0.9899679776466266
1.0,1.0,1.0,1.0,1.0,1.0,1.0,1.0,1.0,1.0,1.0,1.0,1.0,1.0,1.0,1.0,1.0,1.0,1.0,1.0,1.0,1.0,1.0,1.0,1.0,1.0,1.0,1.0,1.0,1.0,1.0,1.0,1.0,1.0,1.0,1.0,1.0,1.0,1.0,1.0,1.0,1.0,1.0,1.0,1.0,1.0,1.0,1.0,1.0,1.0,1.0,1.0,1.0,1.0,1.0,1.0,1.0,1.0,1.0,1.0,1.0,1.0,1.0,1.0,1.0,1.0,1.0,1.0,1.0,1.0,1.0,1.0,1.0,1.0,1.0,1.0,1.0,1.0,1.0,1.0,1.0,1.0,1.0,1.0,1.0,1.0,1.0,1.0,1.0,1.0,1.0,1.0,1.0,1.0,1.0,1.0,1.0,1.0,1.0,1.0,1.0,1.0,1.0,1.0,1.0,1.0,1.0,1.0,1.0,1.0,1.0,1.0,1.0,1.0,1.0,1.0,1.0,1.0,1.0,1.0,1.0,1.0,1.0,1.0,1.0,1.0,1.0,1.0,1.0,1.0,1.0,1.0,1.0,1.0,1.0,1.0,1.0,1.0,1.0,1.0,1.0,1.0,1.0,1.0,1.0,1.0,1.0,1.0,1.0,1.0,1.0,1.0,1.0,1.0,1.0,1.0,1.0,1.0,1.0,1.0,1.0,1.0,1.0,1.0,1.0,1.0,1.0,1.0,1.0,1.0,1.0,1.0,1.0,1.0,1.0,1.0,1.0,1.0,1.0,1.0,1.0,1.0,1.0,1.0,1.0,1.0,1.0,1.0,1.0,1.0,1.0,1.0,1.0,1.0,1.0,1.0,1.0,1.0,1.0,1.0,1.0,1.0,1.0,1.0,1.0,1.0,1.0,0.6609521432637535,0.445587251603318,0.4997668764619894,0.5520397601962683,0.721589397279039,0.6245127600863766,0.5980417361866026,0.5317793592199813,0.47598512164437967,0.2716505258493371,0.5188015669630641,0.49705512328256235,0.48492595414010564,0.5411808892300507,0.4288582213666714,0.4996110590550077,0.679872325958121,0.6378390670362946,0.590567259170049,0.4208403111625806,0.830477738410897,0.5872406345038739,0.6238911325124656,1.9565575161123228,0.8095228150749347,0.5267649006482813,0.6999017238271319,0.9306556484496651,0.43473111229709294,0.4262845005171202,0.5781820496024473,0.5683073294972789,0.5200854606055502,0.4371306797780506,0.5078952785384114,0.41569522124609554,0.5170643732182285,0.5752633750490382,0.45055349289653834,0.447067361609941,0.5664348830018926,0.36591067939407806,0.5159822323002103,0.5500964399257708,0.4591106198092242,0.47460493768886086,0.458328165508061,0.46433636754262875,0.458916553381079,0.5572814792765284,0.6085802156556672,0.49344482854201965,0.6399687684007791,0.8687509499896692,0.6191419167743648,0.5210736490713623,0.4097881861769352,0.6475878547339061,0.5257564198624474,0.4683972975926718,0.4773123468686431,0.5775842287780243,0.5110396290223698,0.6627407021179466,0.6457657405894315,0.5122223513068981,0.7407720809892872,0.5861642516611945,0.44392061927049814,0.5448834343561559,1.0157245337462397,0.8525040942157893,0.5129428756765602,0.4394540586261679,0.43518923798754244,0.4764285547495258,0.46894809562010437,0.46668629528309075,0.40995395857047534,0.3992416931144882,0.5009304718534087,0.6031755882179461,0.45300710081343865,0.42048615431183767,0.42915892673466804,0.470386862898491,0.5702113510541557,0.772372327120806,0.507044869320195,0.6138256185573062,0.4125366164116454,0.49722803108454655,0.66759527102357,0.42700927209327244,0.5878145183993708,0.5640978273992643,0.47288819123125947,0.817887809844057,0.46590650802271166,0.6868763224059867,0.610912326172852,0.5801450119305578,0.6195374382476961,0.3838291358972011,0.529753903369086,0.4195837442699053,0.5255238323322367,0.5455697909933515,0.5806822283866533,0.4381491307817663,0.5145875071644067,0.7228668731846529,0.48851959283809393,0.4213060199440678,0.481503895683866,0.4291897088147293,0.5987890565954539,0.5079705479124597,0.6372821619037041,0.6852957794206291,1.0772249618218743,0.6016199300923324,0.451111683635966,0.40097783539595205,0.45861039371005907,0.5779396172794624,0.614803990974607,0.46302206573024696,0.40819202018877077,0.5249737887529156,0.4599063677426869,0.5336081675382109,0.4479363658333918,0.49645025512313257,0.3517042892376754,0.5057035552638629,0.6013341277812028,0.6076607212127788,0.483971631584962,0.5513659632043324,0.5372739370340307,0.5095218019870976,0.503870583819843,0.539134914732204,0.45783841722088364,0.4311418757493106,0.44660046482773286,0.5573867046690959,0.5748207000698553,0.470618520304155,0.6234710840066419,0.5879652189060869,0.5546990372771475,0.45224342974900616,0.3928404730034022,0.6386318747007806,0.5621220127801452,0.5015988700818717,0.5175194674263985,0.5111301798591756,0.3623059559255527,0.5644552832911711,0.5702684166475713,0.5078437548751573,0.47437289261250337,0.41876986694615637,0.5126992727569044,0.5133018975668665,0.5108895483444222,0.4235609258355088,0.5391602432401688,0.4808318535735998,0.5328305699734505,0.5593513125164735,0.49844864336351735,0.47341132709863754,0.5359313883845658,0.5467555618459555,0.6945442613734089,0.5106760321172303,1.360918975711947,0.3358078004215044,0.44914632148660705,1.0624493307651217,0.5857340205366381,1.047278346772723,0.5503821147902492,0.4874336436673831,0.6254995353983108,0.4513031350639662,0.5576983791119198,0.6800276112245386,0.8397454775257938,0.5901114573174511,0.6363006262634765,0.5650855534284109,0.7361344616180009,0.4935617117325364,0.4162283211489999,0.5835703090922163,0.33951629770829395,0.5623752136120079,0.42065794502409626,0.45599485897995884,0.8111593119645266,0.53048676203852,1.1962076916230542,0.45319045694456195,0.6583802109046532,0.40972086152904175,0.4657272588321987,0.44480233662476554,0.578667046696195,0.6970110698885403,0.4858669294107412,0.5003726407180842,0.5039973811051552,0.449432038438952,0.561703169769673,1.1992458602193363,0.7198541224990886,0.9019504224403001,0.9258766510295093,0.33719125970306113,0.8309544989165101,0.723588203105016,0.6451373683418914,0.5569601651409251,0.6531034403914087,0.6531718499785093,0.663929493929935,0.584979932561974,0.9370205498677618,0.5809269226627598,0.8000392950761746,0.639896872593006,0.6664694744227564,0.8509142250755175,1.2099292015361387,0.602495950815691,0.6755062681508345,1.0915155360671307,0.7804434937363612,0.5156684661963915,0.5336314533762144
1.0,1.0,1.0,1.0,1.0,1.0,1.0,1.0,1.0,1.0,1.0,1.0,1.0,1.0,1.0,1.0,1.0,1.0,1.0,1.0,1.0,1.0,1.0,1.0,1.0,1.0,1.0,1.0,1.0,1.0,1.0,1.0,1.0,1.0,1.0,1.0,1.0,1.0,1.0,1.0,1.0,1.0,1.0,1.0,1.0,1.0,1.0,1.0,1.0,1.0,1.0,1.0,1.0,1.0,1.0,1.0,1.0,1.0,1.0,1.0,1.0,1.0,1.0,1.0,1.0,1.0,1.0,1.0,1.0,1.0,1.0,1.0,1.0,1.0,1.0,1.0,1.0,1.0,1.0,1.0,1.0,1.0,1.0,1.0,1.0,1.0,1.0,1.0,1.0,1.0,1.0,1.0,1.0,1.0,1.0,1.0,1.0,1.0,1.0,1.0,1.0,1.0,1.0,1.0,1.0,1.0,1.0,1.0,1.0,1.0,1.0,1.0,1.0,1.0,1.0,1.0,1.0,1.0,1.0,1.0,1.0,1.0,1.0,1.0,1.0,1.0,1.0,1.0,1.0,1.0,1.0,1.0,1.0,1.0,1.0,1.0,1.0,1.0,1.0,1.0,1.0,1.0,1.0,1.0,1.0,1.0,1.0,1.0,1.0,1.0,1.0,1.0,1.0,1.0,1.0,1.0,1.0,1.0,1.0,1.0,1.0,1.0,1.0,1.0,1.0,1.0,1.0,1.0,1.0,1.0,1.0,1.0,1.0,1.0,1.0,1.0,1.0,1.0,1.0,1.0,1.0,1.0,1.0,1.0,1.0,1.0,1.0,1.0,1.0,1.0,1.0,1.0,1.0,1.0,1.0,1.0,1.0,1.0,1.0,1.0,1.0,1.0,1.0,1.0,1.0,1.0,1.0,1.0,0.6539374681580178,0.720969757804697,0.7872217000425509,1.0318724762853306,0.881724165593291,0.8514992901096693,0.758822294370417,0.6839577866713261,0.39132908236502906,0.7398422915431773,0.7181119911505218,0.7002502371249185,0.7816178954439557,0.6234951755365509,0.7262218562692094,0.9781573477546189,0.9020924006811768,0.8459752549612716,0.60662728159892,1.1964568669209514,0.8363521450765237,0.8903238059028187,3.2108054791128864,1.1386719484174472,0.7619540979444729,1.0379989732249248,1.3444311696247928,0.6247818970232027,0.6077015126066885,0.8253796346674871,0.811605767016565,0.7494931630027847,0.6275895284181494,0.7312788035625324,0.5954643599723722,0.7489098017988061,0.8283559827509699,0.6537033594815258,0.6459837823997598,0.8214872732191,0.5351176325003466,0.7488361276424187,0.7905719826151737,0.6629637461076323,0.6916563917942905,0.6588913173500055,0.6709207806148858,0.6516946504182126,0.7966733449376475,0.8733267542235773,0.7123838837362155,0.912899968525158,1.2550918420648058,0.892448218398485,0.7427722154253077,0.5927970395618439,0.9369295662309454,0.7543140515383,0.6793200481961453,0.6874938752372678,0.8214266431940487,0.7354773015504532,0.9467485170169248,0.9333924602723169,0.726170787874206,1.0594212791281765,0.8573483384364529,0.6347845545034692,0.7865353353305311,1.503657167485273,1.22482710416871,0.7308408676625309,0.6288527356374869,0.6320725924561459,0.6821881633485136,0.6821486061940809,0.6707496043824107,0.5938934301484329,0.572463841833701,0.7137722794474443,0.8718948726416853,0.6477895208936901,0.6105738856431686,0.6181705670891826,0.6729411793397986,0.8105621310251384,1.0928985308535628,0.7267722647584562,0.8827090372947592,0.5904711757088559,0.7079615420822554,0.9984540853492234,0.6179301080275408,0.8442543815087191,0.8023886609063166,0.6845884970241637,1.1475829283339087,0.6671917328621463,0.9701342112568148,0.873685250515354,0.8322152233151336,0.9095548652451315,0.5551659155487473,0.7580340448865424,0.6011791409096281,0.7669854396518359,0.7838416998840831,0.8349177258928084,0.6291680516635033,0.7305955682596106,1.0394156214117314,0.6985646393447305,0.6154388248605717,0.7132284697033522,0.6168707614416229,0.857896151246984,0.730631154895922,0.9157250374513991,0.978476768377883,1.5577544704139887,0.8723674907300425,0.6495779562346438,0.5846321711663086,0.6595489189942942,0.8190518564074348,0.881874964824336,0.6665664265462278,0.5902269200933845,0.7446796049253634,0.6725713677147698,0.7692635794722708,0.637717215652073,0.7235426407867467,0.5083269589904984,0.7024310347623576,0.8704662178440362,0.8626433507503272,0.6999427489523204,0.7918422820624537,0.7780482539163259,0.732025581076404,0.7203237128843656,0.766851646324844,0.6564131335102257,0.614872883444761,0.6239700756750918,0.7812047943641556,0.8478490013063453,0.67952560847291,0.8979927025038155,0.8275397931912282,0.7956618409124749,0.6592387638331246,0.5713480809967333,0.9178370060779837,0.8290908364289933,0.7248340020762984,0.7617659016686201,0.7433070604931507,0.5231517141391473,0.8110825537210107,0.8817030605014727,0.7469729452388448,0.6967473892923552,0.6065142258642277,0.7449122265787207,0.7492545454469051,0.735661443534554,0.6102810064181334,0.7817138903350644,0.7084715682474898,0.7849966134006532,0.8331675285970198,0.7381430257364999,0.7033713597740701,0.7784559441057447,0.800120960302242,0.9863084732938063,0.7414892499694707,1.9289742147424613,0.4868286213224902,0.66306675096287,1.544019655535208,0.8335778218855174,1.4792220906680869,0.7926063248006925,0.7093992007102086,0.9056104310634404,0.6479824834433037,0.8024536756136917,1.003338458392884,1.287544130296232,0.8600175245781962,0.904847144316647,0.819378985093819,1.119781605324355,0.7100762567781449,0.6075913585180088,0.8469248890333554,0.5021081828144238,0.8455753606955922,0.6265508705396337,0.6680321228609221,1.1990142048046644,0.7736685443341645,1.7748921039467969,0.6466771560952571,0.9453460200330243,0.5880095141311086,0.6764222529749597,0.6362893513914597,0.8301147394858872,1.0042600272066617,0.7014248695997838,0.7204771197354596,0.7232571071576743,0.6659484052845049,0.8042711090750478,1.7338773271027408,1.0334046082904491,1.239743225524845,1.303254864632869,0.4925133138906939,1.2377298333276836,1.047161025291047,0.9290625894644069,0.7871929447527595,0.9361734635766048,0.932037329716466,0.9498998541277898,0.8260872569679938,1.3718931057240895,0.8549077229755924,1.158973413940755,0.9108289162819934,0.9606646474523477,1.226831211356428,1.8783715428981445,0.8990035771914997,0.9700834196497974,1.5554352034180725,1.1201551432737193,0.7606563043559667,0.768061226271631
1.0,1.0,1.0,1.0,1.0,1.0,1.0,1.0,1.0,1.0,1.0,1.0,1.0,1.0,1.0,1.0,1.0,1.0,1.0,1.0,1.0,1.0,1.0,1.0,1.0,1.0,1.0,1.0,1.0,1.0,1.0,1.0,1.0,1.0,1.0,1.0,1.0,1.0,1.0,1.0,1.0,1.0,1.0,1.0,1.0,1.0,1.0,1.0,1.0,1.0,1.0,1.0,1.0,1.0,1.0,1.0,1.0,1.0,1.0,1.0,1.0,1.0,1.0,1.0,1.0,1.0,1.0,1.0,1.0,1.0,1.0,1.0,1.0,1.0,1.0,1.0,1.0,1.0,1.0,1.0,1.0,1.0,1.0,1.0,1.0,1.0,1.0,1.0,1.0,1.0,1.0,1.0,1.0,1.0,1.0,1.0,1.0,1.0,1.0,1.0,1.0,1.0,1.0,1.0,1.0,1.0,1.0,1.0,1.0,1.0,1.0,1.0,1.0,1.0,1.0,1.0,1.0,1.0,1.0,1.0,1.0,1.0,1.0,1.0,1.0,1.0,1.0,1.0,1.0,1.0,1.0,1.0,1.0,1.0,1.0,1.0,1.0,1.0,1.0,1.0,1.0,1.0,1.0,1.0,1.0,1.0,1.0,1.0,1.0,1.0,1.0,1.0,1.0,1.0,1.0,1.0,1.0,1.0,1.0,1.0,1.0,1.0,1.0,1.0,1.0,1.0,1.0,1.0,1.0,1.0,1.0,1.0,1.0,1.0,1.0,1.0,1.0,1.0,1.0,1.0,1.0,1.0,1.0,1.0,1.0,1.0,1.0,1.0,1.0,1.0,1.0,1.0,1.0,1.0,1.0,1.0,1.0,1.0,1.0,1.0,1.0,1.0,1.0,1.0,1.0,1.0,1.0,1.0,1.0,1.1098253268433431,1.2200373015542623,1.5944920053240617,1.3718744418132482,1.3186540507985312,1.174223418812418,1.0548304783347202,0.6026592041647016,1.1451869549682092,1.1052593386734677,1.077658287372075,1.2020954840597566,0.9558820621521043,1.1152796563983836,1.508096278970053,1.4024265076197684,1.3070114022054242,0.9349345297808158,1.8418059826123405,1.295549284788525,1.3778912850064653,4.639811923636726,1.7718051232871486,1.1718390499343903,1.5751437019811414,2.068055487616326,0.9639932631311581,0.9413306358794769,1.2775819717928352,1.2570303409619814,1.1542699682355266,0.9684717843409938,1.1270139859419388,0.9201900425238245,1.1521419922948146,1.2764239350588578,1.0045232511168778,0.993755582763585,1.2617396273876849,0.8189580235596579,1.149426043343733,1.2201078784439652,1.021074648151377,1.0598549288909886,1.0170006023118299,1.032567074411006,1.0106464328663158,1.2323595197340689,1.3476084690886547,1.0968560200441875,1.414740950432261,1.9315474687325875,1.3747256836052129,1.1507335688419993,0.9118252275063008,1.4414973554966652,1.1643081857797553,1.04242324570806,1.0597955215301882,1.2748871217578222,1.1325641368205255,1.4636588840892584,1.4364689555446188,1.1273590483333298,1.6397555853296266,1.3117729140682342,0.9820630306442875,1.2101690498704192,2.2857807974528206,1.8895870541443485,1.132059404345932,0.9724302840369021,0.9707006651705441,1.054777214391813,1.046844848049115,1.034847146987969,0.9126257259096657,0.884480981263642,1.1057322411558053,1.3411726458193225,1.0015784108047185,0.9372409600566052,0.9524792715761264,1.040344790006828,1.2573193694737035,1.6984533076314865,1.1243997379951503,1.3597936853769186,0.9137135801717768,1.096864189707979,1.5119609651974728,0.9503635491853198,1.3035166438775945,1.2446092307002512,1.0531449229172025,1.7905919151918082,1.0318635510363445,1.5121004434537,1.350623570633291,1.2855997121866976,1.3891735368742546,0.8541249552751361,1.1723208483847813,0.9288548781465052,1.1742029759403305,1.2096833216231144,1.2875580129072923,0.9714645399573656,1.1356642850882823,1.6020485648537748,1.0801211379559459,0.9426464771577934,1.0852504324188317,0.952199689537639,1.3261815371772856,1.1266259677082868,1.411775080531331,1.515297204079591,2.3957745710029563,1.3410552584618958,1.0014969615608162,0.8951852412631769,1.0173400587123793,1.272120017391363,1.3620732238714044,1.0279391732585241,0.9077325714984091,1.1555969753738473,1.0291002263290827,1.1862961522825106,0.9881481734741304,1.1083147216009697,0.7831687004017525,1.1017120415844002,1.3387419647250536,1.339754739022683,1.0749742819097974,1.2230334072738547,1.1971947353488621,1.129648563766347,1.1139290979626408,1.1900461556674418,1.0138392960063487,0.9515761645694776,0.975454729152834,1.2202199151172606,1.2914546620345826,1.0462265246024516,1.3835686349787588,1.2880411345092693,1.2284109071755371,1.0097792259074958,0.8764715805365403,1.4158763960125655,1.262609355838266,1.1148936972665542,1.162158240052042,1.1392410591888322,0.8054480619998748,1.2520314621296968,1.3159210127841794,1.139970249360293,1.0625299796902,0.9322189489467898,1.1435193207234442,1.1473720813093968,1.1346624098409448,0.9402607785588046,1.198650119379582,1.0799824029950258,1.197262080315462,1.2637499628064655,1.1228272790040026,1.0679896691793176,1.1939763277047428,1.22382093161221,1.5299217952089157,1.1376186539322293,3.0015624220176167,0.7478107786012483,1.0090139557490874,2.36883868377664,1.2930816665779208,2.301034354479154,1.2213904287752015,1.087061090716356,1.3918462082054723,0.9999893616085312,1.2372069140664117,1.5285641521757012,1.9193740564611135,1.317497919036342,1.4016757968621796,1.2568093255395303,1.6821246137094756,1.0947963051568428,0.9306495720923158,1.3003135836366384,0.7645252000732885,1.2751559080399322,0.9501170798950052,1.021748739452213,1.8247855703971667,1.185520591996624,2.695451320385007,1.0011762491414755,1.4591351770376173,0.9082170667253366,1.039147400822931,0.9837058268637987,1.2818186089532824,1.547428444610171,1.0804789533335104,1.110971651517337,1.1158197808822479,1.0120383222489697,1.244080242343044,2.660677043494429,1.5941684663660503,1.9517743540870103,2.0287504053029375,0.7539533922459971,1.8781981674028965,1.6097909882616435,1.4321410201114553,1.224289043216468,1.4457230580022824,1.4429033187943443,1.4692009944596196,1.2852076099980354,2.098827020773738,1.3041661378012042,1.7870988374918495,1.4103217924606364,1.4798650804444518,1.8890603802739516,2.7857936159604457,1.3616582072372017,1.496806537827961,2.411659387844126,1.7298509501245576,1.1597597152894292,1.1843623875974345
1.0,1.0,1.0,1.0,1.0,1.0,1.0,1.0,1.0,1.0,1.0,1.0,1.0,1.0,1.0,1.0,1.0,1.0,1.0,1.0,1.0,1.0,1.0,1.0,1.0,1.0,1.0,1.0,1.0,1.0,1.0,1.0,1.0,1.0,1.0,1.0,1.0,1.0,1.0,1.0,1.0,1.0,1.0,1.0,1.0,1.0,1.0,1.0,1.0,1.0,1.0,1.0,1.0,1.0,1.0,1.0,1.0,1.0,1.0,1.0,1.0,1.0,1.0,1.0,1.0,1.0,1.0,1.0,1.0,1.0,1.0,1.0,1.0,1.0,1.0,1.0,1.0,1.0,1.0,1.0,1.0,1.0,1.0,1.0,1.0,1.0,1.0,1.0,1.0,1.0,1.0,1.0,1.0,1.0,1.0,1.0,1.0,1.0,1.0,1.0,1.0,1.0,1.0,1.0,1.0,1.0,1.0,1.0,1.0,1.0,1.0,1.0,1.0,1.0,1.0,1.0,1.0,1.0,1.0,1.0,1.0,1.0,1.0,1.0,1.0,1.0,1.0,1.0,1.0,1.0,1.0,1.0,1.0,1.0,1.0,1.0,1.0,1.0,1.0,1.0,1.0,1.0,1.0,1.0,1.0,1.0,1.0,1.0,1.0,1.0,1.0,1.0,1.0,1.0,1.0,1.0,1.0,1.0,1.0,1.0,1.0,1.0,1.0,1.0,1.0,1.0,1.0,1.0,1.0,1.0,1.0,1.0,1.0,1.0,1.0,1.0,1.0,1.0,1.0,1.0,1.0,1.0,1.0,1.0,1.0,1.0,1.0,1.0,1.0,1.0,1.0,1.0,1.0,1.0,1.0,1.0,1.0,1.0,1.0,1.0,1.0,1.0,1.0,1.0,1.0,1.0,1.0,1.0,1.0,1.0,1.101439701529924,1.4409433129692553,1.243125788499323,1.1928470323818887,1.0614353188943888,0.9506683282679352,0.5431558584944842,1.0343765881819058,0.9949012622136135,0.9697955418195551,1.0823432584377304,0.8592945898972242,1.00056532159956,1.3587749025754527,1.2703406152218517,1.1796501690640544,0.8415472213237729,1.66033736994458,1.170697099514061,1.2444465591743725,4.026756989447249,1.612251786150746,1.0543905222565997,1.4091771632448133,1.8603342627829336,0.8690964925550394,0.850857749811524,1.1538350685670062,1.1347030552210564,1.0400921960939238,0.8732754576181742,1.0152109628151855,0.8304320894220898,1.0351272526742015,1.149836450550351,0.9028656576341884,0.8947009901362868,1.1337659526918729,0.7343349797160892,1.033232945727259,1.0991916492618,0.9188372619343519,0.9516173063094302,0.9164480316961655,0.9294485620125508,0.9146075409738179,1.1123545873102687,1.215401137467853,0.9875717527296304,1.276875997839508,1.7365862661457847,1.2380282861657812,1.0398917025345509,0.8202592461951989,1.2958503101055145,1.0503983370861691,0.9388025782578391,0.9546415795709287,1.1507808980225616,1.021647465884393,1.3230124393754283,1.291957236567527,1.0207240119843526,1.4789687905980127,1.1763342848085236,0.8865301451889228,1.089563627526653,2.040060210322984,1.7029474370617566,1.0231902764669438,0.8774227750815192,0.8714506085354752,0.9514936635721987,0.9402175736009554,0.9329954125144139,0.8207671182943594,0.7977920443055715,0.9990874599442374,1.2061924149487706,0.9044076779611072,0.8421440381171654,0.8586115059320482,0.9397660631178064,1.1370178426413582,1.5384513444975645,1.0124937965940521,1.2261035364277235,0.8241102686755807,0.9920126532909671,1.34514250727299,0.8552154680873054,1.174484991466267,1.1252654645095008,0.9469437565045937,1.625452323881838,0.9306236155165849,1.3686074552413015,1.2196364497995198,1.1588292289018118,1.2428489979199249,0.768438737117321,1.05801437362028,0.8384409446189356,1.0540292682433936,1.0903691433365141,1.1607791479407163,0.8757367274254757,1.026189328452986,1.4437244345847222,0.9757022037293147,0.8455949455331719,0.9688514542362525,0.8578093836525417,1.1959526751327159,1.0151240492093696,1.2735914605077616,1.367885130260361,2.1555123922436836,1.2052425457914748,0.9021758280557636,0.8039287528743613,0.9169296586472575,1.151636208501769,1.228021199209612,0.9258302684597848,0.8168432992609403,1.046352993922981,0.9225272914396336,1.0671265906913596,0.8936222182185991,0.9949538010504493,0.7040644094996598,1.0033074943833342,1.2045601157313786,1.2114138576533526,0.9686090527380503,1.1021772533189398,1.0749614606829683,1.0187973452425956,1.0060334301850111,1.0760193614692823,0.9145459865419079,0.8607000537772702,0.8883682306032177,1.1080647248567241,1.1561404392338237,0.9417708708437464,1.245955106674717,1.169162439010949,1.108144142333269,0.9066816567349683,0.7872914642514506,1.2762587222695374,1.1295682834579532,1.003853705334207,1.039720021845199,1.0243035624675012,0.7250604927675464,1.1282286070720595,1.1566088302709965,1.0198912527285642,0.9525200446532767,0.8390566633234166,1.0269698293956186,1.029312196604133,1.0217015128202198,0.846566946876943,1.0796407422961711,0.9662564620380439,1.0705949246471138,1.1267775705184921,1.0032264931083925,0.9534487134712668,1.0735867409372082,1.0970287633602638,1.384138389239438,1.0233663361699161,2.7115419058178625,0.6724681335967482,0.9022829244364154,2.1272209250196727,1.1681276126743723,2.0852124110247896,1.1007595670378292,0.9774259843804627,1.251758255335423,0.9018537295852878,1.11577471028817,1.3657776414305118,1.6977026506680752,1.1825215552181385,1.2697371928940542,1.1316824870791553,1.4882611362012188,0.9866665071021958,0.8342637007000738,1.1695174367220518,0.6828086321698497,1.1340940550503813,0.8471513637362067,0.9151743945828155,1.6302966366695775,1.0638080848017306,2.404665363876796,0.9047099175934822,1.316034651866594,0.8189190059726241,0.9336312913387065,0.8883449535732618,1.1562336922331784,1.393776699677471,0.9721458749210274,1.0003779980828642,1.0069737249204405,0.9038711902506926,1.121705223556245,2.4005054119615092,1.4386548060765103,1.7864618327308224,1.8439018295500906,0.6762156691088674,1.6721573091750122,1.447329927734284,1.289786286921938,1.1091816064543567,1.3044809897800835,1.3036320393793805,1.3260587786473956,1.1650463341520054,1.8795308712381185,1.1672817812930603,1.6018827293802695,1.2753892440374552,1.3326617177034321,1.7024392304597824,2.457966221567859,1.2134541856648002,1.3500569603783517,2.1801591837154515,1.5594034617270398,1.0358230514781561,1.0673032565300589
1.0,1.0,1.0,1.0,1.0,1.0,1.0,1.0,1.0,1.0,1.0,1.0,1.0,1.0,1.0,1.0,1.0,1.0,1.0,1.0,1.0,1.0,1.0,1.0,1.0,1.0,1.0,1.0,1.0,1.0,1.0,1.0,1.0,1.0,1.0,1.0,1.0,1.0,1.0,1.0,1.0,1.0,1.0,1.0,1.0,1.0,1.0,1.0,1.0,1.0,1.0,1.0,1.0,1.0,1.0,1.0,1.0,1.0,1.0,1.0,1.0,1.0,1.0,1.0,1.0,1.0,1.0,1.0,1.0,1.0,1.0,1.0,1.0,1.0,1.0,1.0,1.0,1.0,1.0,1.0,1.0,1.0,1.0,1.0,1.0,1.0,1.0,1.0,1.0,1.0,1.0,1.0,1.0,1.0,1.0,1.0,1.0,1.0,1.0,1.0,1.0,1.0,1.0,1.0,1.0,1.0,1.0,1.0,1.0,1.0,1.0,1.0,1.0,1.0,1.0,1.0,1.0,1.0,1.0,1.0,1.0,1.0,1.0,1.0,1.0,1.0,1.0,1.0,1.0,1.0,1.0,1.0,1.0,1.0,1.0,1.0,1.0,1.0,1.0,1.0,1.0,1.0,1.0,1.0,1.0,1.0,1.0,1.0,1.0,1.0,1.0,1.0,1.0,1.0,1.0,1.0,1.0,1.0,1.0,1.0,1.0,1.0,1.0,1.0,1.0,1.0,1.0,1.0,1.0,1.0,1.0,1.0,1.0,1.0,1.0,1.0,1.0,1.0,1.0,1.0,1.0,1.0,1.0,1.0,1.0,1.0,1.0,1.0,1.0,1.0,1.0,1.0,1.0,1.0,1.0,1.0,1.0,1.0,1.0,1.0,1.0,1.0,1.0,1.0,1.0,1.0,1.0,1.0,1.0,1.0,1.0,1.3046051433291648,1.1312273415471046,1.0818683882049491,0.9618831914914776,0.861799376191099,0.4915285336012162,0.9389936648553502,0.8990351909402472,0.8776667229110908,0.9789993488608779,0.7753582975992421,0.9042791479648361,1.230741043116227,1.1542726609147522,1.0682862013136494,0.7620401439274669,1.5017172114915363,1.0632163450720338,1.1293004516418854,3.5285876793213093,1.4607844573883557,0.9524991369914795,1.2624632035547991,1.6858205421389325,0.7863132252704959,0.7711655625021574,1.0463233112467178,1.028515834660744,0.9409815600124956,0.7910421167154904,0.9191533793233241,0.7520527336132066,0.9360443311016845,1.0406804033344172,0.8151235856361141,0.8084218080098449,1.025597412856155,0.6618220820636548,0.9337435769740345,0.9962449285887458,0.830509012756696,0.8583235522092416,0.8290628463705422,0.8399341281422381,0.8301368832325218,1.0084951880913027,1.1014048211770153,0.8924404311946614,1.15842586039985,1.5737961806736722,1.120607721673534,0.9427599933441428,0.7412804267605425,1.1722562792053814,0.9511666040508542,0.8462225188660002,0.8634265775393595,1.0472533679134584,0.9239668079114782,1.1986482553036395,1.169237720879177,0.9274727991643836,1.340799707514016,1.059754446594322,0.8030882051411824,0.9859330713651586,1.839705423627715,1.5430499723187123,0.9282490580424069,0.7952905321778775,0.7877893214079956,0.8622162105437854,0.8481575289147341,0.8441697180289314,0.7415899396738964,0.7224004409125713,0.9067563801541367,1.0920336449876018,0.8194759236241173,0.7606012283175293,0.7762122194236565,0.85047643061091,1.03189577487782,1.3974906636574542,0.9188056557041473,1.110282170661357,0.7467047289360818,0.8994049974716984,1.2084137238600055,0.7717510380089649,1.0644571671538925,1.0206831324571712,0.8556090072827501,1.480554708926845,0.8430478200054317,1.2438911860563393,1.1053011650712832,1.0500220016062967,1.122537004980186,0.6944193160297114,0.9584992554445384,0.7587604313944771,0.9499459907404587,0.9876370831444315,1.0506060547815923,0.7928227404037818,0.9326873052499473,1.3082647409934147,0.8832041325908045,0.7618056077592507,0.8709695357477415,0.7767049957126018,1.0838272833783305,0.9193426056077871,1.1525677516874824,1.2403111976234424,1.948126622029835,1.0879922884875548,0.8160015747536635,0.7250393035194277,0.8295812885763996,1.0458964775903064,1.1133317227724737,0.8378364736716091,0.7383854796238212,0.9498149334081468,0.832128551905355,0.9663442916335765,0.8104405702161623,0.8985154889831439,0.6366126663052392,0.9154123844120178,1.0873045733579807,1.0995740491005468,0.8744403592986048,0.9978689672380034,0.9727482157011942,0.9213972026363908,0.9116090366560377,0.9754939955279182,0.8282679077482238,0.7794498056175054,0.8073632230834555,1.0083110476708406,1.0387414247341353,0.8514351695622154,1.1281313068698526,1.06388072630099,1.0035599277367533,0.8177224952894306,0.7109010559335566,1.1552148483617826,1.0170345977678696,0.9077656839842165,0.9361891527961318,0.9239691647569668,0.655304091423081,1.0213330815306203,1.0338847858143714,0.9189560064514413,0.85714687544003,0.757015023298109,0.9277789929610295,0.9286539826185477,0.9243653107612009,0.7666532306390361,0.97370770692752,0.8696863635892654,0.9643102906997514,1.0105003675365496,0.9009134527219912,0.8553009045052401,0.968861946135952,0.9894650085526623,1.2567324658039123,0.9226795197901537,2.4668268380392298,0.6073884535802678,0.8121636862109691,1.9244116371082698,1.0607094735097595,1.8959571965124595,0.9956759560790025,0.8813905693622407,1.1317133689316854,0.8163613007527168,1.0088989404017918,1.231942147397002,1.5174480709162546,1.0682198837418064,1.1494044231818852,1.0207408771051958,1.3324685460419285,0.8931361327505137,0.753551733183596,1.0547772093922716,0.6142341058379943,1.017010879680773,0.7606857544877204,0.8253858072991369,1.4687407160232429,0.9598930196563263,2.165002649665935,0.8196488994960633,1.1912353312750636,0.7411646946947449,0.8423566745515229,0.8045228412379168,1.047200185605851,1.2615226735971663,0.8797129846758618,0.905613512977191,0.911776357608878,0.8132027742690751,1.0170602331318124,2.1656262154730466,1.3017545810684619,1.6326932202104858,1.6730106551825017,0.6098902216362698,1.50624246026599,1.310107723305717,1.1674900084631985,1.0080163257379515,1.1818790271616904,1.1808326870514647,1.201124684417728,1.057977869044136,1.6963139305085415,1.0507606288673914,1.45174506556104,1.1578866939244243,1.2059968929757288,1.5388757906586426,2.1816515720911562,1.0900601962896945,1.2219723140689354,1.9765907095457944,1.413185142542905,0.9339751726291423,0.9651419736760625
1.0,1.0,1.0,1.0,1.0,1.0,1.0,1.0,1.0,1.0,1.0,1.0,1.0,1.0,1.0,1.0,1.0,1.0,1.0,1.0,1.0,1.0,1.0,1.0,1.0,1.0,1.0,1.0,1.0,1.0,1.0,1.0,1.0,1.0,1.0,1.0,1.0,1.0,1.0,1.0,1.0,1.0,1.0,1.0,1.0,1.0,1.0,1.0,1.0,1.0,1.0,1.0,1.0,1.0,1.0,1.0,1.0,1.0,1.0,1.0,1.0,1.0,1.0,1.0,1.0,1.0,1.0,1.0,1.0,1.0,1.0,1.0,1.0,1.0,1.0,1.0,1.0,1.0,1.0,1.0,1.0,1.0,1.0,1.0,1.0,1.0,1.0,1.0,1.0,1.0,1.0,1.0,1.0,1.0,1.0,1.0,1.0,1.0,1.0,1.0,1.0,1.0,1.0,1.0,1.0,1.0,1.0,1.0,1.0,1.0,1.0,1.0,1.0,1.0,1.0,1.0,1.0,1.0,1.0,1.0,1.0,1.0,1.0,1.0,1.0,1.0,1.0,1.0,1.0,1.0,1.0,1.0,1.0,1.0,1.0,1.0,1.0,1.0,1.0,1.0,1.0,1.0,1.0,1.0,1.0,1.0,1.0,1.0,1.0,1.0,1.0,1.0,1.0,1.0,1.0,1.0,1.0,1.0,1.0,1.0,1.0,1.0,1.0,1.0,1.0,1.0,1.0,1.0,1.0,1.0,1.0,1.0,1.0,1.0,1.0,1.0,1.0,1.0,1.0,1.0,1.0,1.0,1.0,1.0,1.0,1.0,1.0,1.0,1.0,1.0,1.0,1.0,1.0,1.0,1.0,1.0,1.0,1.0,1.0,1.0,1.0,1.0,1.0,1.0,1.0,1.0,1.0,1.0,1.0,1.0,1.0,1.0,0.8632513861567312,0.8276229912344335,0.7361729528579141,0.6586313595098523,0.3760360035559432,0.7176564291437482,0.6885686248900054,0.6714017935533759,0.7492601938643633,0.5942610143301901,0.6916143458338531,0.9411099999154876,0.8823506835972104,0.8174826318540851,0.5824446248062265,1.149965487346134,0.812098426545846,0.863176326674922,2.7311611372956612,1.120892994678894,0.7296873939886013,0.9714059305108793,1.2875657924582686,0.6019561377395177,0.5899572932831298,0.800308565814903,0.7867681276157011,0.7202532503680745,0.60504424641544,0.7030193405234164,0.5755090024110057,0.7157905684431936,0.7965159666418496,0.624053300755339,0.6192367173645243,0.7843707261263372,0.5071555481569993,0.7148502440494697,0.7612423562542676,0.6359553903479983,0.6576938179765794,0.634719594819709,0.6430728725457349,0.6351370376933847,0.771195957004073,0.8421985638501457,0.6834450441651774,0.8855526935769269,1.2015909700262941,0.8571308378074075,0.7213145024693659,0.5676067046704303,0.8964092095688486,0.727844017483086,0.6490468388146791,0.6610272260970952,0.7983351850615787,0.7076839562072779,0.9174680357605796,0.89392933302894,0.708342844172511,1.0250895644430988,0.8123852877445585,0.614576737396721,0.7543840892149422,1.4074791306527392,1.1797337164198987,0.709726495629725,0.6082459154641691,0.602664088918468,0.6595151364027416,0.6497818441569398,0.6462859048645415,0.5678618415769281,0.5526403031249316,0.6930002324825335,0.834720556602845,0.6271373180015442,0.58254956297753,0.5943706013794379,0.6514547136663172,0.7889565065285076,1.0688999658600256,0.7016529472071023,0.8497382361009369,0.5710250825272967,0.6880627543454936,0.9258367208077977,0.5916641829399927,0.8135015706026597,0.780725474825066,0.6550071210745887,1.1309266756135776,0.645052015798227,0.950364111895192,0.845569402857889,0.8029756612023673,0.8577009417917181,0.5316527702822051,0.7333977867793195,0.5810877876871074,0.728327864681915,0.7551593769240313,0.8039299582584759,0.6066042992883137,0.7122092725347868,1.000524843817165,0.6763588415701489,0.5839912436694852,0.667638227506451,0.5943346023063965,0.8287258399849229,0.7030983011868905,0.8822904929702333,0.9482550965694556,1.4919798506458017,0.8336970176627215,0.6247347131521916,0.5555857622569956,0.635075905812607,0.7995174599179193,0.8509464960112503,0.6409611919519793,0.5653322224350645,0.7267663789663972,0.6371690279980774,0.7385071372874706,0.6198367455911385,0.6876142979442572,0.48724879711548086,0.6992271152042946,0.833571404258761,0.8408024150052609,0.6705567477717833,0.7634562721612366,0.7433164521145217,0.7056553730644021,0.6974802452118458,0.7463596903655046,0.6338074807197283,0.5971245775309031,0.6180266692861667,0.7709133292562734,0.7977566550273327,0.6517102842489582,0.863010088473555,0.8129830259618775,0.7678526115271893,0.6265934250098093,0.5442473826198533,0.8844750961635166,0.7793093571145054,0.6946140535434266,0.7174954265803144,0.7084522244221485,0.5018561211398377,0.7816905631393406,0.7917368292314046,0.7038122392855384,0.6577451578490299,0.5805202253206325,0.7101891486983374,0.71131053850865,0.7073748027421584,0.5864073943102011,0.7473952906442507,0.6662431379225582,0.7385006412530973,0.7759760893412606,0.6912275501218472,0.6568149097801149,0.7424583700977296,0.7578120398076005,0.9608750726449125,0.7078868621180078,1.8845332165788553,0.4652492061909089,0.6227059500306238,1.4701029526109228,0.8103892786799496,1.4484026767067242,0.7620619086800042,0.6754617788374724,0.866233349267956,0.624907409111818,0.7723602839230306,0.9419994383265136,1.1637827645489276,0.817329964999616,0.8814080257943441,0.7831565336168262,1.021108190397162,0.6832771251974605,0.5763373607800877,0.808802229371964,0.4707347600543731,0.7801425230827862,0.5833738651817262,0.6317398555107032,1.1240539115914798,0.735335782411702,1.6576701480825204,0.6273190289968382,0.9118884117604467,0.5673672392295817,0.6456227057435268,0.6159250029142556,0.801068773948366,0.9650570139808948,0.672378190385322,0.6927087464716934,0.6974470091058356,0.6228281703456658,0.7773383706530388,1.6629380475413507,0.996904915404001,1.2455548586003502,1.2835680492091528,0.4670608229655099,1.1512363867366906,1.0017356297425164,0.8930121244208906,0.7705954127325372,0.9041663589318265,0.9040855070915395,0.9191935097864384,0.8092954119684221,1.2979759306301863,0.8055161910933887,1.1075399540691564,0.8851747030730676,0.9226775054781201,1.1783610880248063,1.6828781956075538,0.8351179054431214,0.9353803809188734,1.5097996064088193,1.0800770939028574,0.7142408024791438,0.7390845310046139
1.0,1.0,1.0,1.0,1.0,1.0,1.0,1.0,1.0,1.0,1.0,1.0,1.0,1.0,1.0,1.0,1.0,1.0,1.0,1.0,1.0,1.0,1.0,1.0,1.0,1.0,1.0,1.0,1.0,1.0,1.0,1.0,1.0,1.0,1.0,1.0,1.0,1.0,1.0,1.0,1.0,1.0,1.0,1.0,1.0,1.0,1.0,1.0,1.0,1.0,1.0,1.0,1.0,1.0,1.0,1.0,1.0,1.0,1.0,1.0,1.0,1.0,1.0,1.0,1.0,1.0,1.0,1.0,1.0,1.0,1.0,1.0,1.0,1.0,1.0,1.0,1.0,1.0,1.0,1.0,1.0,1.0,1.0,1.0,1.0,1.0,1.0,1.0,1.0,1.0,1.0,1.0,1.0,1.0,1.0,1.0,1.0,1.0,1.0,1.0,1.0,1.0,1.0,1.0,1.0,1.0,1.0,1.0,1.0,1.0,1.0,1.0,1.0,1.0,1.0,1.0,1.0,1.0,1.0,1.0,1.0,1.0,1.0,1.0,1.0,1.0,1.0,1.0,1.0,1.0,1.0,1.0,1.0,1.0,1.0,1.0,1.0,1.0,1.0,1.0,1.0,1.0,1.0,1.0,1.0,1.0,1.0,1.0,1.0,1.0,1.0,1.0,1.0,1.0,1.0,1.0,1.0,1.0,1.0,1.0,1.0,1.0,1.0,1.0,1.0,1.0,1.0,1.0,1.0,1.0,1.0,1.0,1.0,1.0,1.0,1.0,1.0,1.0,1.0,1.0,1.0,1.0,1.0,1.0,1.0,1.0,1.0,1.0,1.0,1.0,1.0,1.0,1.0,1.0,1.0,1.0,1.0,1.0,1.0,1.0,1.0,1.0,1.0,1.0,1.0,1.0,1.0,1.0,1.0,1.0,1.0,1.0,1.0,0.9532181055331437,0.8467928930980034,0.7583378966308435,0.4322440259619116,0.8273558603249329,0.788832446541596,0.7708945588846992,0.8604337828387402,0.6800775199272109,0.7929191704285795,1.0818813742119198,1.0181306532011754,0.9395310059849844,0.6694794240463285,1.3199907965512163,0.9375207794879641,0.994676286643562,3.0114364305374943,1.2894242360474042,0.8354735412692634,1.1016799044772712,1.4823174410728366,0.6907989617837604,0.6787277927550998,0.9205950451767642,0.9043680132684893,0.8267277984879564,0.6955901353550089,0.8078473275075849,0.6612823231790818,0.8213190198699138,0.9144360411647054,0.7145785647061564,0.7096172979554386,0.8999700643576866,0.5791625693788105,0.818925948877821,0.8758638559643372,0.7284887519150477,0.7519634446417476,0.7279251967058616,0.737294266307984,0.7316225981647598,0.8874605010945564,0.9689748999615888,0.7832641713182003,1.019133439100819,1.3838923015722904,0.9847428592318777,0.8296146792076448,0.650337424638104,1.0290454212219136,0.8365436530640079,0.7425866528810232,0.7580193126183173,0.9235020059177055,0.8123851382005061,1.0552523839304113,1.026812035658014,0.8184264398406356,1.1789863150299364,0.9275402868216103,0.7060849898133411,0.8664075062422949,1.6084475507128833,1.3572798609504373,0.817696091331076,0.6995373161218364,0.6908085909392883,0.7579640754925208,0.742967289731414,0.7414761377468285,0.6507231373369977,0.6350637134697936,0.7989306024222207,0.9596312953573876,0.7208934697081542,0.6668248370670227,0.6819007913628329,0.7476810571748914,0.9092283740969599,1.232315556050311,0.8076429698666898,0.9767496878923724,0.6562166449299351,0.7923924908117326,1.0528614519464843,0.6763933331126157,0.9356964377363928,0.898416595939714,0.7503260097933697,1.3082073699590846,0.7407842680501486,1.0957196328295669,0.9727996329425918,0.9231474571747431,0.9834160405639443,0.6092646618895647,0.8426878006194525,0.6668504602657717,0.8319502013950785,0.8682245183854257,0.9234423050630332,0.6966826649589881,0.8205655107988412,1.1506224811251275,0.7768704449034352,0.6664668293371258,0.7601395253065646,0.6821143429010418,0.9529115723884453,0.8082378624491116,1.0136555198441863,1.0912300051091575,1.7095199867020676,0.9531103248067103,0.7164536487046353,0.6356551855706607,0.7288678472268767,0.9220185193586444,0.9791199731838651,0.7361172736041577,0.6481782197269852,0.8368225909492888,0.7287410571262252,0.8486072243933906,0.7140068932928252,0.7879856791992053,0.557988506502107,0.8101382796962757,0.9527845651160245,0.9684102730272661,0.7680501199316675,0.8763863926595368,0.8542269422988058,0.8093650346317448,0.8021091824939701,0.8580314085392498,0.728271860941832,0.6859218232029569,0.7135127253601643,0.8904620861231396,0.9069447459546676,0.747387707863807,0.9915641403213997,0.9408376368502731,0.8825518642431422,0.7167241278050828,0.6232804088344939,1.0146325473909903,0.8894745010837566,0.7972326491540287,0.8181297170030079,0.8098592046513315,0.5749791967080402,0.8970954596468059,0.8941867759584534,0.8036847037515378,0.7499330666657749,0.6634895597240816,0.8135889930037333,0.8133093721359492,0.8115156883838799,0.6736942854739867,0.8545275521420366,0.7605239047808556,0.8428709865197079,0.8802683293973554,0.7860497339334394,0.745569324792825,0.8499391874639353,0.8662501307926187,1.1080442416751364,0.8088064067164085,2.168045561372314,0.5326754261725657,0.7100826115943306,1.690069086318787,0.933885938138092,1.6733410986591017,0.8749079327706778,0.7727271934599533,0.992960367347862,0.7175168106839381,0.8859973660480904,1.0777544263429437,1.3222753296204521,0.9366705902383957,1.0117354380516175,0.8956354740699455,1.1574852713122292,0.7849549635440647,0.660430063799752,0.9246622955094602,0.5361589511671832,0.8864725318514302,0.6634020074422234,0.7224945849149136,1.2836092841771034,0.8402457729278233,1.8917517498447416,0.7212883037910538,1.0464753605250885,0.651069059963013,0.7375860802285557,0.7074806098035472,0.920726252709311,1.108320706992693,0.772710850286621,0.7957396483469934,0.8026510736070757,0.7107110098825858,0.8944164461169044,1.9019447644035519,1.1444214013925946,1.4515435456680006,1.4731706634486488,0.5342982297061816,1.314682374298474,1.1505572735770448,1.0258883358633302,0.8888505166828994,1.0395312802224554,1.0387693953632224,1.0559438177724345,0.9333096374942325,1.4853693908114214,0.9184443054219984,1.2709111194654104,1.0211361916479282,1.059659362937715,1.352163077625538,1.8858859788667117,0.9512200862587471,1.0740046732834756,1.7412407369156309,1.2428976901924744,0.8169662471871738,0.8473735096947932
1.0,1.0,1.0,1.0,1.0,1.0,1.0,1.0,1.0,1.0,1.0,1.0,1.0,1.0,1.0,1.0,1.0,1.0,1.0,1.0,1.0,1.0,1.0,1.0,1.0,1.0,1.0,1.0,1.0,1.0,1.0,1.0,1.0,1.0,1.0,1.0,1.0,1.0,1.0,1.0,1.0,1.0,1.0,1.0,1.0,1.0,1.0,1.0,1.0,1.0,1.0,1.0,1.0,1.0,1.0,1.0,1.0,1.0,1.0,1.0,1.0,1.0,1.0,1.0,1.0,1.0,1.0,1.0,1.0,1.0,1.0,1.0,1.0,1.0,1.0,1.0,1.0,1.0,1.0,1.0,1.0,1.0,1.0,1.0,1.0,1.0,1.0,1.0,1.0,1.0,1.0,1.0,1.0,1.0,1.0,1.0,1.0,1.0,1.0,1.0,1.0,1.0,1.0,1.0,1.0,1.0,1.0,1.0,1.0,1.0,1.0,1.0,1.0,1.0,1.0,1.0,1.0,1.0,1.0,1.0,1.0,1.0,1.0,1.0,1.0,1.0,1.0,1.0,1.0,1.0,1.0,1.0,1.0,1.0,1.0,1.0,1.0,1.0,1.0,1.0,1.0,1.0,1.0,1.0,1.0,1.0,1.0,1.0,1.0,1.0,1.0,1.0,1.0,1.0,1.0,1.0,1.0,1.0,1.0,1.0,1.0,1.0,1.0,1.0,1.0,1.0,1.0,1.0,1.0,1.0,1.0,1.0,1.0,1.0,1.0,1.0,1.0,1.0,1.0,1.0,1.0,1.0,1.0,1.0,1.0,1.0,1.0,1.0,1.0,1.0,1.0,1.0,1.0,1.0,1.0,1.0,1.0,1.0,1.0,1.0,1.0,1.0,1.0,1.0,1.0,1.0,1.0,1.0,1.0,1.0,1.0,1.0,1.0,1.0,0.8884448163600164,0.7954051013317862,0.4538898200528302,0.8672447841048618,0.8295813116740205,0.8097924993492004,0.9041359547189147,0.7158717875954261,0.8339046260215758,1.1355364355792075,1.0659810522126405,0.9866308265893385,0.7029302609384084,1.3869884492861864,0.9818035013902081,1.0429106309339098,3.2400651724903824,1.3515507872328159,0.8787781481391739,1.1649944621145953,1.5553639970537079,0.7258678202188199,0.7119677377723626,0.9654597226103356,0.9491663210769912,0.8683935535824466,0.730209294114065,0.847945562196026,0.6943108277688446,0.8633081555130568,0.9605856880355176,0.7517241643641279,0.746163179941606,0.9458753026898462,0.6101647475864496,0.8612199510181218,0.9191121005754319,0.7658957634435417,0.7916746850712559,0.764905124595846,0.7751148565408421,0.766970204362095,0.9310653638282828,1.0166687004766282,0.8233590771620192,1.0687904474254384,1.4509040535074176,1.0342015781831635,0.8705356625270642,0.6839570814317835,1.0811644474635647,0.8784776025100323,0.781915392431421,0.796731218273508,0.9656099458510036,0.8535290383666521,1.1077471162706947,1.0784685472654814,0.8568346086285037,1.2372702634948585,0.9772349932510154,0.7413859149841672,0.9101435207486404,1.6956457501414826,1.4249016925279494,0.8569975447779901,0.7338950962961265,0.72635323449639,0.795345317803656,0.782127590736112,0.7791285213794652,0.6842279508819463,0.6667036608565655,0.8373644420568663,1.0076185238649897,0.756676697169076,0.7017538470006423,0.7165547270192727,0.7853975099651738,0.9529310508618594,1.2912398481296536,0.846421332265513,1.025521954684839,0.6887158869953144,0.830827614211292,1.1127409089188205,0.7119493551083929,0.9817478930244229,0.9423356056487946,0.7889854014129573,1.368267281452842,0.7777954671425669,1.1472180271038286,1.0208396349724738,0.9690111134552718,1.0347730579371661,0.640640876852482,0.8847313225173379,0.7005852201478846,0.8763871133671544,0.9114223635469024,0.9700731209354692,0.7314990390948845,0.8599590298143909,1.2076367343282859,0.8157718363940776,0.7023876371307513,0.802454777616894,0.7164618859210126,1.000006328132565,0.8486936575766773,1.0649333989776595,1.1445430350509262,1.7979762231941345,1.003200237996133,0.753021817055292,0.6692046865047829,0.7657132729640723,0.9662019335768479,1.027207239266425,0.7731118335794658,0.6813419792236772,0.8773669012269383,0.7673617084529978,0.8912587370400916,0.7485183234661422,0.8288233505509832,0.5866529576883246,0.8461315542730701,1.0030789934853206,1.0150437947160769,0.8080160881194737,0.9204093380109708,0.8972925308091582,0.8505194089084258,0.8418410711928945,0.9004265213938697,0.7645527011788333,0.7200511683497581,0.7467482929572193,0.9316603235191406,0.9572745359430509,0.7857961768154045,1.041264029146065,0.9842245557180106,0.9267862067215841,0.7544051777829883,0.6559030449710603,1.0658827427953002,0.9376644478416433,0.8377567187309435,0.8628330524893945,0.8527561263522715,0.6045822479268654,0.9425447873345951,0.9481470362914901,0.8468850124721208,0.7909598780370903,0.6983484114395673,0.855522154135633,0.8562325740783818,0.8526623089203326,0.7074678117650429,0.89981544638124,0.8019705257164882,0.8884062909220141,0.9310058253470032,0.8306006177359723,0.7882138147706871,0.8943261853280482,0.9120807808516163,1.1604288334926958,0.8519048109283507,2.271865698921796,0.5604429915137801,0.7488340908440638,1.7759755679696339,0.9783748660005349,1.7518352795370054,0.9194409593626641,0.8134696560028742,1.0441083349837066,0.7535565611820412,0.9314091991187594,1.1348739320584995,1.4009226945770028,0.9856900166594624,1.0624800839300692,0.9427021956498609,1.2256040730529092,0.8245436821960554,0.6947921831913031,0.9726596905356208,0.5657190832445047,0.9373618461396113,0.7009696763251045,0.7607669897588641,1.3525302144713298,0.8847596288421533,1.9947741234482341,0.7570689368756832,1.0988953493032323,0.6839194804046038,0.7760522266417171,0.7428772753538155,0.9665915146334227,1.1641691440966548,0.8116788006828669,0.8356943437545234,0.8422324194215222,0.7495269560943003,0.9386544419364611,2.0033501045860977,1.2027630561206366,1.5120977497166623,1.5448153216164404,0.5624176781061189,1.3859696209194985,1.2083157674913672,1.077652272642073,0.9308345653358184,1.090994040259135,1.090665401850841,1.1087062179554854,0.9774759102424204,1.5627188537599492,0.9684987898037148,1.3342398262179433,1.0702774140339564,1.1131063263636607,1.4206261229489459,2.011373819650884,1.0043758503913964,1.128215765541709,1.8263175464432684,1.304209190563153,0.860062035323596,0.8906773231771772
1.0,1.0,1.0,1.0,1.0,1.0,1.0,1.0,1.0,1.0,1.0,1.0,1.0,1.0,1.0,1.0,1.0,1.0,1.0,1.0,1.0,1.0,1.0,1.0,1.0,1.0,1.0,1.0,1.0,1.0,1.0,1.0,1.0,1.0,1.0,1.0,1.0,1.0,1.0,1.0,1.0,1.0,1.0,1.0,1.0,1.0,1.0,1.0,1.0,1.0,1.0,1.0,1.0,1.0,1.0,1.0,1.0,1.0,1.0,1.0,1.0,1.0,1.0,1.0,1.0,1.0,1.0,1.0,1.0,1.0,1.0,1.0,1.0,1.0,1.0,1.0,1.0,1.0,1.0,1.0,1.0,1.0,1.0,1.0,1.0,1.0,1.0,1.0,1.0,1.0,1.0,1.0,1.0,1.0,1.0,1.0,1.0,1.0,1.0,1.0,1.0,1.0,1.0,1.0,1.0,1.0,1.0,1.0,1.0,1.0,1.0,1.0,1.0,1.0,1.0,1.0,1.0,1.0,1.0,1.0,1.0,1.0,1.0,1.0,1.0,1.0,1.0,1.0,1.0,1.0,1.0,1.0,1.0,1.0,1.0,1.0,1.0,1.0,1.0,1.0,1.0,1.0,1.0,1.0,1.0,1.0,1.0,1.0,1.0,1.0,1.0,1.0,1.0,1.0,1.0,1.0,1.0,1.0,1.0,1.0,1.0,1.0,1.0,1.0,1.0,1.0,1.0,1.0,1.0,1.0,1.0,1.0,1.0,1.0,1.0,1.0,1.0,1.0,1.0,1.0,1.0,1.0,1.0,1.0,1.0,1.0,1.0,1.0,1.0,1.0,1.0,1.0,1.0,1.0,1.0,1.0,1.0,1.0,1.0,1.0,1.0,1.0,1.0,1.0,1.0,1.0,1.0,1.0,1.0,1.0,1.0,1.0,1.0,1.0,1.0,0.894846897473363,0.510898913170661,0.9750925180174894,0.9345576036148444,0.9116427243431791,1.017667091844352,0.8064900527536227,0.9392114950909486,1.2782257029150483,1.199081906174334,1.1104745973909356,0.7912220191535939,1.5614464165017783,1.104002374226654,1.1728852576587299,3.6816012090295693,1.5220644473586342,0.9901470671769599,1.3159734969968837,1.749479341467933,0.8174367509898846,0.801510923751539,1.0868304446972659,1.0685900403017639,0.9778514128519763,0.8218061830964329,0.9547598774989574,0.7816279561839166,0.9722550492319543,1.0814308335501865,0.8473357416598519,0.8405338945769982,1.0648749683130765,0.6880406695749777,0.9700577598881466,1.0343247314836588,0.8630844545017483,0.8923988745395832,0.8616829137766933,0.8731692446212438,0.8626326200811775,1.0477624588063557,1.1440136730739794,0.927785153382251,1.2028088536527743,1.6330831319253492,1.164189942266717,0.9797485164791357,0.7704628832219438,1.2174363876911296,0.9886366940374846,0.8814183541322878,0.8974175561995283,1.0856293018464298,0.9608226184152586,1.2464398902137839,1.2142277773918173,0.9633119964991477,1.392412453229467,1.102168436816095,0.8346482616433089,1.0243723955916892,1.9091863994644447,1.6029132226038834,0.9644392861640403,0.8261082634902668,0.8181295257026969,0.8955449892237525,0.8818156959647455,0.8774453826592415,0.7708250686675633,0.750761845522651,0.9418875926782364,1.1339642786494832,0.8516235602783189,0.7904599866190292,0.8071669495079421,0.8844332529972876,1.0721131887258086,1.4520375026135146,0.9529555497424049,1.153860770206125,0.7755473895137389,0.9350521466676377,1.2552822314919068,0.8027569380786579,1.1050990276881552,1.0606015871044014,0.8890929501290333,1.5374197293135694,0.8757820077528846,1.2912068159296926,1.1487157966048194,1.0907054702909245,1.1651044794737582,0.7217493136248432,0.9960482170163532,0.7889659126534541,0.9881656276935349,1.0259510464024617,1.0919874281991384,0.8237983625461454,0.9673221710411439,1.3587024024365757,0.9186356803937368,0.7923313837522581,0.9054557919931643,0.8067495975187454,1.1256584811167585,0.9550515121962775,1.1984891779411293,1.2881455169789655,2.0253548401577133,1.1309839671137638,0.8481117053519114,0.7540794947506408,0.8623485443571165,1.0866086046193946,1.155923798731528,0.8706061121852435,0.7674516819335607,0.9870066036543901,0.8648192640004275,1.003250167082661,0.8423469795024244,0.9335327593059839,0.6611158588024153,0.9503366985626955,1.1306439077093613,1.1422095065397984,0.9100684925456343,1.0366255259889547,1.010162149964886,0.9580600452073406,0.9474403311218222,1.0137530637357437,0.8607321284367627,0.8107503211441117,0.8401467041992406,1.0475519608817676,1.080855371861439,0.8849503449679601,1.1719335688156498,1.1054807962463,1.0430367214062453,0.8504000584503606,0.7388386939442618,1.2003331664516774,1.057075846883334,0.9434929869666808,0.9730177291882809,0.9610101211016018,0.681108786341051,1.061127505882617,1.071617118795789,0.9549723782659549,0.8918480118262369,0.7873487611175536,0.9640030513425571,0.9651510038090085,0.9604438444922657,0.7962285316396432,1.0137933280655815,0.9043024202785617,1.0018152708563022,1.0513962613068621,0.9373891251723157,0.890061216489207,1.0076708696403895,1.0282440891378601,1.305758909169141,0.9602911918685617,2.5556500707702585,0.6314009973914854,0.8442864959647288,1.9985638592937562,1.100960844726895,1.9693468399759693,1.0351738277966134,0.9169578595310716,1.1757809229504463,0.8485000422218812,1.0490073053411129,1.2787573548258915,1.579034464743618,1.1098310264105304,1.1965508881944484,1.062393225706601,1.3841497175554067,0.9281214778556701,0.7825810345817836,1.0971436949041107,0.6383008536434056,1.0575240301729822,0.7909524491065942,0.857454397471825,1.5252547432425791,0.9973076183268468,2.2483600050099897,0.8521049370405147,1.2376775881871822,0.7702684766992072,0.8754775794924947,0.8363182404260716,1.088045195748034,1.310572282601251,0.913802863424515,0.9407186032663111,0.9480080319903667,0.8452141114013371,1.0561219008756897,2.2555818754437307,1.353745326357867,1.6970336595003404,1.7395125016830448,0.6339434068314849,1.5623581888258329,1.3600738242899948,1.2129917241428654,1.0470253708055952,1.2279547159863227,1.2278571292551492,1.2482838445884488,1.099746284382608,1.7615588585826831,1.092528447653863,1.503099839003148,1.2030623721326108,1.2530845656083802,1.6003459334905128,2.274750051948457,1.1332341677375937,1.2701529875909425,2.0541797210609998,1.4677340524622504,0.969606766864342,1.003319123718754
1.0,1.0,1.0,1.0,1.0,1.0,1.0,1.0,1.0,1.0,1.0,1.0,1.0,1.0,1.0,1.0,1.0,1.0,1.0,1.0,1.0,1.0,1.0,1.0,1.0,1.0,1.0,1.0,1.0,1.0,1.0,1.0,1.0,1.0,1.0,1.0,1.0,1.0,1.0,1.0,1.0,1.0,1.0,1.0,1.0,1.0,1.0,1.0,1.0,1.0,1.0,1.0,1.0,1.0,1.0,1.0,1.0,1.0,1.0,1.0,1.0,1.0,1.0,1.0,1.0,1.0,1.0,1.0,1.0,1.0,1.0,1.0,1.0,1.0,1.0,1.0,1.0,1.0,1.0,1.0,1.0,1.0,1.0,1.0,1.0,1.0,1.0,1.0,1.0,1.0,1.0,1.0,1.0,1.0,1.0,1.0,1.0,1.0,1.0,1.0,1.0,1.0,1.0,1.0,1.0,1.0,1.0,1.0,1.0,1.0,1.0,1.0,1.0,1.0,1.0,1.0,1.0,1.0,1.0,1.0,1.0,1.0,1.0,1.0,1.0,1.0,1.0,1.0,1.0,1.0,1.0,1.0,1.0,1.0,1.0,1.0,1.0,1.0,1.0,1.0,1.0,1.0,1.0,1.0,1.0,1.0,1.0,1.0,1.0,1.0,1.0,1.0,1.0,1.0,1.0,1.0,1.0,1.0,1.0,1.0,1.0,1.0,1.0,1.0,1.0,1.0,1.0,1.0,1.0,1.0,1.0,1.0,1.0,1.0,1.0,1.0,1.0,1.0,1.0,1.0,1.0,1.0,1.0,1.0,1.0,1.0,1.0,1.0,1.0,1.0,1.0,1.0,1.0,1.0,1.0,1.0,1.0,1.0,1.0,1.0,1.0,1.0,1.0,1.0,1.0,1.0,1.0,1.0,1.0,1.0,1.0,1.0,1.0,1.0,1.0,1.0,0.5702784155769614,1.0887547402667996,1.0426015292794166,1.0184332445627209,1.1365233376949677,0.9002737405254094,1.0498271544458282,1.427355737003412,1.3361758802532258,1.238228734795105,0.8839958213405623,1.742214019039468,1.2326211165917842,1.3091964724294365,4.15045147713537,1.6889725258934358,1.1048116066215226,1.468323704877232,1.9579196943330714,0.9114387198103774,0.8930488044156293,1.2120336617693435,1.191041049216707,1.0914645412649964,0.9173181431120747,1.066126702572884,0.8715224486247052,1.0861630176166015,1.2071847479917657,0.9454787030410186,0.9377664662367875,1.1906891777813144,0.7682999484847037,1.0836641674061986,1.1552552388765482,0.9627687769336796,0.9963181439807044,0.9606914458103444,0.9742725224791366,0.9616021814279891,1.1687053903377556,1.277523311591929,1.0347859691125318,1.3418367410853898,1.8266529282810158,1.3000019223546646,1.091902925948946,0.8598201729703037,1.3603090134523321,1.1028901726267177,0.9819643779581305,1.000960176293431,1.2134875607176736,1.07207108792446,1.389171113606027,1.3565558276600456,1.0744241877101146,1.5536930216171458,1.2304727933135502,0.9302999546786257,1.144303299978074,2.142582808114004,1.790277642715135,1.0752867993169248,0.9215712847166044,0.9143770428863953,0.9989456181199291,0.9839516762739986,0.9784354389547321,0.8604557922205125,0.8370938958217655,1.0508071642416357,1.2677664786191845,0.9496589696487419,0.8828454766616722,0.900006011455069,0.9852020113200164,1.1951939888070289,1.6180410267287835,1.0644563054562397,1.2883412275070512,0.8649237235074388,1.0418622692069128,1.4068999502453114,0.8945554588607191,1.2340050421494164,1.1816831883131251,0.9922447137086081,1.713100044885434,0.9766397758166414,1.4381747086363,1.2811678664069222,1.217179795708572,1.3054391441699522,0.8053868341780855,1.1103951286247709,0.8791150438456661,1.1029463355048366,1.1449955638215763,1.2182975324058911,0.9188375781509557,1.079017764251867,1.5179955851686802,1.0232992261438147,0.8839771307449771,1.0125336557794613,0.9002322769246568,1.25607275529686,1.0664797648333346,1.3369442508513913,1.436972542773014,2.2596817483439784,1.2615742920863435,0.9460332138487192,0.8421026139932881,0.9616785495823303,1.2110874546896775,1.290674749109367,0.9714703823533172,0.8566133657477213,1.0995482103698964,0.9665257476361451,1.120728396517047,0.9387898459923334,1.0436960462338716,0.7378209141184383,1.0578764510909313,1.2605096561832738,1.2728617917950293,1.0149434526438221,1.1561743303009901,1.1292491084223388,1.0677055168857734,1.056353718338748,1.128847764111671,0.9600691858449275,0.9026584211353125,0.9327389085178068,1.1659542627010446,1.2063688916453428,0.9875975192148587,1.3089446872803525,1.2324353236679002,1.1635372452602517,0.9494808873167221,0.8252630924385391,1.3389477203203004,1.1827413288178215,1.0531392398803252,1.087751479400715,1.0724542660960652,0.7598544507658445,1.1839061487596596,1.208146310370482,1.0678933674162292,0.9961746312990656,0.8777136185766008,1.0767402146411615,1.078185997810197,1.07153735101982,0.8895004559592736,1.1303673369961103,1.011046976231887,1.1206340697919677,1.1752734460868473,1.0472445829478105,0.9944221817076099,1.1247260618852077,1.1489941778823518,1.455671987472416,1.0707430146673103,2.852000427759934,0.7047059508114151,0.9446732109676261,2.235909491069253,1.2282632637492117,2.1949600541704113,1.1546939106386591,1.0229874620702588,1.3133901248524893,0.9462779268766857,1.1693958908008244,1.4329159699540688,1.7789671287397812,1.2409081135011357,1.33046118983439,1.1847206247173774,1.554633360140942,1.0357749190242376,0.875411977406286,1.223057419463198,0.7139194813198906,1.1857775743613272,0.8852928304712813,0.9588164165514728,1.7079077247545733,1.1139151561722518,2.52086342762962,0.9495820965979855,1.380241945909653,0.85877933853361,0.9765206334698168,0.932099916750061,1.2139512935973054,1.4631716151111274,1.0205393949823267,1.0504631070865753,1.0574929512036828,0.9462487815600722,1.1787635666780987,2.514445852722569,1.5093344586178419,1.8864941606958787,1.9330687250824055,0.7083105160464572,1.7536022828622362,1.5208576572241865,1.3542566576734898,1.1664931974166497,1.3699865125840995,1.3675353812361652,1.3913701552961337,1.2242831684160405,1.9701599405558765,1.2204006761167085,1.6817324721961378,1.342488336263592,1.399051519893374,1.7846558923093698,2.5531165812228678,1.2694304012869027,1.4166690026439985,2.2902768009702057,1.6386639187293461,1.0860076773310514,1.1186985038122117
1.0,1.0,1.0,1.0,1.0,1.0,1.0,1.0,1.0,1.0,1.0,1.0,1.0,1.0,1.0,1.0,1.0,1.0,1.0,1.0,1.0,1.0,1.0,1.0,1.0,1.0,1.0,1.0,1.0,1.0,1.0,1.0,1.0,1.0,1.0,1.0,1.0,1.0,1.0,1.0,1.0,1.0,1.0,1.0,1.0,1.0,1.0,1.0,1.0,1.0,1.0,1.0,1.0,1.0,1.0,1.0,1.0,1.0,1.0,1.0,1.0,1.0,1.0,1.0,1.0,1.0,1.0,1.0,1.0,1.0,1.0,1.0,1.0,1.0,1.0,1.0,1.0,1.0,1.0,1.0,1.0,1.0,1.0,1.0,1.0,1.0,1.0,1.0,1.0,1.0,1.0,1.0,1.0,1.0,1.0,1.0,1.0,1.0,1.0,1.0,1.0,1.0,1.0,1.0,1.0,1.0,1.0,1.0,1.0,1.0,1.0,1.0,1.0,1.0,1.0,1.0,1.0,1.0,1.0,1.0,1.0,1.0,1.0,1.0,1.0,1.0,1.0,1.0,1.0,1.0,1.0,1.0,1.0,1.0,1.0,1.0,1.0,1.0,1.0,1.0,1.0,1.0,1.0,1.0,1.0,1.0,1.0,1.0,1.0,1.0,1.0,1.0,1.0,1.0,1.0,1.0,1.0,1.0,1.0,1.0,1.0,1.0,1.0,1.0,1.0,1.0,1.0,1.0,1.0,1.0,1.0,1.0,1.0,1.0,1.0,1.0,1.0,1.0,1.0,1.0,1.0,1.0,1.0,1.0,1.0,1.0,1.0,1.0,1.0,1.0,1.0,1.0,1.0,1.0,1.0,1.0,1.0,1.0,1.0,1.0,1.0,1.0,1.0,1.0,1.0,1.0,1.0,1.0,1.0,1.0,1.0,1.0,1.0,1.0,1.0,1.0,1.0,1.9051720264649252,1.8284400247521928,1.784247351671111,1.9919960736272901,1.5796533159855444,1.8406797370198946,2.500350876208022,2.3392214087711762,2.1704546787821046,1.5486755677698354,3.054259577348839,2.1573928046424466,2.29166240195137,7.3399107211395584,2.964659321069801,1.937572246710742,2.5836219131553504,3.4264171370601546,1.5981558972008285,1.5654332344189141,2.1226753303157695,2.087181503259326,1.912896825795876,1.6070100465194046,1.8681058075338126,1.5276094873830726,1.9041984414589659,2.1151866191594935,1.6595844518061365,1.6447996762987431,2.0855462349999465,1.3487803100241387,1.899384126440042,2.02332629030756,1.6884107973370517,1.748531478186285,1.684721135911953,1.709022116378263,1.6834992489572378,2.047261559910652,2.23711803352103,1.815292008033305,2.349516481840708,3.1976911637126353,2.278236253520196,1.9130992265595659,1.5078918831315917,2.3840300801179994,1.932805323633774,1.725743395306522,1.7549830926327534,2.1216696544748026,1.8794403970032825,2.4350692443587456,2.37720122553377,1.8813724608273248,2.7211231026193343,2.1604993117050464,1.6305030641571654,2.004831313896761,3.7517624274840156,3.135348653296755,1.883466192599157,1.6141722587058602,1.6026082960214216,1.7498759408487912,1.7274303157563011,1.715419529406625,1.5090916848448628,1.4677320386170005,1.839927234296191,2.2205295176857733,1.6637161795034647,1.547786006060571,1.5789469508350227,1.7276609292789733,2.0931119674454735,2.83233215590328,1.8630331579333916,2.2565855866183693,1.5155090654882386,1.8262523717213393,2.469791556223754,1.570486264662589,2.1612373796976287,2.070249930055691,1.7403552957930748,2.9955774853876234,1.7112173406892903,2.51815900417631,2.24471248030176,2.1322770735827588,2.2876374398606103,1.4126247975978594,1.9460526130347144,1.5415209258661133,1.936233728690489,2.006634032070952,2.1356856786441885,1.6106842664838412,1.8881876753826126,2.6571254398713764,1.7944763344407768,1.5524799026190323,1.7786553178407511,1.5772466299666572,2.2001948787295857,1.8681898461009436,2.343733056765334,2.516785834396425,3.963171583121903,2.2135095553278274,1.6586419175740104,1.4778735075361,1.686337759223417,2.120472716838438,2.2603578111733684,1.7031612734848303,1.5019750485633647,1.925618983599732,1.695890426189509,1.9638051105638117,1.644978023661242,1.8298976181616333,1.2935006983635904,1.8485767521615935,2.211896088254956,2.2295716426249044,1.7807041391890395,2.026413826441275,1.9793703556370157,1.87301250132853,1.850995345644849,1.9786148361308844,1.6823043036537308,1.5826512832253319,1.6355956183173588,2.0399503455825494,2.120647019290262,1.7317438498911975,2.292425008196859,2.155681340965869,2.0391638143673902,1.6665315888177936,1.447681368698158,2.346103848271939,2.0755673550475757,1.8468389840811616,1.909215733705373,1.8819047057529765,1.332524750780114,2.0746874160344215,2.1205441261441464,1.8740744194294732,1.7491313251814802,1.5407402917542488,1.8881023781325426,1.8915217334036154,1.8784551407626267,1.557921289995479,1.9837334259028858,1.7758152604955662,1.9669419283771314,2.0660628783246775,1.841048474181591,1.7485491512573157,1.9734326265173106,2.015834499606758,2.548954646874988,1.8797013983149564,4.98274535783283,1.23601110060041,1.6574690649793535,3.918178105524838,2.1498597338505068,3.8422402703321357,2.0250469084724045,1.7964881213229607,2.301426627278966,1.6585519710916992,2.051735807984676,2.5121063793905765,3.124747817254652,2.1755399397729844,2.3339226839158416,2.078912635394314,2.731515184286286,1.8154337680348085,1.534508766593643,2.1479010252134203,1.2534844677017065,2.082448289260151,1.555204287575184,1.6821490826454735,2.9962649973082582,1.9540049876086882,4.41994440254304,1.6642722247120723,2.4190058118924442,1.5055595374228923,1.713883995034433,1.633714270281638,2.1272623135063933,2.564092211653595,1.7893892110000928,1.8402216796490827,1.8542066859682453,1.6612771280857883,2.0646907190067365,4.411338197332769,2.6462028727409046,3.300761272616579,3.3842614467932544,1.2428807465624736,3.0739777747499546,2.6632774007829774,2.37336281377701,2.041779964432351,2.4002084509438744,2.397383440178155,2.438760830984372,2.144356321545682,3.45491274328152,2.1435754484769287,2.9441480596435783,2.350114301747843,2.451741449071342,3.1308355715309735,4.497682212349577,2.2298005720090797,2.4830798150499978,4.017393590503248,2.8711015002401643,1.904757768261471,1.961802502081439
1.0,1.0,1.0,1.0,1.0,1.0,1.0,1.0,1.0,1.0,1.0,1.0,1.0,1.0,1.0,1.0,1.0,1.0,1.0,1.0,1.0,1.0,1.0,1.0,1.0,1.0,1.0,1.0,1.0,1.0,1.0,1.0,1.0,1.0,1.0,1.0,1.0,1.0,1.0,1.0,1.0,1.0,1.0,1.0,1.0,1.0,1.0,1.0,1.0,1.0,1.0,1.0,1.0,1.0,1.0,1.0,1.0,1.0,1.0,1.0,1.0,1.0,1.0,1.0,1.0,1.0,1.0,1.0,1.0,1.0,1.0,1.0,1.0,1.0,1.0,1.0,1.0,1.0,1.0,1.0,1.0,1.0,1.0,1.0,1.0,1.0,1.0,1.0,1.0,1.0,1.0,1.0,1.0,1.0,1.0,1.0,1.0,1.0,1.0,1.0,1.0,1.0,1.0,1.0,1.0,1.0,1.0,1.0,1.0,1.0,1.0,1.0,1.0,1.0,1.0,1.0,1.0,1.0,1.0,1.0,1.0,1.0,1.0,1.0,1.0,1.0,1.0,1.0,1.0,1.0,1.0,1.0,1.0,1.0,1.0,1.0,1.0,1.0,1.0,1.0,1.0,1.0,1.0,1.0,1.0,1.0,1.0,1.0,1.0,1.0,1.0,1.0,1.0,1.0,1.0,1.0,1.0,1.0,1.0,1.0,1.0,1.0,1.0,1.0,1.0,1.0,1.0,1.0,1.0,1.0,1.0,1.0,1.0,1.0,1.0,1.0,1.0,1.0,1.0,1.0,1.0,1.0,1.0,1.0,1.0,1.0,1.0,1.0,1.0,1.0,1.0,1.0,1.0,1.0,1.0,1.0,1.0,1.0,1.0,1.0,1.0,1.0,1.0,1.0,1.0,1.0,1.0,1.0,1.0,1.0,1.0,1.0,1.0,1.0,1.0,1.0,1.0,1.0,0.9549626871341514,0.933119072260358,1.0412342290982508,0.8240156370264633,0.9611315082608768,1.3082878147985624,1.2274588049001125,1.1356829992875466,0.8098861058467228,1.5969648936885932,1.1315983987919558,1.201606390242899,3.731245002583871,1.5529854706463933,1.0119976256345358,1.3398547418304416,1.793653826312394,0.8354057399736611,0.819359065942113,1.112224038181203,1.0924766721738293,0.9999816955876004,0.8410679763221682,0.9772815972047152,0.7991869728938561,0.9944303159900942,1.1065699809731333,0.8651655738312498,0.859096023964822,1.0901761954306093,0.7025010792527949,0.9921290955259592,1.0589459371652605,0.8818568475767277,0.9115006664043065,0.8804964718352022,0.8923095119677246,0.8834254579342926,1.0722485124987913,1.1714519601524032,0.9477620946461999,1.2314544394305713,1.6735290792691115,1.191211473897098,1.0019716381932997,0.7875362546036732,1.2459511187042573,1.0113281881328078,0.8984382172702152,0.9171778550862962,1.1143308736173085,0.9827966273886752,1.2744953883982462,1.2425952155422653,0.9864947566652461,1.425338325617549,1.1251730733067928,0.853280411975327,1.0487708017878776,1.9572080466771002,1.6416390719855607,0.9868188755871583,0.8454145123216137,0.8371502367739658,0.9162237979311747,0.900297943303171,0.8968246490708425,0.7879631518510938,0.7673421550325221,0.9643797002345925,1.161390176713431,0.8712705088628706,0.8083212559522408,0.8243621890017697,0.9035834258591184,1.0972509461157878,1.486724215345256,0.9761758120692345,1.1817000928039578,0.792913018297023,0.9561124871711887,1.2827322304549362,0.8192970983051864,1.1313102172403764,1.0845362088982435,0.9085470792204112,1.576586912108413,0.8957244171382441,1.3210275696602767,1.1753256360223114,1.1160931291930538,1.1933360203327346,0.7375054478888978,1.0183121587493857,0.8060181266535302,1.0087713798154752,1.0494675192876621,1.1166662960963103,0.8421956544679241,0.9907217137788062,1.3919720836042515,0.9385413486860822,0.80799782106357,0.9240686470158371,0.8253277170259283,1.151670065643274,0.9776192545013632,1.225696991243872,1.3185738476063225,2.0698812312605988,1.1549668026623603,0.8669588986151473,0.7704041556556653,0.8814969600587288,1.112370755259399,1.1833423737756237,0.8901869038942054,0.7846816488250674,1.0099532259529167,0.883899649229188,1.026862625459148,0.8615452803574655,0.9548790683661015,0.6758146980124052,0.974752112791698,1.1540992414396338,1.1691154202302507,0.9298801977577897,1.0596721090106664,1.0341489137215236,0.978727226175256,0.9690324832179482,1.0357085954898015,0.880315148186916,0.8282391008489302,0.857950705506677,1.073014385528887,1.1017297352439142,0.9045332061705587,1.1999750301644854,1.1335505414935267,1.0669989440852752,0.8687346356238068,0.7551917213532757,1.22766949765506,1.080461601125045,0.9643065077721577,0.9938533902830597,0.9816545510607629,0.6962113714488027,1.085546838596169,1.0965059611644756,0.9755938589095089,0.9107183405543666,0.8035613003297244,0.985566862035776,0.9861971947731121,0.9817888445899233,0.8155227944127439,1.0354138922899252,0.9233498533944178,1.0236423392100042,1.0721011089725134,0.9557594518419066,0.9073785970422068,1.0297056079220226,1.050367950782503,1.3368752805964688,0.9803240367849156,2.6213013597984105,0.6452576709289806,0.8633343774552376,2.0457894820425953,1.1272685866595142,2.0171103405525708,1.0579343018433816,0.9356009700084857,1.2030047440199054,0.8675626928863956,1.0713066240335172,1.308903583648811,1.6177920279398086,1.1354211367511884,1.2214051449100873,1.0849249014431424,1.4136216124975296,0.9492861729832018,0.8008124228724296,1.1196308348342485,0.6517995699728801,1.0808079373518598,0.8075435365153929,0.876438792303815,1.5592398511124181,1.0192335429350017,2.301617310725214,0.8712125990376971,1.2653940096681557,0.787307374285501,0.8935686316538729,0.8550207287250685,1.1129315029973066,1.34074375665559,0.9345114397943038,0.9627394354509111,0.9694556903670389,0.8635448364322551,1.0811707529093442,2.3037341870779193,1.3839349038665816,1.738684514148269,1.7770899523663792,0.6478182384614768,1.5996120408618641,1.3933203135715888,1.2411843503334505,1.0719351076578265,1.2564373769934156,1.2552606040232734,1.276043268215694,1.1252792140540013,1.801408320819477,1.1148254004869296,1.5390437129793055,1.2330395545247124,1.2819787299012702,1.6348572501520775,2.3169965117811477,1.157181527823853,1.2987312242302338,2.1004523192820335,1.5017949641300112,0.9918135551238423,1.0251144682702513
1.0,1.0,1.0,1.0,1.0,1.0,1.0,1.0,1.0,1.0,1.0,1.0,1.0,1.0,1.0,1.0,1.0,1.0,1.0,1.0,1.0,1.0,1.0,1.0,1.0,1.0,1.0,1.0,1.0,1.0,1.0,1.0,1.0,1.0,1.0,1.0,1.0,1.0,1.0,1.0,1.0,1.0,1.0,1.0,1.0,1.0,1.0,1.0,1.0,1.0,1.0,1.0,1.0,1.0,1.0,1.0,1.0,1.0,1.0,1.0,1.0,1.0,1.0,1.0,1.0,1.0,1.0,1.0,1.0,1.0,1.0,1.0,1.0,1.0,1.0,1.0,1.0,1.0,1.0,1.0,1.0,1.0,1.0,1.0,1.0,1.0,1.0,1.0,1.0,1.0,1.0,1.0,1.0,1.0,1.0,1.0,1.0,1.0,1.0,1.0,1.0,1.0,1.0,1.0,1.0,1.0,1.0,1.0,1.0,1.0,1.0,1.0,1.0,1.0,1.0,1.0,1.0,1.0,1.0,1.0,1.0,1.0,1.0,1.0,1.0,1.0,1.0,1.0,1.0,1.0,1.0,1.0,1.0,1.0,1.0,1.0,1.0,1.0,1.0,1.0,1.0,1.0,1.0,1.0,1.0,1.0,1.0,1.0,1.0,1.0,1.0,1.0,1.0,1.0,1.0,1.0,1.0,1.0,1.0,1.0,1.0,1.0,1.0,1.0,1.0,1.0,1.0,1.0,1.0,1.0,1.0,1.0,1.0,1.0,1.0,1.0,1.0,1.0,1.0,1.0,1.0,1.0,1.0,1.0,1.0,1.0,1.0,1.0,1.0,1.0,1.0,1.0,1.0,1.0,1.0,1.0,1.0,1.0,1.0,1.0,1.0,1.0,1.0,1.0,1.0,1.0,1.0,1.0,1.0,1.0,1.0,1.0,1.0,1.0,1.0,1.0,1.0,1.0,1.0,0.9745160498635784,1.087273452758066,0.8635759260691003,1.0058711614101865,1.365237021502964,1.2755483788207158,1.1850017176119079,0.8457185515118428,1.667913393860325,1.1754876292109442,1.2498166165578897,4.063108795192223,1.6182074758968974,1.05985715216255,1.4174770750520023,1.8689659964058127,0.8732407275068035,0.8546894382623034,1.1591921949193007,1.1400988978266327,1.045070929493993,0.877323489580772,1.0201179240777585,0.8342644008988027,1.0405521158164954,1.1553073158479186,0.907615272964928,0.8991271619110593,1.1395208307405165,0.738444456055315,1.0384744292469437,1.104376460723714,0.9236875128273668,0.9566885736731718,0.9210691680102792,0.9340981397282105,0.9183615209133023,1.1173864582559485,1.220917509353546,0.992552319283305,1.2830061798559804,1.7449588768264868,1.2438778721736496,1.0446014088949473,0.8244194491204737,1.3024353187714226,1.0551574860171247,0.9432075836542217,0.9593867139382536,1.1557465352540977,1.0262608260009487,1.3286225162224214,1.2982970595113228,1.0246800367508944,1.48614565095277,1.1829191306569045,0.8907051097131449,1.0947022502680817,2.0515002865605836,1.7106829096483542,1.0276126363230442,0.8815468064668344,0.8760431899365266,0.9561273337019988,0.9453076687480075,0.9375239793151745,0.8248667535451398,0.8015146533095531,1.0033185228886223,1.2119956769279372,0.9085285982348796,0.8465249238429822,0.862699393325471,0.9442008153285163,1.141927012526182,1.5446731219280228,1.017640938478431,1.23151149385878,0.8282217212521751,0.9961620631506698,1.3537307683864355,0.8597710603541815,1.1801584196741013,1.1303396856978782,0.951969320085956,1.6313942512624298,0.9352504328547366,1.375114951012573,1.225017944505857,1.1643120531326727,1.249442479871036,0.7723613338013416,1.0629625480570764,0.8424038671634384,1.0596844285904972,1.0954932832650892,1.1661539311574576,0.8799911403848357,1.0312574809738493,1.4503360891658408,0.9801233697112659,0.8503688411038577,0.9747613248850004,0.8621282581165298,1.201700533785842,1.0198595626637772,1.2791965840464727,1.3743772433007124,2.166039089561336,1.2118736268635684,0.906694034268586,0.8080285503976465,0.9213425955469015,1.1564409824495328,1.2336889966784559,0.9303344343876139,0.820864103585841,1.050692506211691,0.9275132772180248,1.0725385772251417,0.8973852197120359,1.0000152614194873,0.7079666344780955,1.0069470739728892,1.2109830616549133,1.2168351351435462,0.9730975719009791,1.1077179402269886,1.0803300955864978,1.0237004222112613,1.0105474135891246,1.081076731024297,0.9188345505939246,0.864491985249487,0.8914887102801253,1.1124620781775048,1.162967479754045,0.9464700245763329,1.251851879302257,1.173087974499181,1.113172231331574,0.9113933781672668,0.791351314990451,1.2824986107129857,1.1359044667195035,1.0085833235094381,1.0457820041156385,1.029512016335273,0.7288021680008019,1.133798159030165,1.1659495001347797,1.0256842559077355,0.9577035292314184,0.8435450467633039,1.0323458894029809,1.0348775000255848,1.0269111807510583,0.850592736562358,1.084662841371015,0.9717115205650901,1.0768137943488263,1.1341096956290664,1.0093159045865463,0.9594219188444724,1.078961545202671,1.1030130126551259,1.389848846382735,1.0286876879419955,2.725949975474326,0.6759214621973987,0.9073849677055619,2.1372440528581267,1.1736066230802287,2.093221356252851,1.1058810000289756,0.9823227575606837,1.2580736645748019,0.9061118225623954,1.1210064697430413,1.3733815639341231,1.7074348733987308,1.1884296278465716,1.2751771270321224,1.1371710406366446,1.4985117687970022,0.9912637934919111,0.8386726118064829,1.1757114006748122,0.6870210780622266,1.1409713697433461,0.8523436215250155,0.9202699711989779,1.6395937846634039,1.0697037806738237,2.4184242369228386,0.908786536691931,1.3225042131420617,0.8229632725860321,0.9389406729895906,0.8924162513868468,1.1616669017840107,1.4005451737948764,0.9768986165109939,1.005306571875094,1.011280088323305,0.9090071000019957,1.1270317041130695,2.4109297828198644,1.4451761605442233,1.7904252520569877,1.8521301041698708,0.6798593438245295,1.6824559273383917,1.4544059780077272,1.2959676397033923,1.113827355548219,1.3104145769325743,1.3096057692635803,1.3323049382751027,1.1699411145370693,1.89006058710237,1.1738729229420768,1.611978403954981,1.2803984853708887,1.3390693422027193,1.7104853734672802,2.4757693070138895,1.2206303552493263,1.3564071480780489,2.1894131827178245,1.5665511541867139,1.0418244181878438,1.0726155580264458
1.0,1.0,1.0,1.0,1.0,1.0,1.0,1.0,1.0,1.0,1.0,1.0,1.0,1.0,1.0,1.0,1.0,1.0,1.0,1.0,1.0,1.0,1.0,1.0,1.0,1.0,1.0,1.0,1.0,1.0,1.0,1.0,1.0,1.0,1.0,1.0,1.0,1.0,1.0,1.0,1.0,1.0,1.0,1.0,1.0,1.0,1.0,1.0,1.0,1.0,1.0,1.0,1.0,1.0,1.0,1.0,1.0,1.0,1.0,1.0,1.0,1.0,1.0,1.0,1.0,1.0,1.0,1.0,1.0,1.0,1.0,1.0,1.0,1.0,1.0,1.0,1.0,1.0,1.0,1.0,1.0,1.0,1.0,1.0,1.0,1.0,1.0,1.0,1.0,1.0,1.0,1.0,1.0,1.0,1.0,1.0,1.0,1.0,1.0,1.0,1.0,1.0,1.0,1.0,1.0,1.0,1.0,1.0,1.0,1.0,1.0,1.0,1.0,1.0,1.0,1.0,1.0,1.0,1.0,1.0,1.0,1.0,1.0,1.0,1.0,1.0,1.0,1.0,1.0,1.0,1.0,1.0,1.0,1.0,1.0,1.0,1.0,1.0,1.0,1.0,1.0,1.0,1.0,1.0,1.0,1.0,1.0,1.0,1.0,1.0,1.0,1.0,1.0,1.0,1.0,1.0,1.0,1.0,1.0,1.0,1.0,1.0,1.0,1.0,1.0,1.0,1.0,1.0,1.0,1.0,1.0,1.0,1.0,1.0,1.0,1.0,1.0,1.0,1.0,1.0,1.0,1.0,1.0,1.0,1.0,1.0,1.0,1.0,1.0,1.0,1.0,1.0,1.0,1.0,1.0,1.0,1.0,1.0,1.0,1.0,1.0,1.0,1.0,1.0,1.0,1.0,1.0,1.0,1.0,1.0,1.0,1.0,1.0,1.0,1.0,1.0,1.0,1.0,1.0,1.0,1.115581121275123,0.8848502922204844,1.0316697694445283,1.4009591874910778,1.3091634997585255,1.2151795167636439,0.8676862750053829,1.7103977435840005,1.2077157642518497,1.2833408553443233,4.138200632459916,1.6565601631572748,1.085827295726632,1.4480721622029304,1.9201917359973542,0.8950383201065746,0.8762080251328624,1.1892328789728608,1.1688982794586984,1.0716370997797964,0.9001413712905328,1.046671789732088,0.8553544935069644,1.0669728659842237,1.1850739810355058,0.9295989347256084,0.9213751805956389,1.1692898671754133,0.7561102811375344,1.0648412446757765,1.133571709996645,0.9462605173461498,0.9799331585563196,0.9437135224068891,0.9572727210226721,0.9425874794165365,1.146415149211073,1.2532077399770194,1.0168379861859345,1.3163231958517494,1.7923619670821327,1.276165127485037,1.071167621698168,0.844920108306194,1.3360375728234577,1.082275663961744,0.9654058221596863,0.9832474656891352,1.1885517976677376,1.0524027637940963,1.3627211155010677,1.3321082285437278,1.052328527813936,1.5244182393880275,1.210962959011166,0.9130931807123148,1.1232697803408231,2.106902957411137,1.756111201711334,1.0544545528099563,0.9043060783207955,0.8985170168540213,0.9805333150936113,0.9679326606329288,0.9608826661298483,0.8455240974736936,0.8217327611071852,1.029979543969035,1.244135250356658,0.9318209705636676,0.8677180997097552,0.8839097178076649,0.9672809022252713,1.1716600499584693,1.585463204159403,1.0445476038291492,1.264030335650798,0.8490088270056231,1.0216628875839506,1.3868915722912494,0.8800282714364479,1.2111479609787283,1.15909362322392,0.9753370408547852,1.6767860014157954,0.9588331399519248,1.4101764801541694,1.2567736547271107,1.194455532944051,1.2829812539475056,0.7914539341660929,1.0898311025147613,0.8631705600080277,1.0850459217926733,1.1237741529201946,1.1959110320941657,0.9021459907921084,1.0582044711763867,1.4889729605913709,1.0044888158713703,0.8700673289908436,0.997742370715475,0.884011182186115,1.2325167517467672,1.0465223538040438,1.3120575664330136,1.4098288906992043,2.2202957694863907,1.2409045163541879,0.9292654460258,0.8278437600036619,0.9444104819953634,1.1868449926561178,1.266182072206764,0.9538939482954205,0.8415400678060356,1.0779872753786366,0.9506126940588523,1.1003333616447413,0.9205471134899939,1.0256463261228315,0.725341370437153,1.034509206643948,1.2396710930547328,1.2482774193119814,0.9970704243521237,1.135349688820248,1.1087407010504324,1.048805130181165,1.0364240237515547,1.1076893554166762,0.942242626341691,0.8858691546026292,0.9137562597078557,1.141860222723139,1.1892452131720543,0.9700937925613248,1.2846862998084987,1.2056838616948717,1.1418085723586033,0.9337328806991411,0.8110938943451456,1.3148586909092406,1.1640743407074543,1.0343161939520622,1.070997304169795,1.0546043227110267,0.7467408281293704,1.1625100779478523,1.1947554879199644,1.050942041549137,0.9805646243194781,0.8634027384066922,1.0583099805840126,1.0604888324869495,1.0525206891201382,0.8730674906802518,1.1110283714049316,0.9952409491528074,1.1032776756429317,1.1595509386589375,1.0323181775147185,0.9809229975368214,1.1055147279795805,1.13027636005404,1.426935561614816,1.0530719792318606,2.7975296610527733,0.6926570284523634,0.9299310048043473,2.1946814981774976,1.2043315898488132,2.1497915522641255,1.133725830039551,1.0059343810382635,1.2902593461245364,0.9289944877996429,1.148586902359805,1.4096459047145977,1.75330734634754,1.2193296977447197,1.30602278764925,1.1645546675243161,1.5347344923190462,1.0167153429329634,0.860377703782138,1.2033304283836672,0.7033582159023897,1.1690438371813725,0.8726387379668282,0.9431671231051705,1.6813118011475199,1.0958616587326335,2.481147518630766,0.9316701081501986,1.3555040931750644,0.8433702816081929,0.9609693015704462,0.9148429941879284,1.191358735945233,1.4364831328667167,1.0019754198940853,1.0311104555696908,1.0375434210955934,0.9315404967390453,1.1564564899462066,2.469727383126687,1.4816110116055812,1.8409661880560764,1.896739594052712,0.6965989566613078,1.7267885609857785,1.4930779148934028,1.3294051810853205,1.1431763882535964,1.3442989633544875,1.3422962070547169,1.365707447532883,1.2000510928861328,1.937633518815844,1.201815450396161,1.6531801302140248,1.3152961612775427,1.3734279634228848,1.752750816201843,2.5286712863832035,1.250699393404406,1.3906999886895717,2.245978413149757,1.6076205703482072,1.0684201713166368,1.0989887911455012
1.0,1.0,1.0,1.0,1.0,1.0,1.0,1.0,1.0,1.0,1.0,1.0,1.0,1.0,1.0,1.0,1.0,1.0,1.0,1.0,1.0,1.0,1.0,1.0,1.0,1.0,1.0,1.0,1.0,1.0,1.0,1.0,1.0,1.0,1.0,1.0,1.0,1.0,1.0,1.0,1.0,1.0,1.0,1.0,1.0,1.0,1.0,1.0,1.0,1.0,1.0,1.0,1.0,1.0,1.0,1.0,1.0,1.0,1.0,1.0,1.0,1.0,1.0,1.0,1.0,1.0,1.0,1.0,1.0,1.0,1.0,1.0,1.0,1.0,1.0,1.0,1.0,1.0,1.0,1.0,1.0,1.0,1.0,1.0,1.0,1.0,1.0,1.0,1.0,1.0,1.0,1.0,1.0,1.0,1.0,1.0,1.0,1.0,1.0,1.0,1.0,1.0,1.0,1.0,1.0,1.0,1.0,1.0,1.0,1.0,1.0,1.0,1.0,1.0,1.0,1.0,1.0,1.0,1.0,1.0,1.0,1.0,1.0,1.0,1.0,1.0,1.0,1.0,1.0,1.0,1.0,1.0,1.0,1.0,1.0,1.0,1.0,1.0,1.0,1.0,1.0,1.0,1.0,1.0,1.0,1.0,1.0,1.0,1.0,1.0,1.0,1.0,1.0,1.0,1.0,1.0,1.0,1.0,1.0,1.0,1.0,1.0,1.0,1.0,1.0,1.0,1.0,1.0,1.0,1.0,1.0,1.0,1.0,1.0,1.0,1.0,1.0,1.0,1.0,1.0,1.0,1.0,1.0,1.0,1.0,1.0,1.0,1.0,1.0,1.0,1.0,1.0,1.0,1.0,1.0,1.0,1.0,1.0,1.0,1.0,1.0,1.0,1.0,1.0,1.0,1.0,1.0,1.0,1.0,1.0,1.0,1.0,1.0,1.0,1.0,1.0,1.0,1.0,1.0,1.0,1.0,0.7928834191572021,0.9239124189259286,1.2543212003480506,1.172712917027293,1.0887322340359473,0.7768692931082867,1.532363312347884,1.081961636605232,1.1497270909442923,3.7048856969220085,1.4843873407360837,0.9720822190522648,1.2974995272760375,1.719769875511982,0.8018398658818668,0.7847575259055327,1.0645615977495704,1.046955108564428,0.9596371914142756,0.8061777039460565,0.9370187551529614,0.7662466504239147,0.9556090701292757,1.0615733878932851,0.8325531417381472,0.8251418446442371,1.0468590709047327,0.6769242168391965,0.9532365505683473,1.0150922190767016,0.8470102899196189,0.877456640938751,0.8449971813971935,0.8573830677748042,0.8443795783716658,1.0269917712600654,1.1222064182379523,0.91056274515719,1.1783321480489395,1.604605735357508,1.1430788694567275,0.9595875977469415,0.7566513279061715,1.196252011414653,0.9697021944661898,0.865922964023194,0.8805694145490346,1.0637807485977988,0.9428613658266973,1.2213467163156928,1.1928196933657944,0.9430029845766426,1.3650053752397793,1.0843678406898372,0.8178831709681005,1.0060563433234613,1.8862829578400588,1.5736303752301586,0.9445447750160523,0.8097025013756033,0.8044525942715397,0.8776510626385348,0.866627865726932,0.8605577552570705,0.7572585277770181,0.7361578764606749,0.9229886633668578,1.1143345699644298,0.8345774971644173,0.7770101557132347,0.791987692204484,0.8663011244968206,1.049771138862707,1.4205981233128697,0.9344160971177778,1.132336612920221,0.760147050614144,0.9156473488079375,1.2416431883748638,0.7876907912201797,1.0841359978959395,1.0382877157146029,0.8730956829000739,1.5020002225489881,0.8583491390518139,1.2617630314287447,1.125992096516406,1.0699114377688264,1.149022255797484,0.7087614679749263,0.9762382425153486,0.7732484530775614,0.9719686655330118,1.006550040412492,1.0715096561536224,0.8078847286816393,0.9462897760475553,1.3336034892730122,0.9001434685684208,0.7792729254469565,0.8934179082335226,0.7912981145243716,1.1036919579474973,0.9375072860550968,1.1760630870836253,1.2621268414812008,1.9892518372865917,1.1106746111931804,0.8321365288069755,0.7417976750095006,0.8459332314303043,1.0633572043193258,1.133896447496654,0.8544150962651,0.753689947014013,0.9655806220610694,0.8513044366184608,0.9851430157488041,0.8249489910857467,0.9185123913048672,0.6489003629733954,0.9261697472542705,1.1099328315719936,1.117789726428469,0.8935939543124788,1.0165163481606176,0.9934970430445498,0.9393530604675137,0.9284529725265374,0.9920916639445099,0.8439901806076381,0.7936772178336264,0.8190590596459371,1.0226301223755536,1.0642182298290266,0.8689688183320189,1.150650019965095,1.0811967603380093,1.0230806199586129,0.8363986903887624,0.7265376635994855,1.177164291476585,1.0422205329255698,0.9267155992521268,0.9587536226927728,0.9443930595464368,0.6684447675411889,1.040948285925193,1.067215007387691,0.941211757653275,0.8781216934595995,0.7726797137294892,0.9476951457625029,0.9495642374031394,0.9424318425180634,0.7817830588542116,0.9958857756901227,0.8914906872080723,0.9874321781551114,1.0378186914345606,0.9245159764317878,0.8780698989068823,0.9902333764205177,1.0121147810322029,1.2782976958499779,0.9433863578016142,2.4977869192357,0.6202782669922849,0.8324857928465393,1.9674623872737356,1.0779345536417013,1.9264282541130922,1.0160536540103309,0.9013120898054737,1.155298050040121,0.8320821164995211,1.0289617449181867,1.2617698004398994,1.573457144484435,1.0924393744333596,1.170267520819485,1.0433001450569734,1.3741530766667274,0.9108888814808268,0.7705152813438192,1.076859976041019,0.6294428552985796,1.047080532130724,0.7813719865982611,0.84448813599539,1.5047568280610624,0.9804812899976023,2.2212300724155174,0.8347547703388272,1.2130609925537763,0.7551758728889637,0.8594964942852785,0.8194572201488084,1.0670196212510068,1.2864256849403053,0.8976923444426985,0.9235610548710261,0.9300790178128135,0.8343919754185822,1.0357737824346875,2.2149291825643473,1.3277302023324302,1.6518344024827365,1.695627893610395,0.6237568206773427,1.5446784960829372,1.3366017397323469,1.1908861875959726,1.0236515061787153,1.2039929636954452,1.2022938361611302,1.223295385188211,1.0748100890827557,1.7342889274509545,1.0761443360779093,1.4757473831100096,1.1788775950461003,1.2302831842421684,1.5705637988269636,2.2657638913739815,1.1206003090242573,1.245766952292828,2.0132606776090833,1.4404374705232434,0.956522242222172,0.9841584861817605
1.0,1.0,1.0,1.0,1.0,1.0,1.0,1.0,1.0,1.0,1.0,1.0,1.0,1.0,1.0,1.0,1.0,1.0,1.0,1.0,1.0,1.0,1.0,1.0,1.0,1.0,1.0,1.0,1.0,1.0,1.0,1.0,1.0,1.0,1.0,1.0,1.0,1.0,1.0,1.0,1.0,1.0,1.0,1.0,1.0,1.0,1.0,1.0,1.0,1.0,1.0,1.0,1.0,1.0,1.0,1.0,1.0,1.0,1.0,1.0,1.0,1.0,1.0,1.0,1.0,1.0,1.0,1.0,1.0,1.0,1.0,1.0,1.0,1.0,1.0,1.0,1.0,1.0,1.0,1.0,1.0,1.0,1.0,1.0,1.0,1.0,1.0,1.0,1.0,1.0,1.0,1.0,1.0,1.0,1.0,1.0,1.0,1.0,1.0,1.0,1.0,1.0,1.0,1.0,1.0,1.0,1.0,1.0,1.0,1.0,1.0,1.0,1.0,1.0,1.0,1.0,1.0,1.0,1.0,1.0,1.0,1.0,1.0,1.0,1.0,1.0,1.0,1.0,1.0,1.0,1.0,1.0,1.0,1.0,1.0,1.0,1.0,1.0,1.0,1.0,1.0,1.0,1.0,1.0,1.0,1.0,1.0,1.0,1.0,1.0,1.0,1.0,1.0,1.0,1.0,1.0,1.0,1.0,1.0,1.0,1.0,1.0,1.0,1.0,1.0,1.0,1.0,1.0,1.0,1.0,1.0,1.0,1.0,1.0,1.0,1.0,1.0,1.0,1.0,1.0,1.0,1.0,1.0,1.0,1.0,1.0,1.0,1.0,1.0,1.0,1.0,1.0,1.0,1.0,1.0,1.0,1.0,1.0,1.0,1.0,1.0,1.0,1.0,1.0,1.0,1.0,1.0,1.0,1.0,1.0,1.0,1.0,1.0,1.0,1.0,1.0,1.0,1.0,1.0,1.0,1.0,1.0,1.1640754159730764,1.5782880684762908,1.4725984478228609,1.3698347463543477,0.9778052085826977,1.92939066244691,1.3582198565331636,1.4443572051942921,4.759532470114226,1.8679147917653705,1.2256894615467566,1.6443378618565991,2.161951622676611,1.0095627711624102,0.9872728371370443,1.3388362776472142,1.3170533721056688,1.2084029866862256,1.01417931984777,1.1793135895970286,0.9642298038841735,1.2038509760045455,1.3361361347592373,1.049922864318686,1.03995586285361,1.3182871296816931,0.8548321327512992,1.2013870499065225,1.2765454582502067,1.0678345783162615,1.1073281946900915,1.0645290244301917,1.0803758865055122,1.060866434745723,1.291360251922872,1.411280992150778,1.1477707719058983,1.4817494861530855,2.0183366485800467,1.4385193727349437,1.2067587877435146,0.9535840809230444,1.5064134468248187,1.2200475699048585,1.0922834764330511,1.1091522882372309,1.3344090803961661,1.186964980246763,1.5359131802883437,1.5015614864494424,1.1835245114593507,1.716937432719745,1.3696392589246291,1.0291709012385288,1.2663047977429365,2.378084154644835,1.978439514140969,1.187200202524705,1.0185416821841402,1.0136108610224146,1.1045158626959979,1.0937505326598633,1.0837076120462499,0.954345409870673,0.9264200856989862,1.1593460370945832,1.4021609527649448,1.0499013003920847,0.9794181201150647,0.9977187469437774,1.0910794379093507,1.31906101076146,1.7836575949700288,1.175244189970928,1.4244509677456474,0.9566047458400597,1.1510756240959523,1.5705075886137299,0.9941062281505191,1.3637696339273773,1.3054832626641883,1.1008351477099514,1.8821935227985067,1.0804104412311173,1.5858622293299454,1.415976921470129,1.3459061926332228,1.4474582999437422,0.8933160634353703,1.2282915545342334,0.973635472385413,1.2269099860977803,1.2664352253241433,1.3485361269639768,1.0171025117183035,1.1898342373329236,1.6770478953762074,1.1328350751102487,0.9843837024714497,1.1298257423242128,0.9963343612585588,1.3885558432677825,1.1793722784797853,1.4796611320484587,1.5873908232656673,2.5061596848445955,1.4014694251871358,1.048227856162061,0.935806695866962,1.0652543672357413,1.3355635032342215,1.4259083834597854,1.0757028586375195,0.9495701779017547,1.213432110688112,1.074014151889988,1.2399714986769412,1.0368247788237104,1.1576041150007954,0.8181462003018282,1.1604975759382548,1.4003358981217384,1.404878129429115,1.1264057297841972,1.2800345486551596,1.250200714099508,1.1833008074506455,1.1678722301326037,1.248164112529588,1.0620631818643662,0.9989190781423174,1.028327544321568,1.2830430344702057,1.347096344243858,1.0946789452174222,1.447753755088251,1.3548457110035597,1.287032325953784,1.0552907191592182,0.916018755729487,1.4822533943722498,1.316388875845623,1.1667346820041513,1.2114383665346744,1.1914628542790702,0.8426415171088597,1.3104767246195534,1.3552729039546438,1.1882856280284089,1.1096686335116948,0.9753975045667805,1.1946137320353807,1.1979441756147673,1.1870513176272484,0.983581619388314,1.2559287254433853,1.1261203779013842,1.2472966440830344,1.315158704449058,1.1699948900137742,1.1123106981062523,1.2487780971318463,1.2772254450129703,1.6053696129474349,1.1906508734642136,3.1425564702502258,0.7820264423583088,1.05169105975016,2.474980678352819,1.3549693680171875,2.4169581667004585,1.279177731129256,1.1371833286024946,1.4551799981319524,1.0474670676513576,1.2960584902260344,1.591401724962237,1.9901249215276124,1.376124371410368,1.4732423768677834,1.3161685560281544,1.7416257677580917,1.1462910428902733,0.9709414605347886,1.3600305080201598,0.7959846295108327,1.3252191414569832,0.9886201057529489,1.0655555710941806,1.8997172892059595,1.237679000277781,2.8038649428522247,1.0500763927389478,1.5281376108591616,0.9510077866601846,1.0856319764216966,1.031285578783236,1.342747072463021,1.6195151571659487,1.129901757246992,1.1623695169259518,1.1696570228659693,1.0540691435883474,1.3023551536258464,2.791149534127043,1.671280883860491,2.064002983831404,2.134843523151401,0.7871706496670833,1.950416674810726,1.6823056310161173,1.4986785473514785,1.2855214190465647,1.5146969939594266,1.5131181657187445,1.5394658927527358,1.350468059497779,2.1884015057756554,1.3598587163434133,1.8612176823471374,1.4800354899425814,1.5487734630273016,1.9785028956632256,2.8853839627925586,1.4163939154026461,1.5681400846985394,2.5294815451570103,1.81106073141745,1.2072255720909495,1.2399788648106382
1.0,1.0,1.0,1.0,1.0,1.0,1.0,1.0,1.0,1.0,1.0,1.0,1.0,1.0,1.0,1.0,1.0,1.0,1.0,1.0,1.0,1.0,1.0,1.0,1.0,1.0,1.0,1.0,1.0,1.0,1.0,1.0,1.0,1.0,1.0,1.0,1.0,1.0,1.0,1.0,1.0,1.0,1.0,1.0,1.0,1.0,1.0,1.0,1.0,1.0,1.0,1.0,1.0,1.0,1.0,1.0,1.0,1.0,1.0,1.0,1.0,1.0,1.0,1.0,1.0,1.0,1.0,1.0,1.0,1.0,1.0,1.0,1.0,1.0,1.0,1.0,1.0,1.0,1.0,1.0,1.0,1.0,1.0,1.0,1.0,1.0,1.0,1.0,1.0,1.0,1.0,1.0,1.0,1.0,1.0,1.0,1.0,1.0,1.0,1.0,1.0,1.0,1.0,1.0,1.0,1.0,1.0,1.0,1.0,1.0,1.0,1.0,1.0,1.0,1.0,1.0,1.0,1.0,1.0,1.0,1.0,1.0,1.0,1.0,1.0,1.0,1.0,1.0,1.0,1.0,1.0,1.0,1.0,1.0,1.0,1.0,1.0,1.0,1.0,1.0,1.0,1.0,1.0,1.0,1.0,1.0,1.0,1.0,1.0,1.0,1.0,1.0,1.0,1.0,1.0,1.0,1.0,1.0,1.0,1.0,1.0,1.0,1.0,1.0,1.0,1.0,1.0,1.0,1.0,1.0,1.0,1.0,1.0,1.0,1.0,1.0,1.0,1.0,1.0,1.0,1.0,1.0,1.0,1.0,1.0,1.0,1.0,1.0,1.0,1.0,1.0,1.0,1.0,1.0,1.0,1.0,1.0,1.0,1.0,1.0,1.0,1.0,1.0,1.0,1.0,1.0,1.0,1.0,1.0,1.0,1.0,1.0,1.0,1.0,1.0,1.0,1.0,1.0,1.0,1.0,1.0,1.0,1.0,1.3539915016477049,1.2627237966326907,1.174334368782243,0.8390973016981815,1.6533093033010149,1.165929866609035,1.2390391437380304,4.064217315230467,1.5972173178992595,1.050713943593995,1.406575447855746,1.8561240867574744,0.865440898810256,0.8463474945399392,1.1485992835771563,1.1294778201135958,1.0357603621369866,0.8697977169911892,1.012310029961009,0.8265741797124835,1.0332355088896172,1.1457863417127412,0.9005427207855405,0.8914063430315627,1.1310132586817783,0.7329071051612739,1.0300060534142494,1.0957642531238365,0.9156676997948032,0.9492503193924129,0.9128452631822522,0.9264381463669885,0.9093890365556734,1.1075236502202,1.2106411507782855,0.9838989577514335,1.271619386521793,1.7334185075098567,1.2340700433479346,1.034394098469483,0.8176016618109375,1.2931556744345682,1.0457599594199516,0.9348328410726067,0.9509758307598777,1.1475742684180008,1.0171951961297712,1.3158986005262967,1.2886570517943694,1.0152290163912163,1.4732321008650806,1.1740801289964136,0.8822856786364893,1.086094340031469,2.0427995401230405,1.6973635067136503,1.0180194501428632,0.8736324965655785,0.8700219911361824,0.9474561732701392,0.9378789418497893,0.9289919836444118,0.8182806055656692,0.7945298219643617,0.9944574621398868,1.2034083877775321,0.899944557790393,0.8398053880970882,0.8549544493762202,0.934489223295925,1.1310259122258293,1.5289451453578644,1.0096368630374037,1.221153613211336,0.8206097383383905,0.9867697326663842,1.3480651672583144,0.8520000176527697,1.1707527689164454,1.119142221864929,0.9441581978165752,1.6150922201119928,0.9267464299736107,1.3608738827098472,1.2138572661309173,1.1545702637005009,1.2436076102624134,0.7658852483645153,1.0530797302729833,0.8341532813457083,1.0514477820870143,1.0862916509198675,1.1560886525017993,0.8722552812948694,1.0209738291466333,1.4384046509076605,0.9707351348811067,0.8434930155905451,0.9690344649193674,0.8545909109220289,1.1910108449580115,1.0115854642868851,1.268039259844124,1.3619448063811157,2.148776973441257,1.2016687401556634,0.8987550658082026,0.8018182532490272,0.9133678609414306,1.1451074409303903,1.2233897828519076,0.9227586594854303,0.8141179371665321,1.0397223218736538,0.9213577829027133,1.0646384148266739,0.8889217864155488,0.9929535832857312,0.7020314436591208,0.9948130662402527,1.1997102659899408,1.2056093096211618,0.9642568863024112,1.0977679099694182,1.0743181114911544,1.0142523490887376,1.0009761592235003,1.0697087693142373,0.9105576734381058,0.855275468735718,0.8802252945840707,1.100390478702822,1.1538206329535756,0.9385188585697376,1.2418901478451145,1.1613238529558325,1.103458986828601,0.9046835497494368,0.7853435824993708,1.2708470557466849,1.1288004520083827,1.0005736711586124,1.0387538375603733,1.0207362394338766,0.722435081644535,1.1239298640149396,1.1664189712287076,1.0194519814575815,0.9503888243771295,0.8356075313153861,1.0247065865773832,1.0273506855018957,1.0181989460760645,0.8441203512187267,1.0746838703643717,0.9659181068666898,1.0703668334060858,1.127213789243792,1.0027148963870598,0.9531407280598425,1.0702197284961001,1.09506384913034,1.3774308575561722,1.0196845123627816,2.696597469246394,0.6703140637765719,0.9019449249002194,2.1246762814187354,1.1626336514216382,2.073118458025809,1.0962970719980827,0.9741079325958413,1.2481865439937256,0.8978294278933427,1.1103769248232624,1.3671688796858574,1.7086239078173593,1.1805389066490544,1.2604800050177585,1.1265895230180245,1.4953708958371217,0.9828866619588135,0.8335725492725556,1.1652422307483536,0.682862090088856,1.1363666651369586,0.8478031946880988,0.9143279779262117,1.6312622142440747,1.0612417744081113,2.407996845223458,0.8999210566357476,1.3097008189208226,0.8153787971879962,0.9307238481675377,0.8837437307308105,1.1512905019699922,1.388746603324934,0.9697908252410714,0.9970134308120238,1.003140471113334,0.9042873423333252,1.117750944312836,2.3859243825392014,1.4315457481139,1.7686966102444095,1.8249819453708849,0.6750214305267904,1.67691182873251,1.4437615321869695,1.2857472893091721,1.102342918170697,1.2986181501291707,1.2966885066699891,1.31969922799128,1.1575430806531484,1.8778426138691706,1.16562630319331,1.6002269921270247,1.2693302231164862,1.3280753079365017,1.6953690027843344,2.4669091403658117,1.215895268700017,1.3440159966526761,2.170949965909354,1.554062766262955,1.0368333230297804,1.0627631458790965
1.0,1.0,1.0,1.0,1.0,1.0,1.0,1.0,1.0,1.0,1.0,1.0,1.0,1.0,1.0,1.0,1.0,1.0,1.0,1.0,1.0,1.0,1.0,1.0,1.0,1.0,1.0,1.0,1.0,1.0,1.0,1.0,1.0,1.0,1.0,1.0,1.0,1.0,1.0,1.0,1.0,1.0,1.0,1.0,1.0,1.0,1.0,1.0,1.0,1.0,1.0,1.0,1.0,1.0,1.0,1.0,1.0,1.0,1.0,1.0,1.0,1.0,1.0,1.0,1.0,1.0,1.0,1.0,1.0,1.0,1.0,1.0,1.0,1.0,1.0,1.0,1.0,1.0,1.0,1.0,1.0,1.0,1.0,1.0,1.0,1.0,1.0,1.0,1.0,1.0,1.0,1.0,1.0,1.0,1.0,1.0,1.0,1.0,1.0,1.0,1.0,1.0,1.0,1.0,1.0,1.0,1.0,1.0,1.0,1.0,1.0,1.0,1.0,1.0,1.0,1.0,1.0,1.0,1.0,1.0,1.0,1.0,1.0,1.0,1.0,1.0,1.0,1.0,1.0,1.0,1.0,1.0,1.0,1.0,1.0,1.0,1.0,1.0,1.0,1.0,1.0,1.0,1.0,1.0,1.0,1.0,1.0,1.0,1.0,1.0,1.0,1.0,1.0,1.0,1.0,1.0,1.0,1.0,1.0,1.0,1.0,1.0,1.0,1.0,1.0,1.0,1.0,1.0,1.0,1.0,1.0,1.0,1.0,1.0,1.0,1.0,1.0,1.0,1.0,1.0,1.0,1.0,1.0,1.0,1.0,1.0,1.0,1.0,1.0,1.0,1.0,1.0,1.0,1.0,1.0,1.0,1.0,1.0,1.0,1.0,1.0,1.0,1.0,1.0,1.0,1.0,1.0,1.0,1.0,1.0,1.0,1.0,1.0,1.0,1.0,1.0,1.0,1.0,1.0,1.0,1.0,1.0,1.0,1.0,0.9353533883229794,0.8675037091550993,0.6192180638223151,1.2206401017670911,0.8624972638397208,0.9163321495569328,2.928079808478454,1.1840804556593947,0.7746454692762366,1.0312493417735416,1.370158988159617,0.6387989144771326,0.6257747903594373,0.8492144214956276,0.8345585707891018,0.7647683236431194,0.6425114610111027,0.7469902234316743,0.6106125454293043,0.7611250535295518,0.8456374779127576,0.663134297795146,0.6573881872982611,0.8341078465267915,0.5390645899080513,0.7595713719858479,0.8091347639744622,0.6751670758571697,0.6987909108035574,0.6735267420768905,0.6829873507398067,0.6731936814319994,0.8185328676779624,0.8945977322753846,0.7255448087677725,0.9398636511723459,1.2791377364855023,0.9106846284260942,0.7648893301170748,0.6027746197583237,0.9531595897706653,0.7725210042250497,0.6886595811927443,0.7016585476864714,0.8489558830214412,0.7510213453637502,0.9730360755040838,0.9505002896304411,0.7518401934907091,1.0882576666056147,0.8633088050821014,0.6518838097934027,0.8015000734118936,1.5006552806600224,1.2533121923281731,0.7531014313121687,0.6456251183532586,0.6408299500572985,0.7000330462772734,0.6903158721610387,0.6858120288853642,0.6031569124862101,0.5865985290808347,0.7355161608848082,0.8877091155280822,0.6652437852609732,0.6188355734185381,0.630817801257286,0.6905935934619818,0.8368368367675107,1.1325258161884078,0.7457096265318812,0.9021356914652323,0.6061172004876447,0.7296549782193695,0.987258571110409,0.6278558049465632,0.8645435509944845,0.8278200587622009,0.6958118968871937,1.198539180733136,0.6844629146249078,1.007615329875284,0.897283856672058,0.852577842584429,0.914521529200033,0.5646526433798487,0.77804924989553,0.6161707378065722,0.7736096309886578,0.8021726726614464,0.8535395463579549,0.6439389210029205,0.7559797388987601,1.0627235205531411,0.7171357392002295,0.6203728538778506,0.710672205658114,0.6308981285411484,0.8798722735281177,0.7468731923176217,0.9364200989531712,1.006602933731558,1.5839389261511845,0.8851051861311987,0.6631261075518022,0.5903224034510647,0.6740213312665273,0.8478496881749491,0.9038665429019701,0.6807427685610815,0.6003987433245606,0.7700288305895435,0.6777331438239609,0.7851762674877515,0.6574423283520368,0.7314303114332227,0.517498353973495,0.7398911112873238,0.8842814303631743,0.8915560479161374,0.7113409128342134,0.8103989393773339,0.7908318238712893,0.7485810009496381,0.740003910405516,0.7911210673627544,0.6725978091934961,0.6326110470859072,0.6533953563062258,0.8162292615416167,0.8473985994934305,0.6921509882573111,0.916716228761377,0.8615843571448661,0.815028503841716,0.6658052931200835,0.578478754779961,0.9384210179568274,0.8294723321871071,0.7380265138789888,0.7631900978998989,0.7521184104248007,0.5328116743417964,0.8295965753241692,0.8486678788675059,0.748961581692022,0.6988691769906801,0.6159177756539177,0.754803761567666,0.7561247415968684,0.7510950195561439,0.6229949529689132,0.7924422626760343,0.7092475766707366,0.7861869353976263,0.8256263508805535,0.7353903484223783,0.6985743911496884,0.7885297496585506,0.8057917577037924,1.0192039072191184,0.7510098297824552,1.99835138223566,0.49409788473412547,0.6625434306296549,1.5654356260432873,0.8601734336802798,1.5361070805052877,0.8090798750240649,0.7175169862213768,0.9204243010504778,0.663103814678883,0.8198104974714066,1.0045212454100585,1.2456739798512637,0.8694808105167868,0.932815732086449,0.8307084379332095,1.0913968520825856,0.7256276399304251,0.613459517076097,0.8584039650759395,0.501095504699721,0.8319439174040959,0.6213378837824894,0.672332204306378,1.1980496233492621,0.7814566816709366,1.7669891756217275,0.6652095538810039,0.9676312910087053,0.6019673249993156,0.6854368086952367,0.6531534951929492,0.8504503207657792,1.0251350412009863,0.714988354777513,0.7357883677226023,0.7406803084903659,0.663617670574473,0.8255366169197698,1.7617642430229004,1.0574804061322807,1.3179851996352037,1.3555491192286817,0.49670413438440214,1.2298039775532104,1.0651516521776332,0.9486608362115252,0.8168555269697917,0.9596708806548805,0.9585032711156867,0.9749869066151833,0.8575098846027561,1.3814491742890196,0.8565159372194464,1.1795968108300778,0.9393151602764311,0.9800730113823387,1.2509126204572794,1.7949696105996076,0.8905512179357826,0.992632762587964,1.6039410295723098,1.1474801005918822,0.7613591890425726,0.7843030217447382
1.0,1.0,1.0,1.0,1.0,1.0,1.0,1.0,1.0,1.0,1.0,1.0,1.0,1.0,1.0,1.0,1.0,1.0,1.0,1.0,1.0,1.0,1.0,1.0,1.0,1.0,1.0,1.0,1.0,1.0,1.0,1.0,1.0,1.0,1.0,1.0,1.0,1.0,1.0,1.0,1.0,1.0,1.0,1.0,1.0,1.0,1.0,1.0,1.0,1.0,1.0,1.0,1.0,1.0,1.0,1.0,1.0,1.0,1.0,1.0,1.0,1.0,1.0,1.0,1.0,1.0,1.0,1.0,1.0,1.0,1.0,1.0,1.0,1.0,1.0,1.0,1.0,1.0,1.0,1.0,1.0,1.0,1.0,1.0,1.0,1.0,1.0,1.0,1.0,1.0,1.0,1.0,1.0,1.0,1.0,1.0,1.0,1.0,1.0,1.0,1.0,1.0,1.0,1.0,1.0,1.0,1.0,1.0,1.0,1.0,1.0,1.0,1.0,1.0,1.0,1.0,1.0,1.0,1.0,1.0,1.0,1.0,1.0,1.0,1.0,1.0,1.0,1.0,1.0,1.0,1.0,1.0,1.0,1.0,1.0,1.0,1.0,1.0,1.0,1.0,1.0,1.0,1.0,1.0,1.0,1.0,1.0,1.0,1.0,1.0,1.0,1.0,1.0,1.0,1.0,1.0,1.0,1.0,1.0,1.0,1.0,1.0,1.0,1.0,1.0,1.0,1.0,1.0,1.0,1.0,1.0,1.0,1.0,1.0,1.0,1.0,1.0,1.0,1.0,1.0,1.0,1.0,1.0,1.0,1.0,1.0,1.0,1.0,1.0,1.0,1.0,1.0,1.0,1.0,1.0,1.0,1.0,1.0,1.0,1.0,1.0,1.0,1.0,1.0,1.0,1.0,1.0,1.0,1.0,1.0,1.0,1.0,1.0,1.0,1.0,1.0,1.0,1.0,1.0,1.0,1.0,1.0,1.0,1.0,1.0,0.9235520903171219,0.6578396336549772,1.2977881628848897,0.9200337118754269,0.9767861857946607,2.9872431910072637,1.268392172573639,0.8222106513420452,1.0871254879338532,1.4551642211451783,0.6793768246390783,0.6671027339559842,0.9047832357818079,0.8891175047398532,0.8127851173407029,0.6835984059059053,0.7938969995188557,0.6500919533270115,0.8074058250490955,0.8990550404247685,0.7030511264795165,0.6980973414051048,0.8846073810734957,0.5701867535354214,0.8054434044801357,0.8603367101282011,0.7168463983308702,0.7400750321948393,0.716170309096923,0.7251068113361971,0.7187592693817311,0.8719815418437395,0.9519804043016726,0.7705397449023004,1.0016270360003339,1.358102612239166,0.9677167988789807,0.8154764081518794,0.6397760305708029,1.0114722040637818,0.8221463565290322,0.73080012916518,0.7456537772008518,0.9055488215241545,0.7986841997384766,1.0370427582651536,1.0088995751227217,0.8030526673807588,1.1588454505869727,0.913269874006047,0.6943079220638083,0.8514454344279139,1.5818627565326795,1.333299433227113,0.8030931400928503,0.687418865716459,0.6792902986093886,0.7451056167899177,0.7313220225627426,0.7293056122420152,0.6400127364117411,0.6242954790811389,0.7844881344361796,0.9426928405545807,0.7086441302024089,0.6561336529239712,0.670553828253149,0.735450012457983,0.8930410954208168,1.2104683133636907,0.7932857662017252,0.9597457953921348,0.6451846326946773,0.7784962416387697,1.0369364733337163,0.6660975889739579,0.9192196422316432,0.8830518893426502,0.7381564471117628,1.2839295940031343,0.7285378052262076,1.076537128432881,0.9558570085499951,0.9072790818755998,0.9660977372289671,0.5992706484374275,0.8285387840885667,0.6559447220352743,0.819164759948152,0.8531277217918904,0.9077095945977439,0.6849560199499083,0.8060926059473098,1.1304820308208412,0.7639459999437354,0.6564244680346161,0.748792256114942,0.6708190587413644,0.936582441049914,0.7941714925331684,0.9963149981648017,1.0722725619227078,1.6818515313998366,0.9385010479601188,0.7047580981497921,0.6253431454696704,0.7167195762290706,0.905541198538605,0.9618179271995901,0.7236099328675043,0.6374142031274834,0.8223853787305219,0.7169843857332153,0.8340057799421643,0.7013667177316357,0.7746343272430987,0.5490870049383698,0.7948897256113971,0.9382016653164009,0.9516565692869614,0.7555797655668004,0.8618087725740173,0.8394006202353902,0.7961758504482535,0.7882830986734264,0.8437611877893019,0.7159251214830533,0.6745220002428429,0.7009415673180882,0.8745078940210502,0.894089896572213,0.7350338596536334,0.9744723250091292,0.9228531214398843,0.8674184196192292,0.7052151818452824,0.6130234508159071,0.9980291537631083,0.8752379111050341,0.7836499786099944,0.8056330086105898,0.7972044659530333,0.5657193259728566,0.8822218697041575,0.8815745922085433,0.7910051894767542,0.7386085113399511,0.6533440989319187,0.8001363410578912,0.8003530443091806,0.7981984591280029,0.6621230584254054,0.841150844334972,0.7486292646613889,0.8296625365965192,0.8683481854008063,0.7747582765959693,0.7352881263048914,0.8362231271915674,0.8522771910456213,1.0880914923091671,0.7964614535127188,2.131259929453723,0.5240863035392301,0.6991376951335231,1.6595157567209422,0.9173172219834416,1.6423067174732657,0.8600944834828812,0.7603167372827846,0.9766045190323274,0.7054906274997086,0.8713644028418782,1.0594565989277944,1.3010343190902118,0.9208015115533651,0.9954019885243022,0.8815850280351237,1.14039305935388,0.7715149514267405,0.6493150123179081,0.9103102264744725,0.5281409315336683,0.8728969443226626,0.653632589253096,0.7107076193970581,1.262884424511474,0.8270679917807375,1.8614758902186679,0.7090314198199776,1.0290357721734744,0.640394111334502,0.7262881556081318,0.695649335942623,0.9049227508421219,1.089351733007438,0.7592701435741627,0.7820759459512205,0.7882993610578681,0.6993632644217562,0.8788271618479291,1.872276505303266,1.1252686563265195,1.4212809326644094,1.4503153728516331,0.5256506254883004,1.292524858767135,1.130549730773447,1.0083308258485424,0.8729651812168224,1.0215486935349583,1.0216424447492924,1.0383209258961776,0.9167527734436718,1.4607989423692094,0.9044458591166536,1.2493608477211389,1.002397113115037,1.0415221687260927,1.3293267459018008,1.8649903650301938,0.9365090540564152,1.0559989988038003,1.709300295431613,1.2208981729347026,0.8032964099206097,0.8336260187996352
1.0,1.0,1.0,1.0,1.0,1.0,1.0,1.0,1.0,1.0,1.0,1.0,1.0,1.0,1.0,1.0,1.0,1.0,1.0,1.0,1.0,1.0,1.0,1.0,1.0,1.0,1.0,1.0,1.0,1.0,1.0,1.0,1.0,1.0,1.0,1.0,1.0,1.0,1.0,1.0,1.0,1.0,1.0,1.0,1.0,1.0,1.0,1.0,1.0,1.0,1.0,1.0,1.0,1.0,1.0,1.0,1.0,1.0,1.0,1.0,1.0,1.0,1.0,1.0,1.0,1.0,1.0,1.0,1.0,1.0,1.0,1.0,1.0,1.0,1.0,1.0,1.0,1.0,1.0,1.0,1.0,1.0,1.0,1.0,1.0,1.0,1.0,1.0,1.0,1.0,1.0,1.0,1.0,1.0,1.0,1.0,1.0,1.0,1.0,1.0,1.0,1.0,1.0,1.0,1.0,1.0,1.0,1.0,1.0,1.0,1.0,1.0,1.0,1.0,1.0,1.0,1.0,1.0,1.0,1.0,1.0,1.0,1.0,1.0,1.0,1.0,1.0,1.0,1.0,1.0,1.0,1.0,1.0,1.0,1.0,1.0,1.0,1.0,1.0,1.0,1.0,1.0,1.0,1.0,1.0,1.0,1.0,1.0,1.0,1.0,1.0,1.0,1.0,1.0,1.0,1.0,1.0,1.0,1.0,1.0,1.0,1.0,1.0,1.0,1.0,1.0,1.0,1.0,1.0,1.0,1.0,1.0,1.0,1.0,1.0,1.0,1.0,1.0,1.0,1.0,1.0,1.0,1.0,1.0,1.0,1.0,1.0,1.0,1.0,1.0,1.0,1.0,1.0,1.0,1.0,1.0,1.0,1.0,1.0,1.0,1.0,1.0,1.0,1.0,1.0,1.0,1.0,1.0,1.0,1.0,1.0,1.0,1.0,1.0,1.0,1.0,1.0,1.0,1.0,1.0,1.0,1.0,1.0,1.0,1.0,1.0,0.7128101751835593,1.4061615870403195,0.9934781715096608,1.0558085151845493,3.3448064123045143,1.3677020711739472,0.8920624651245692,1.187096754142372,1.576129066197839,0.7361944623652488,0.7214032565509543,0.9782323721194971,0.9619988988194277,0.8805480375348254,0.7400262355577738,0.8598829049372386,0.703743000617785,0.8763038821496499,0.9739634954491834,0.7636461321237751,0.7571374298938099,0.9595786833233365,0.6203488259121415,0.8740518540322102,0.9315780457042131,0.7774805332525239,0.804331480611186,0.7760080902343617,0.7866252921867192,0.7761227682776441,0.9433439272205261,1.0300211119527427,0.8356897020339336,1.0827768122322077,1.4713440708621144,1.0486028562363134,0.8818531069907884,0.6941762754634284,1.097051680200245,0.8902825466907541,0.7941312460639952,0.8083046886586991,0.9770122130301484,0.8651455650466484,1.1219865395572302,1.0939959193861006,0.8666345679004841,1.2538346141025638,0.9936936234433338,0.7514490029160963,0.9227401258451728,1.722968818264203,1.4437978501201105,0.8679299489173036,0.7437501356717966,0.7373733425262444,0.8062862049490123,0.7947862434834557,0.79021639415932,0.694457132708535,0.6760256479079538,0.847690098929269,1.021670039248535,0.7666427168449791,0.7123465624193763,0.7268928687859554,0.7961873917389304,0.9647494216916487,1.3060004840080353,0.8580352868164948,1.0390153209599482,0.6982853651597121,0.8414050865083313,1.1339564150159145,0.72325604703848,0.9952387687080936,0.9545518337454202,0.8011042992908232,1.382252517332689,0.7885371418757579,1.161435647272135,1.0341467517779905,0.9822244444234121,1.0511546761439168,0.6502671447301331,0.8967794029773004,0.7103221810898728,0.8906895616542957,0.924001534233724,0.9835189816232093,0.7418136185626593,0.8707381202623075,1.223526466664472,0.8269349712724736,0.7143708971440731,0.8171816822658697,0.726541708750144,1.0135381099066139,0.8602232976001289,1.079301306549273,1.1596451406880932,1.8246964058792472,1.0191399194990973,0.7639050243337513,0.6796827041268684,0.7765906136334123,0.9777433527578789,1.0407988719925099,0.7841714555913026,0.6913759070255703,0.8878793439549755,0.7797935354737875,0.9039441380230621,0.7580034510039038,0.8414453103883182,0.5956318369013623,0.8537644112915137,1.0186065181121071,1.0277517538148981,0.8196802200420213,0.9335700738036817,0.9104001350705372,0.8627192531647692,0.8529447445526709,0.912407219019589,0.774980615594157,0.7295335332655768,0.7548696705596543,0.9417489207216925,0.9746516669393961,0.797295911636875,1.055576859935713,0.9939708931920815,0.9392825962837337,0.7664779492203546,0.6659654639838446,1.0808938459115076,0.9535089161823956,0.8498699973395945,0.8777579022847163,0.8659160553554974,0.6135724763322197,0.9556515928544618,0.9701919100433058,0.8613620010994769,0.8041962288870761,0.7092330637322366,0.868690246113861,0.8700090735104877,0.8651123322345872,0.7171455375835967,0.9131848670539413,0.8159156905818972,0.903760397776595,0.949382301885905,0.8461974494875364,0.8034403050743418,0.9078708724970477,0.9270075796701531,1.1746290461060052,0.8652584517080764,2.3001162204421277,0.5689351783639595,0.7615973561082752,1.8017156889843287,0.9908141049167896,1.7716105938428655,0.9324447502952076,0.826360164710718,1.0594685335240657,0.7640229183863035,0.9448493813118141,1.153795384226387,1.4282687334940043,1.0005673372127626,1.076510869109039,0.9569550209398953,1.2519967431413663,0.8359726592623546,0.7056533202072146,0.9882489976571412,0.5760381317697503,0.9553764824759857,0.7141171299754265,0.7732976782069876,1.3761437960244896,0.8990023953261699,2.0289218720575137,0.7670295120627322,1.114383428018059,0.6936023952769894,0.7887386630996378,0.7528824725973645,0.9797643879956197,1.1805067054020233,0.8233943631232701,0.8473251506511699,0.8536006103411098,0.7627698795459577,0.9510540099583795,2.0309990642254516,1.2191159239420142,1.5232395805212842,1.5630233049467999,0.5715522547158075,1.4109220021997642,1.2252906070870329,1.0926765027522345,0.9418070254413544,1.1055446133501068,1.1054015474241121,1.1238465137625147,0.9891532351396486,1.5884821980596584,0.9853518951068434,1.355064096550366,1.0827017207585805,1.1287525811666324,1.4413309078527992,2.059576205084066,1.023296491006545,1.1437841914864313,1.849533726273386,1.321721626611283,0.8748286495683792,0.9036403238712339
1.0,1.0,1.0,1.0,1.0,1.0,1.0,1.0,1.0,1.0,1.0,1.0,1.0,1.0,1.0,1.0,1.0,1.0,1.0,1.0,1.0,1.0,1.0,1.0,1.0,1.0,1.0,1.0,1.0,1.0,1.0,1.0,1.0,1.0,1.0,1.0,1.0,1.0,1.0,1.0,1.0,1.0,1.0,1.0,1.0,1.0,1.0,1.0,1.0,1.0,1.0,1.0,1.0,1.0,1.0,1.0,1.0,1.0,1.0,1.0,1.0,1.0,1.0,1.0,1.0,1.0,1.0,1.0,1.0,1.0,1.0,1.0,1.0,1.0,1.0,1.0,1.0,1.0,1.0,1.0,1.0,1.0,1.0,1.0,1.0,1.0,1.0,1.0,1.0,1.0,1.0,1.0,1.0,1.0,1.0,1.0,1.0,1.0,1.0,1.0,1.0,1.0,1.0,1.0,1.0,1.0,1.0,1.0,1.0,1.0,1.0,1.0,1.0,1.0,1.0,1.0,1.0,1.0,1.0,1.0,1.0,1.0,1.0,1.0,1.0,1.0,1.0,1.0,1.0,1.0,1.0,1.0,1.0,1.0,1.0,1.0,1.0,1.0,1.0,1.0,1.0,1.0,1.0,1.0,1.0,1.0,1.0,1.0,1.0,1.0,1.0,1.0,1.0,1.0,1.0,1.0,1.0,1.0,1.0,1.0,1.0,1.0,1.0,1.0,1.0,1.0,1.0,1.0,1.0,1.0,1.0,1.0,1.0,1.0,1.0,1.0,1.0,1.0,1.0,1.0,1.0,1.0,1.0,1.0,1.0,1.0,1.0,1.0,1.0,1.0,1.0,1.0,1.0,1.0,1.0,1.0,1.0,1.0,1.0,1.0,1.0,1.0,1.0,1.0,1.0,1.0,1.0,1.0,1.0,1.0,1.0,1.0,1.0,1.0,1.0,1.0,1.0,1.0,1.0,1.0,1.0,1.0,1.0,1.0,1.0,1.0,1.0,1.9693645846713586,1.3913467575616774,1.4784045676775575,4.742439177316394,1.9076294182459121,1.2504559934612585,1.6656678432247287,2.2122968431534837,1.0307960476418163,1.0096115127415037,1.3697145786407385,1.346566756923465,1.2342876272921832,1.0368562662035528,1.20548099509629,0.9853226757969773,1.2292099463825048,1.3645712543262074,1.0708024164089847,1.0610232409948601,1.3466701449300684,0.8705715010918554,1.2260173449670615,1.3058811201924185,1.0898116537937002,1.12826073003286,1.0870291014450002,1.1026018192282898,1.0855433282259057,1.3206016063437906,1.4435340628559854,1.1711445925784556,1.5166997472986623,2.0644390668844403,1.4697827642291457,1.2339824210761292,0.972966314693263,1.5389388323681983,1.2466040672188434,1.111631227807461,1.1323314552705637,1.3697017885511773,1.2119278179459074,1.5695167016548468,1.534229924721501,1.2129166336911568,1.7565496695132785,1.3941778977860873,1.0518184458687054,1.2935420583420818,2.424372255498205,2.0227992530792296,1.2146109589259322,1.041612424467527,1.0346533760179093,1.1294650633130234,1.1146799236290494,1.106693955580374,0.9735380634269191,0.9466169971146754,1.1865741845457078,1.4331857063780458,1.0732491119028595,0.9989896730667048,1.018243593003691,1.1142893723330942,1.3499838879367088,1.826181609183155,1.203451662266806,1.4553190085558452,0.9783716748078557,1.1770087084548742,1.5957918813359164,1.013138550690082,1.3951003900959278,1.3353751472961217,1.1233912777400836,1.931267851229339,1.1044605219235262,1.6256194271959772,1.4476532101717636,1.3758033935157818,1.4772497354769034,0.9115476332256873,1.2553316548077191,0.9942017413002939,1.2490319327318327,1.2946351644220457,1.3774856346728344,1.0392183785837275,1.2200473686378963,1.714657669253486,1.1568221493079631,1.0018822236659113,1.14841425017197,1.01817256804321,1.4200633194956533,1.2054551547781327,1.5109734620096773,1.62447262896113,2.555767501967801,1.4288155994832876,1.0702789040147345,0.9531470367662502,1.0876517298187693,1.3675524437348547,1.4587085412944543,1.0988073092626522,0.9689854476313955,1.24155486134574,1.0944729411713396,1.2679269956341142,1.0604684082540503,1.180960593179134,0.8354515759299574,1.1924488393955404,1.427314461986414,1.4380735737843757,1.1476571482688975,1.3079102852523494,1.277175638449623,1.207916954256808,1.193865121083042,1.276545847216664,1.085272249887566,1.0201940905404672,1.0529920006654696,1.315402589374403,1.368346637320384,1.117466679358686,1.4793186563094194,1.388993826561146,1.315134307141883,1.0749312253631884,0.9342138254660233,1.513902406293197,1.3399263105800707,1.1910452694358984,1.2328001223734288,1.2138533480032474,0.8599995128637768,1.3389144643357747,1.3741133009001,1.2097770398658474,1.1284100059447173,0.9942404376671139,1.2184920460405864,1.2208102133384735,1.212410532369614,1.005400248934724,1.2782698984658698,1.1460079392655709,1.2701718807270306,1.334232263574258,1.1883141450040116,1.1287586211168974,1.2726881320158725,1.3010530078862275,1.6432797888312698,1.2122628823675938,3.224167422824286,0.7975106490145452,1.0699052932231323,2.527914545434199,1.3879425579175813,2.4770679303459886,1.3058815450674341,1.1583734434422417,1.4855932369383182,1.069857426220396,1.323306642525366,1.622359140404801,2.0156473887516695,1.4037893132465964,1.5036742873857183,1.3403250492257996,1.7656740590770497,1.1710947273607033,0.990720363726642,1.3853860829121958,0.8096958552436542,1.3445602011602165,1.0041902648307952,1.0861584045738482,1.934863602755588,1.2617134747618062,2.8547263442035447,1.0733324737211554,1.5612497255256939,0.971438279718555,1.1065857043903944,1.0536838953605165,1.3726152302725168,1.6547473942200108,1.1546449182292862,1.1878513557123644,1.1950230620817919,1.0723173057049014,1.3325036319911123,2.842171764222787,1.706286999998457,2.1237645498471647,2.183702976281685,0.8021359750809292,1.9873557924996104,1.7194363790477032,1.5313085984573473,1.316953052869676,1.5483351977609328,1.5458676320913551,1.5731293470694991,1.382515177878385,2.231077881036387,1.383093857755156,1.90639112345908,1.5148865568387737,1.5819726403510246,2.0187710341713974,2.9039825091452762,1.4393173914913118,1.601845115601587,2.590235276751622,1.8523123461152196,1.2303301479709583,1.2657698330082372
1.0,1.0,1.0,1.0,1.0,1.0,1.0,1.0,1.0,1.0,1.0,1.0,1.0,1.0,1.0,1.0,1.0,1.0,1.0,1.0,1.0,1.0,1.0,1.0,1.0,1.0,1.0,1.0,1.0,1.0,1.0,1.0,1.0,1.0,1.0,1.0,1.0,1.0,1.0,1.0,1.0,1.0,1.0,1.0,1.0,1.0,1.0,1.0,1.0,1.0,1.0,1.0,1.0,1.0,1.0,1.0,1.0,1.0,1.0,1.0,1.0,1.0,1.0,1.0,1.0,1.0,1.0,1.0,1.0,1.0,1.0,1.0,1.0,1.0,1.0,1.0,1.0,1.0,1.0,1.0,1.0,1.0,1.0,1.0,1.0,1.0,1.0,1.0,1.0,1.0,1.0,1.0,1.0,1.0,1.0,1.0,1.0,1.0,1.0,1.0,1.0,1.0,1.0,1.0,1.0,1.0,1.0,1.0,1.0,1.0,1.0,1.0,1.0,1.0,1.0,1.0,1.0,1.0,1.0,1.0,1.0,1.0,1.0,1.0,1.0,1.0,1.0,1.0,1.0,1.0,1.0,1.0,1.0,1.0,1.0,1.0,1.0,1.0,1.0,1.0,1.0,1.0,1.0,1.0,1.0,1.0,1.0,1.0,1.0,1.0,1.0,1.0,1.0,1.0,1.0,1.0,1.0,1.0,1.0,1.0,1.0,1.0,1.0,1.0,1.0,1.0,1.0,1.0,1.0,1.0,1.0,1.0,1.0,1.0,1.0,1.0,1.0,1.0,1.0,1.0,1.0,1.0,1.0,1.0,1.0,1.0,1.0,1.0,1.0,1.0,1.0,1.0,1.0,1.0,1.0,1.0,1.0,1.0,1.0,1.0,1.0,1.0,1.0,1.0,1.0,1.0,1.0,1.0,1.0,1.0,1.0,1.0,1.0,1.0,1.0,1.0,1.0,1.0,1.0,1.0,1.0,1.0,1.0,1.0,1.0,1.0,1.0,1.0,0.7055430791271257,0.7497541140535822,2.4105599659386896,0.971357624873256,0.6343975355611962,0.8467076165775065,1.1206189148871561,0.5230797761299701,0.5123325112802453,0.6949237454629558,0.6829819391256916,0.6260894394398286,0.5258809123989694,0.6112456876093679,0.49991043726327056,0.6228305648550743,0.6923370390952333,0.5429736036571569,0.5384660031364055,0.6824887912754748,0.44153228589336696,0.6218436787055619,0.6618684122400059,0.552766304974071,0.5723915199483831,0.5514697043798931,0.5592222856254034,0.5510755707343429,0.6699233166964425,0.7321210496661071,0.5941564296046316,0.76885631368352,1.046200818255916,0.7453660351877626,0.6260994114803728,0.4935872743083176,0.7799518586387684,0.6324779107763406,0.5646834070783869,0.5744892102057795,0.6935764267544273,0.6151206791339707,0.7968419042563277,0.7777212000038671,0.6150624436388515,0.890361731508849,0.7073052559454197,0.5336546837370868,0.6561136400466067,1.2277675746153351,1.0256451170212917,0.6163607610516032,0.528329639209873,0.5244312734346475,0.5728404544235037,0.5653653524009242,0.5615216379964776,0.49391407165400114,0.48019974076202354,0.6018390609516437,0.7264000105600115,0.5446017764099681,0.5067284058109718,0.5166404019904345,0.565611500713324,0.6848571559275999,0.9268592553514633,0.6095098746828723,0.7387295782116581,0.49589413700413687,0.597448914568578,0.8083382291270149,0.5144107159267695,0.7071514091548183,0.6775437677346811,0.5696209357550176,0.9803239365492095,0.5601616186088458,0.8238713075637516,0.7345459992966629,0.6977560526928965,0.7480234158149394,0.462304885412985,0.6368972493831708,0.5046223406308981,0.6339248129452648,0.6564448466205979,0.6988064533439378,0.5270838140123628,0.6178129052845757,0.8697973893717897,0.5873933679910381,0.5082908016625791,0.5821622276415704,0.5163092652198646,0.7200137310320078,0.6112556424698273,0.7669059971994361,0.8234650299924864,1.2973155813493569,0.7247937692684367,0.5429265539566375,0.48368793633720664,0.5518889152282439,0.693869679747456,0.7394414952485939,0.5572184087915136,0.4916405691843263,0.6304026819098246,0.5549592848373277,0.6422434215106756,0.5381975190310344,0.5987211915620293,0.42344699858333956,0.6051032020172664,0.7242588140476258,0.7295708193736352,0.5831440986794953,0.6632807396829622,0.6471481503427408,0.6130861973846187,0.605814355413659,0.6475120739817821,0.5506389525448414,0.5182577195466457,0.5351198374059966,0.6679166752743195,0.6946508811969485,0.5666687598587645,0.7503628490399188,0.7051665936283279,0.6672711690881529,0.5454633555687325,0.4736544016653325,0.7682929383241965,0.6793038783920777,0.6041710997749303,0.6250601830097584,0.6162723009409731,0.4362971290904911,0.6790004332062225,0.6941934759700406,0.6133119400408309,0.5729372189741937,0.5045339760597324,0.6179180026178459,0.6191316457605162,0.6148153083063721,0.5098268104743979,0.6498457991624713,0.5810287098812639,0.6436354208757853,0.6769509735915546,0.6027526583678349,0.5727504400052446,0.6461256651487671,0.6597307454896535,0.8340769426726573,0.6155466107068277,1.6326311176308332,0.404635996187823,0.5428226518329685,1.2808036942406338,0.7034944024919526,1.256673392475478,0.662541784846195,0.5879216363113611,0.7534684520257753,0.5429496034703182,0.6712600514968969,0.8218178910058609,1.0216464715378097,0.7116708573400989,0.7645588578008715,0.6811029417918131,0.893909061819416,0.5940026474332541,0.5020337526156677,0.7034320028246145,0.41040092775794546,0.6818558941450313,0.5091075629725483,0.5503293698894801,0.9805666054955888,0.6397532644852232,1.4464948085988625,0.5446556999820995,0.7920800380824062,0.4928226489073318,0.5612490178856913,0.5348294372582139,0.6960874372103654,0.8390107602302337,0.585055233885228,0.6021601133325316,0.606459212221882,0.5435326186850499,0.6753355797829658,1.4449144904806093,0.8661245764728934,1.078139110782922,1.1102997862670483,0.4068065211275246,1.0056250817858992,0.8715016177521591,0.77645954926635,0.6683361273710414,0.7855429499249735,0.785150956775716,0.7981532017090246,0.7019968597507718,1.1307805385754155,0.7017547400594797,0.962980401314725,0.7688717761027535,0.8023122184166136,1.0246483730162517,1.4750813305279444,0.7295347640224413,0.8127070608475806,1.3118185694613245,0.9387377889563158,0.6230067522596987,0.6422339736640751
1.0,1.0,1.0,1.0,1.0,1.0,1.0,1.0,1.0,1.0,1.0,1.0,1.0,1.0,1.0,1.0,1.0,1.0,1.0,1.0,1.0,1.0,1.0,1.0,1.0,1.0,1.0,1.0,1.0,1.0,1.0,1.0,1.0,1.0,1.0,1.0,1.0,1.0,1.0,1.0,1.0,1.0,1.0,1.0,1.0,1.0,1.0,1.0,1.0,1.0,1.0,1.0,1.0,1.0,1.0,1.0,1.0,1.0,1.0,1.0,1.0,1.0,1.0,1.0,1.0,1.0,1.0,1.0,1.0,1.0,1.0,1.0,1.0,1.0,1.0,1.0,1.0,1.0,1.0,1.0,1.0,1.0,1.0,1.0,1.0,1.0,1.0,1.0,1.0,1.0,1.0,1.0,1.0,1.0,1.0,1.0,1.0,1.0,1.0,1.0,1.0,1.0,1.0,1.0,1.0,1.0,1.0,1.0,1.0,1.0,1.0,1.0,1.0,1.0,1.0,1.0,1.0,1.0,1.0,1.0,1.0,1.0,1.0,1.0,1.0,1.0,1.0,1.0,1.0,1.0,1.0,1.0,1.0,1.0,1.0,1.0,1.0,1.0,1.0,1.0,1.0,1.0,1.0,1.0,1.0,1.0,1.0,1.0,1.0,1.0,1.0,1.0,1.0,1.0,1.0,1.0,1.0,1.0,1.0,1.0,1.0,1.0,1.0,1.0,1.0,1.0,1.0,1.0,1.0,1.0,1.0,1.0,1.0,1.0,1.0,1.0,1.0,1.0,1.0,1.0,1.0,1.0,1.0,1.0,1.0,1.0,1.0,1.0,1.0,1.0,1.0,1.0,1.0,1.0,1.0,1.0,1.0,1.0,1.0,1.0,1.0,1.0,1.0,1.0,1.0,1.0,1.0,1.0,1.0,1.0,1.0,1.0,1.0,1.0,1.0,1.0,1.0,1.0,1.0,1.0,1.0,1.0,1.0,1.0,1.0,1.0,1.0,1.0,1.0,1.061148485282387,3.2834931862694114,1.3720518928956902,0.8931782869455003,1.1823530564891045,1.5841499791354874,0.7377152497115504,0.7237970877418067,0.9821323295898537,0.9648330971973714,0.8830958125080909,0.7427118679979012,0.863062654901884,0.7057810860057537,0.8781070649080036,0.9769812183090261,0.7642031748098097,0.758467798145099,0.9623629762882532,0.6201157314244412,0.8756852039829565,0.9352700290696232,0.7785246686018493,0.8046947442676939,0.7774941864968581,0.7880658556160098,0.7799424493672771,0.9468265516776698,1.0345486533171901,0.8369585483333462,1.0873322637493865,1.4778020743410174,1.0520864665660423,0.8848219313594001,0.6952419542512777,1.1002135246125302,0.8929966893519803,0.793875383069077,0.809787817827758,0.9846177929924111,0.8679054653170605,1.1256561099784834,1.0972850776892018,0.8719664728197027,1.2583924580126777,0.9932116923627764,0.7534619289594344,0.9258770572226935,1.7267355739708252,1.4495520165164737,0.871698043400237,0.7464228903165068,0.7389945935025471,0.8088764275055009,0.7949278629581402,0.7918354754168953,0.6957164821479203,0.6778996363382996,0.8519719068090392,1.0255973454557454,0.7692294889055056,0.7133865839348441,0.7283023275947287,0.7977677730161451,0.9692167065961406,1.3130052668159604,0.86199957412381,1.0431234504215596,0.700354984321769,0.8448897692514452,1.1314267188309575,0.7231283113421458,0.9990615739263566,0.9578278989837352,0.8021300319623339,1.3923334348567797,0.7907895746534919,1.1668028812970608,1.0379675219809297,0.9855510478546723,1.0535835031418446,0.6511917124975936,0.8992830294470779,0.7117578643481938,0.8906097164031004,0.9268963672038932,0.9861401079646246,0.7438225589236818,0.8743401291056094,1.2287081951969447,0.8289959035164255,0.7133560050185672,0.8155921517884022,0.7285220235623959,1.0170709462938023,0.8632575611120139,1.0824716745639016,1.1642380532445262,1.8273506454696045,1.0194031976695956,0.7654154513763172,0.6801327443583767,0.7784464979312776,0.9824069370794826,1.0451730000119783,0.7862473835910633,0.6927782411273565,0.891760812606769,0.7803364417754808,0.9067862226567347,0.7611899791945282,0.8430975088531393,0.5964884286120737,0.8606593046992498,1.0186562599242663,1.0325252086046728,0.8207846467784724,0.935678884755251,0.9136710760694768,0.864322784131112,0.8557035890839402,0.914745379542993,0.7773711343069053,0.7314363102757502,0.7584927154394395,0.9474912730927711,0.9723238123056667,0.7986807825662228,1.059258865911872,1.0014879272185675,0.9422367835613082,0.7670564913574383,0.6667447505443087,1.0835848758018765,0.9536146894073585,0.8519596930962925,0.8769117763412797,0.8664291180634557,0.614524241020164,0.9582421874272625,0.9664001749082585,0.8613315145841862,0.8034681504888982,0.7094006077534842,0.8701728461923721,0.8706413720725219,0.8669449446984487,0.7199923887817754,0.9137789826395394,0.8152921239393874,0.9035720189166672,0.9454404706477826,0.8433666275062628,0.800424382383194,0.9090979850272671,0.9272498157619176,1.181237537009999,0.8652363766604417,2.3097730202900033,0.5695621985165762,0.7615851454619238,1.8074646737259754,0.9954980070469245,1.782098979646292,0.9343975697005061,0.8264233127104634,1.0618027250159348,0.7660182523814009,0.9461543239622956,1.1555098318575987,1.4280732609627822,1.0024202781436684,1.078413827142885,0.9575458838297936,1.247025939916054,0.8383243491197151,0.7070288443300932,0.9884940131563829,0.57511350806926,0.9531885639384984,0.7125214647439955,0.7738203573818001,1.3766577363948629,0.899271945156234,2.0313344013173005,0.7694293309673661,1.1169056347874189,0.6951541959862169,0.7888287273659078,0.7549180545594635,0.982862019168739,1.1838244904542436,0.8257254693918916,0.8500916816626027,0.8567606784263284,0.7624686757988592,0.9547769212130267,2.033443567149372,1.2217677152192694,1.5390245376332574,1.5673781074394957,0.5718805357199049,1.411619689861208,1.2300390395492853,1.0960575261761474,0.9465722662029361,1.1094556095952735,1.1079782247777006,1.1267834796713814,0.9936839629527077,1.590028973846298,0.9840494188755701,1.357982292390555,1.0889906731337615,1.1319886501404954,1.4440359745409697,2.039983840663686,1.0219114230796182,1.1467298961218764,1.857372113911015,1.3270791853316415,0.8757781950216462,0.9050934779903573
1.0,1.0,1.0,1.0,1.0,1.0,1.0,1.0,1.0,1.0,1.0,1.0,1.0,1.0,1.0,1.0,1.0,1.0,1.0,1.0,1.0,1.0,1.0,1.0,1.0,1.0,1.0,1.0,1.0,1.0,1.0,1.0,1.0,1.0,1.0,1.0,1.0,1.0,1.0,1.0,1.0,1.0,1.0,1.0,1.0,1.0,1.0,1.0,1.0,1.0,1.0,1.0,1.0,1.0,1.0,1.0,1.0,1.0,1.0,1.0,1.0,1.0,1.0,1.0,1.0,1.0,1.0,1.0,1.0,1.0,1.0,1.0,1.0,1.0,1.0,1.0,1.0,1.0,1.0,1.0,1.0,1.0,1.0,1.0,1.0,1.0,1.0,1.0,1.0,1.0,1.0,1.0,1.0,1.0,1.0,1.0,1.0,1.0,1.0,1.0,1.0,1.0,1.0,1.0,1.0,1.0,1.0,1.0,1.0,1.0,1.0,1.0,1.0,1.0,1.0,1.0,1.0,1.0,1.0,1.0,1.0,1.0,1.0,1.0,1.0,1.0,1.0,1.0,1.0,1.0,1.0,1.0,1.0,1.0,1.0,1.0,1.0,1.0,1.0,1.0,1.0,1.0,1.0,1.0,1.0,1.0,1.0,1.0,1.0,1.0,1.0,1.0,1.0,1.0,1.0,1.0,1.0,1.0,1.0,1.0,1.0,1.0,1.0,1.0,1.0,1.0,1.0,1.0,1.0,1.0,1.0,1.0,1.0,1.0,1.0,1.0,1.0,1.0,1.0,1.0,1.0,1.0,1.0,1.0,1.0,1.0,1.0,1.0,1.0,1.0,1.0,1.0,1.0,1.0,1.0,1.0,1.0,1.0,1.0,1.0,1.0,1.0,1.0,1.0,1.0,1.0,1.0,1.0,1.0,1.0,1.0,1.0,1.0,1.0,1.0,1.0,1.0,1.0,1.0,1.0,1.0,1.0,1.0,1.0,1.0,1.0,1.0,1.0,1.0,1.0,3.1162926409952814,1.2918065666608893,0.8423676715498789,1.1160988483078893,1.4926588502240465,0.6956084486052712,0.6820368394267422,0.9253939633960737,0.9096661631077788,0.8324090548862606,0.7000117607468443,0.8130928338982936,0.6653448295604298,0.8280587101193208,0.9210108764782496,0.7205676766532939,0.7150622548940785,0.9074831384915607,0.5850238797596939,0.8258722719095355,0.8814350426443099,0.7341512550642852,0.7589480317996675,0.7329937446814868,0.7429158348595447,0.7349670409410609,0.8924988622277714,0.9746894811568414,0.7890783211292679,1.0246912973550981,1.3924732771683552,0.9915494630797294,0.8341479717404312,0.6556538349286495,1.0370218017219752,0.8419421217381349,0.7487707795322665,0.7636203698188426,0.926575091164591,0.8178981869402056,1.0611033124336013,1.034362697325585,0.8210069545921124,1.1862567183577633,0.9369524071611743,0.710416512431637,0.8727252351092938,1.629078318975079,1.3664434284359042,0.8213009925970152,0.7035648213392076,0.6968463545017975,0.7624506386136698,0.7496869028327289,0.746661891339808,0.6559587500572533,0.6389278411657762,0.8026856103511609,0.9666093093106869,0.7251713800222039,0.6729109983095227,0.6865556740862602,0.7522393247186114,0.9132517483853655,1.237191859465706,0.812205070260769,0.9831734217455081,0.6601995371703845,0.7958635500241604,1.0686972612032513,0.6820065302091924,0.9414871137608798,0.9029526878617498,0.7563835418104351,1.311032100350392,0.745514840593005,1.099279762990661,0.9783171548773977,0.9290915967236605,0.9936012870988455,0.6141176428217754,0.8478643342701062,0.6711561912048171,0.8400854974291114,0.8737250630180164,0.9297481950184073,0.7011369114678017,0.82449417363194,1.1582588577623867,0.7813894333210686,0.6732768911985267,0.7698727155100011,0.6869308334641059,0.9586962827008083,0.8137999480410427,1.0204720924375106,1.0972026061535973,1.7234851106157913,0.9616265906881651,0.7217278124454756,0.6415419917570231,0.7338056641009085,0.9258308470416488,0.9850166719757414,0.741128593731021,0.6532090220691643,0.8404802088639594,0.7359839251040596,0.8547875312591373,0.717148740622854,0.7949366738286381,0.5625379058481981,0.8104395562797742,0.9611815659391695,0.9726268121151735,0.7740434108333284,0.8822574524472664,0.8608408760341082,0.8147870777631009,0.8066806456502182,0.8625352071786725,0.7328071968808749,0.6895055607160384,0.714215818414297,0.8923686415714616,0.9175059926479934,0.7532478233498752,0.9986117553797753,0.9429672938460985,0.8882544238379204,0.7232939370792414,0.628921795319838,1.0217514827677334,0.8996068602118497,0.8030670663155556,0.8277649650196556,0.8172067303875323,0.5794701443994261,0.9035440149525638,0.9129371216820419,0.8125973582700584,0.7582077278723804,0.669004742992696,0.8205438355519834,0.821196129589671,0.8174067370570498,0.6785100605323451,0.862007766717032,0.7691176363310767,0.8524073643791887,0.8929850021427901,0.7964075159025313,0.7558518811661564,0.8570628929671866,0.8749414731682481,1.1121567124310228,0.8162765585029719,2.179623878530802,0.5372548175167299,0.7185058929680366,1.7041092489690772,0.9380382709225052,1.6786252775804391,0.8811091351930757,0.7793939531047805,1.0013078913289832,0.7221940038787411,0.8924059063048018,1.0897208858874807,1.3468533823123512,0.9455773696748434,1.0168900556154457,0.9031237530920433,1.1782820368489721,0.7903800953125804,0.6667311536645758,0.9318525023759844,0.5428362112466111,0.900139388177666,0.6726712303260686,0.7298986632638994,1.2983798969162965,0.8485103801399613,1.9155967772921008,0.7253272412046211,1.053163869376556,0.6554050510390341,0.7438496365571018,0.7117504943611828,0.9264974439900786,1.1161706982248174,0.7782562907660487,0.8014071834661932,0.8070668034457303,0.7192982673811927,0.8999636186867208,1.918357151926084,1.1523534634431365,1.4466905402617287,1.4781982911574407,0.5393494984317255,1.3319176346250483,1.1592933061542372,1.03320033705566,0.8918796226440209,1.0457578810707342,1.044703753431203,1.0624232654178656,0.9361378567014851,1.4996644799585364,0.9286598237264668,1.2812008261438694,1.0258031024481935,1.0672257121134872,1.3612654070902788,1.9312251486036165,0.9641593482072746,1.0812639625275215,1.7493895647637598,1.2505148912104167,0.8258772893689801,0.8535271407157075
1.0,1.0,1.0,1.0,1.0,1.0,1.0,1.0,1.0,1.0,1.0,1.0,1.0,1.0,1.0,1.0,1.0,1.0,1.0,1.0,1.0,1.0,1.0,1.0,1.0,1.0,1.0,1.0,1.0,1.0,1.0,1.0,1.0,1.0,1.0,1.0,1.0,1.0,1.0,1.0,1.0,1.0,1.0,1.0,1.0,1.0,1.0,1.0,1.0,1.0,1.0,1.0,1.0,1.0,1.0,1.0,1.0,1.0,1.0,1.0,1.0,1.0,1.0,1.0,1.0,1.0,1.0,1.0,1.0,1.0,1.0,1.0,1.0,1.0,1.0,1.0,1.0,1.0,1.0,1.0,1.0,1.0,1.0,1.0,1.0,1.0,1.0,1.0,1.0,1.0,1.0,1.0,1.0,1.0,1.0,1.0,1.0,1.0,1.0,1.0,1.0,1.0,1.0,1.0,1.0,1.0,1.0,1.0,1.0,1.0,1.0,1.0,1.0,1.0,1.0,1.0,1.0,1.0,1.0,1.0,1.0,1.0,1.0,1.0,1.0,1.0,1.0,1.0,1.0,1.0,1.0,1.0,1.0,1.0,1.0,1.0,1.0,1.0,1.0,1.0,1.0,1.0,1.0,1.0,1.0,1.0,1.0,1.0,1.0,1.0,1.0,1.0,1.0,1.0,1.0,1.0,1.0,1.0,1.0,1.0,1.0,1.0,1.0,1.0,1.0,1.0,1.0,1.0,1.0,1.0,1.0,1.0,1.0,1.0,1.0,1.0,1.0,1.0,1.0,1.0,1.0,1.0,1.0,1.0,1.0,1.0,1.0,1.0,1.0,1.0,1.0,1.0,1.0,1.0,1.0,1.0,1.0,1.0,1.0,1.0,1.0,1.0,1.0,1.0,1.0,1.0,1.0,1.0,1.0,1.0,1.0,1.0,1.0,1.0,1.0,1.0,1.0,1.0,1.0,1.0,1.0,1.0,1.0,1.0,1.0,1.0,1.0,1.0,1.0,1.0,1.0,0.28376422366951304,0.19718469274399245,0.28111989942926985,0.34342249510174844,0.160030088286629,0.15369043460857534,0.2089127486362451,0.20569147102249563,0.192362481014018,0.15973474139531524,0.18701675415979194,0.1514737370896833,0.19336857556974418,0.2120113523683153,0.1702562791644624,0.16679731974880543,0.2121831682517634,0.14105646395555407,0.19435727881941478,0.20133255681756984,0.17139191430610318,0.18116708185501118,0.16906964924466733,0.17318839687591878,0.16289522450368876,0.20148503637660042,0.22186775231532424,0.18399435486271826,0.2302165318771181,0.32139312905962597,0.22857665662959664,0.18747702112831613,0.1532821938892085,0.2414012944426834,0.1918978803175147,0.17708439969526413,0.1767936969704222,0.2044371017586819,0.18813206815792943,0.23937251558941147,0.24013099656724246,0.18043433386455396,0.2681897187944715,0.22614384797125325,0.16119883628380383,0.2016138620123672,0.39842943060045577,0.3110224543642238,0.1840348917047599,0.15953847962288814,0.1638902320538801,0.17354936063661358,0.17846389985944056,0.17184149166125826,0.15380334288379577,0.14600834344360877,0.1791269067580476,0.22349784104816978,0.16416741862255535,0.15862793847664064,0.15898039838262598,0.17133792417160937,0.203149804191829,0.2714952702641936,0.18451142608520638,0.22476441948799253,0.1502170150708551,0.1781406928052474,0.2706106621232087,0.16093183922003904,0.21516346471872994,0.20201702156703266,0.1774531704427842,0.2803742884537969,0.16980398914073463,0.24153622822379173,0.22110377010592,0.21175526931315164,0.23839743234548252,0.14359400579795423,0.19265314258350003,0.15342460412525766,0.20158403336505587,0.19989990731116256,0.213324294731008,0.16080044469897561,0.18271254756025562,0.26450748726732765,0.17768417626034735,0.16257623634834484,0.19159885242038857,0.15774636214910928,0.218074520475229,0.1863090385284813,0.23350031321235376,0.2471801559629575,0.40243644881168195,0.22734228651167132,0.16682409534344955,0.15285266312261678,0.16894105999316175,0.20418400363294864,0.22400116705105977,0.17077524777511788,0.15238247239389874,0.18625820845548646,0.17660570620702387,0.1968774754799347,0.16043393883796364,0.18849744945933497,0.13157075575452218,0.1687037383392745,0.22638481365031146,0.21600737490140093,0.18095328506933495,0.2026712038373148,0.20012691287125609,0.18768434278082186,0.1825138207432083,0.1935541366860327,0.16713119940152582,0.1558803788073766,0.15299419797397518,0.19146651936659587,0.22753735212065226,0.17505722841455507,0.2295414577866064,0.20237649998249418,0.20238082345661831,0.17256414153617405,0.14868066265901897,0.2349634007749895,0.2202956199600649,0.18683207010430058,0.20251004293171793,0.19405365318418505,0.13512861892295014,0.2071411108013022,0.2498217057771808,0.19801518503996934,0.18469837333247444,0.15799355521286074,0.19370745898502034,0.19650070728983948,0.1890298202260416,0.1559200782211309,0.20320131099383656,0.18837079730588926,0.20857508142920722,0.22644626994311487,0.19874763469303144,0.19054898317297492,0.20258028787488652,0.21061557967067535,0.24673475215392182,0.19348474700902563,0.4817130563844949,0.12633130511787444,0.17648952460316072,0.39856381681429065,0.20936959347533657,0.36578956584124456,0.203201356696798,0.18566290383698347,0.23407443697720595,0.16554766990010888,0.20627658049303488,0.26580109005843783,0.3560345269662414,0.22371093341486,0.22898788014113272,0.21325211392118518,0.3110313271562767,0.18149341028427268,0.15857074253677475,0.22148291420899818,0.13454879944780535,0.23078584112504413,0.1693469180040299,0.17584911647014254,0.3198957900548183,0.2028931908053731,0.47392047721806074,0.16355677678664665,0.2420104810385726,0.15033497900370243,0.17713962905661762,0.16171962581550908,0.21137360388115023,0.25723122439707,0.18013065560891817,0.18427770961449305,0.18398224598286866,0.17816003884127218,0.20361196455070868,0.44822272296677995,0.26357167841409584,0.2908832594944799,0.3258564229527878,0.12918947613481052,0.33239165430253736,0.2691993496107664,0.23752658350109238,0.1956263659795136,0.23795252390088084,0.23629049447252476,0.24143932403081758,0.20532483886962516,0.36067351545358206,0.22757828930464694,0.29986218447230895,0.22731391336454979,0.24619145320272673,0.3157631650937349,0.5394664385435859,0.2431913265242573,0.24769194193518757,0.390904227429438,0.28464825356420964,0.20168669792410962,0.19744980066462278
1.0,1.0,1.0,1.0,1.0,1.0,1.0,1.0,1.0,1.0,1.0,1.0,1.0,1.0,1.0,1.0,1.0,1.0,1.0,1.0,1.0,1.0,1.0,1.0,1.0,1.0,1.0,1.0,1.0,1.0,1.0,1.0,1.0,1.0,1.0,1.0,1.0,1.0,1.0,1.0,1.0,1.0,1.0,1.0,1.0,1.0,1.0,1.0,1.0,1.0,1.0,1.0,1.0,1.0,1.0,1.0,1.0,1.0,1.0,1.0,1.0,1.0,1.0,1.0,1.0,1.0,1.0,1.0,1.0,1.0,1.0,1.0,1.0,1.0,1.0,1.0,1.0,1.0,1.0,1.0,1.0,1.0,1.0,1.0,1.0,1.0,1.0,1.0,1.0,1.0,1.0,1.0,1.0,1.0,1.0,1.0,1.0,1.0,1.0,1.0,1.0,1.0,1.0,1.0,1.0,1.0,1.0,1.0,1.0,1.0,1.0,1.0,1.0,1.0,1.0,1.0,1.0,1.0,1.0,1.0,1.0,1.0,1.0,1.0,1.0,1.0,1.0,1.0,1.0,1.0,1.0,1.0,1.0,1.0,1.0,1.0,1.0,1.0,1.0,1.0,1.0,1.0,1.0,1.0,1.0,1.0,1.0,1.0,1.0,1.0,1.0,1.0,1.0,1.0,1.0,1.0,1.0,1.0,1.0,1.0,1.0,1.0,1.0,1.0,1.0,1.0,1.0,1.0,1.0,1.0,1.0,1.0,1.0,1.0,1.0,1.0,1.0,1.0,1.0,1.0,1.0,1.0,1.0,1.0,1.0,1.0,1.0,1.0,1.0,1.0,1.0,1.0,1.0,1.0,1.0,1.0,1.0,1.0,1.0,1.0,1.0,1.0,1.0,1.0,1.0,1.0,1.0,1.0,1.0,1.0,1.0,1.0,1.0,1.0,1.0,1.0,1.0,1.0,1.0,1.0,1.0,1.0,1.0,1.0,1.0,1.0,1.0,1.0,1.0,1.0,1.0,1.0,0.6411958639255573,0.8525776472267248,1.1271141648669203,0.5294075787745937,0.5205709033360871,0.7050431715042552,0.6921979187135351,0.632848667730368,0.5318173145469538,0.618170092316231,0.5064669337975561,0.6273196302404909,0.699583265639588,0.5480011354326978,0.544500513470142,0.6863998456882082,0.4443615472371341,0.6263995612344885,0.6681269415848037,0.5588871995644047,0.57690991619154,0.5585874835809166,0.565117602616771,0.5599839350915445,0.678494783158444,0.7405743711046726,0.6010678940809762,0.7793207037573904,1.0536343539526176,0.7526029717533119,0.6351888770784329,0.4982460056134599,0.7861888612286407,0.6398787573554258,0.5711614745437391,0.5809383932970168,0.7019601223083332,0.6226641999780675,0.8082837978666644,0.7837493709425949,0.6246469379489262,0.9012624954698726,0.712330555744074,0.540967254456603,0.662095045751191,1.2215356992276,1.0352318488043073,0.625536027576559,0.5350923365535063,0.5276770095493503,0.5803770783722414,0.5704609781001122,0.5683994881716592,0.4984566852158949,0.48639091875296747,0.6098524678620589,0.7316602123946417,0.5519960279242024,0.5104213412957501,0.5229954107969405,0.5743688071352935,0.6952575323008661,0.9422876720881941,0.615809901227491,0.7469178974521731,0.5022423753369472,0.6072754795928221,0.8033094961158809,0.5209746020353737,0.7145089262460069,0.6879883371934419,0.5751459257023889,0.9990168730808385,0.567500201689192,0.8389653880133785,0.7441833283434868,0.705467266860833,0.747220102263352,0.4667481289190538,0.6452880128693188,0.5116844560893103,0.6389707822998454,0.6635226415833424,0.706515606355413,0.5335804626479985,0.626155125630901,0.8780925509211623,0.5963815866126094,0.5119371202671849,0.5824873365839447,0.5220603137088545,0.7285991904481939,0.6171639113248488,0.7757759646062831,0.8347030080654849,1.310012136077933,0.7320400635795785,0.5491386767562276,0.48717515159271674,0.5586376628462024,0.7049363145142555,0.7471118484609041,0.5633285834277195,0.4964249139608715,0.6409420728903161,0.5576899824763326,0.6476906407902787,0.5466101066380812,0.6018718621192342,0.42754376229337726,0.6193658411653413,0.7319629835503247,0.7417438995062953,0.5900012259254062,0.6711679153083352,0.6514567067494805,0.6214868522958276,0.6140190848272349,0.6579347980304973,0.5575946435567571,0.5269700173151642,0.5490814561176237,0.6823571583671899,0.6990928597376389,0.5720882075037128,0.7574315469728821,0.7175799090637031,0.6751529916404106,0.5498263012140077,0.4767184432061863,0.7776616176791089,0.6803874515471744,0.6098176153241077,0.6266055619489745,0.6220390742149722,0.44113884468958375,0.6866310877517312,0.6792180525585386,0.6147131777874006,0.5764575585444565,0.5107469109579399,0.6223839625207145,0.6228245853489425,0.6216089803665492,0.5144905280815336,0.6570801269939266,0.5826752040247976,0.6449830036009767,0.6778910935306497,0.604164345339127,0.5740674431673878,0.6523624500437576,0.6625696111523909,0.8480526947379146,0.6221163498713367,1.6553316552917166,0.4082284760197763,0.5439609531716696,1.2848625515194978,0.7135013775989323,1.2776793740195644,0.6696086307444565,0.5932822926805814,0.7594785206804993,0.5497262375894294,0.6788971197104157,0.8206002658562672,1.0046177690610323,0.7143389033371065,0.7794514288735523,0.6890925808367478,0.8820360770410896,0.6001509802335419,0.5037657572681453,0.7126021608677557,0.41089894416036077,0.6772800161260001,0.5082432028987407,0.5520864553527727,0.980367612696988,0.6439169309146773,1.4422865364059938,0.5527570440690083,0.8024771757555815,0.49924243266659935,0.5674878194120405,0.5424057838318289,0.7043923386916775,0.8471773498372352,0.5899920159619658,0.6078357446107852,0.6142859869306718,0.5432437668142984,0.6826731510597944,1.4613684601067143,0.8766580245996636,1.1093016827291164,1.1372947132439677,0.40944249666190924,0.9987981373584048,0.8775832914378949,0.7841151278656371,0.6802341808399643,0.7951706454833318,0.7977396950985162,0.8090168689182167,0.716023754161567,1.134931812789231,0.7045388757493019,0.9677595618388484,0.779536856403891,0.8100923319214985,1.0368242176098792,1.4524414342357008,0.7271412372119117,0.8224364405461917,1.3296514206905616,0.9483322572754316,0.6226605615773821,0.6499817938575312
1.0,1.0,1.0,1.0,1.0,1.0,1.0,1.0,1.0,1.0,1.0,1.0,1.0,1.0,1.0,1.0,1.0,1.0,1.0,1.0,1.0,1.0,1.0,1.0,1.0,1.0,1.0,1.0,1.0,1.0,1.0,1.0,1.0,1.0,1.0,1.0,1.0,1.0,1.0,1.0,1.0,1.0,1.0,1.0,1.0,1.0,1.0,1.0,1.0,1.0,1.0,1.0,1.0,1.0,1.0,1.0,1.0,1.0,1.0,1.0,1.0,1.0,1.0,1.0,1.0,1.0,1.0,1.0,1.0,1.0,1.0,1.0,1.0,1.0,1.0,1.0,1.0,1.0,1.0,1.0,1.0,1.0,1.0,1.0,1.0,1.0,1.0,1.0,1.0,1.0,1.0,1.0,1.0,1.0,1.0,1.0,1.0,1.0,1.0,1.0,1.0,1.0,1.0,1.0,1.0,1.0,1.0,1.0,1.0,1.0,1.0,1.0,1.0,1.0,1.0,1.0,1.0,1.0,1.0,1.0,1.0,1.0,1.0,1.0,1.0,1.0,1.0,1.0,1.0,1.0,1.0,1.0,1.0,1.0,1.0,1.0,1.0,1.0,1.0,1.0,1.0,1.0,1.0,1.0,1.0,1.0,1.0,1.0,1.0,1.0,1.0,1.0,1.0,1.0,1.0,1.0,1.0,1.0,1.0,1.0,1.0,1.0,1.0,1.0,1.0,1.0,1.0,1.0,1.0,1.0,1.0,1.0,1.0,1.0,1.0,1.0,1.0,1.0,1.0,1.0,1.0,1.0,1.0,1.0,1.0,1.0,1.0,1.0,1.0,1.0,1.0,1.0,1.0,1.0,1.0,1.0,1.0,1.0,1.0,1.0,1.0,1.0,1.0,1.0,1.0,1.0,1.0,1.0,1.0,1.0,1.0,1.0,1.0,1.0,1.0,1.0,1.0,1.0,1.0,1.0,1.0,1.0,1.0,1.0,1.0,1.0,1.0,1.0,1.0,1.0,1.0,1.0,1.0,1.3384783088148202,1.7621171788178054,0.8232851868161654,0.8057930172713405,1.0931277393211736,1.0745724469664566,0.985429473207327,0.8271716952894381,0.9622896161244081,0.7864891779051262,0.9811393139832059,1.0894224973292101,0.8559823353700875,0.848038472589786,1.0744788837974042,0.6966237523080967,0.9793398095038213,1.041027893275374,0.8712471611039039,0.9024435915387478,0.8686140739372549,0.8808334360711016,0.8657506584420368,1.053373690554139,1.151313038873025,0.9361420939222015,1.20976447392913,1.6455720255721293,1.172720355001838,0.9845877728126897,0.7774178459661095,1.2283431530451723,0.9946097703700861,0.8892007493362031,0.9046268100776828,1.0895962892312512,0.9677488991877823,1.2521509426423392,1.2240457216002323,0.9655368704046876,1.4012335912046923,1.1160915211766458,0.8396583085913014,1.0322824379122637,1.9349769785747422,1.6124900815721048,0.9686978319052875,0.8311840983830668,0.8262224703162555,0.901692144353528,0.8917120091650874,0.8839854416253659,0.7779126350215292,0.7556450759513327,0.945546007270228,1.1428072339313662,0.8565470254685951,0.798321696662142,0.8133514561048392,0.8902902336799459,1.0762898946800687,1.455554020796088,0.9596946637765191,1.1612817482280722,0.7808401807621901,0.939018343965424,1.2772251223945632,0.8111600481050304,1.1126774017743055,1.0654160495267466,0.8978650644118417,1.5373626059688879,0.8818906484082846,1.296292457126382,1.1547223844418606,1.0975970332495937,1.1780693547234677,0.728307895013195,1.002014428339281,0.7941708133901284,0.9996659626773114,1.0326924765734835,1.0992795195649716,0.8297402938467758,0.9719859714921645,1.3675161272290581,0.9239928579490713,0.8020482955652839,0.9195951916707896,0.8129825306084403,1.1329352970671795,0.9614359477158303,1.205749218913009,1.2959121168041479,2.0425130161568665,1.1432327262737956,0.8549899514562544,0.7620565681735973,0.8687273388649956,1.0898071954592652,1.162855194038139,0.8771979548180514,0.7741191066409399,0.990252575938909,0.8748630073792503,1.0112494084819017,0.8458376800102274,0.9430255398209384,0.6677485295397676,0.9488182875106201,1.1419223398383727,1.1472370659102067,0.917685412663622,1.0444006778824395,1.01863731022226,0.965265245040541,0.9525484505173953,1.0189260209789088,0.8663084496649378,0.8149167525881756,0.8398594440333425,1.0486590113867167,1.0976811063832232,0.8923298341420062,1.1804431903507933,1.1050778659682945,1.0493151698247125,0.8597618224295254,0.7461333754913639,1.2095148090465369,1.0715683554983215,0.9507041812627306,0.9865887666762041,0.9711282558998496,0.6873961759775724,1.0690099033450378,1.1016743658123946,0.9675110911982557,0.9037598573585284,0.7958114203278928,0.9735671227941238,0.9760941108946638,0.9683600322171539,0.8021062251040891,1.0229938235030396,0.9167111569768792,1.0159833918753438,1.0708996632196848,0.9524192570154496,0.9057161379872951,1.0176412167986861,1.0401894422934976,1.310393789870865,0.970345870151609,2.5712716024759077,0.6374314656333083,0.8564204186045892,2.0140017754540445,1.1065267852607605,1.9722658852135435,1.0423259585557805,0.9263184514483458,1.186484067262199,0.8543274016343965,1.0566319296901314,1.2953066942269078,1.6121818464266084,1.120290338589938,1.2021891844871078,1.0727934669731827,1.4145767133260205,0.9344095942656342,0.7909413997680577,1.1095049313796328,0.6483541959970082,1.0769395487601163,0.8043614771070151,0.8679201894434978,1.5469164602723406,1.0091436481517215,2.282189531031963,0.8566584872355261,1.2472517540044168,0.7759964709828484,0.886101264368683,0.8413257470435946,1.0951860296231664,1.320391761712978,0.9208250810784036,0.9477637673752692,0.9533856643481858,0.8576124612462415,1.0622184340207723,2.2726556461416685,1.362121410222677,1.6858920292881672,1.7466556094332981,0.6414676653732878,1.5871280424986332,1.3716287201601034,1.2218161020559493,1.049912835086094,1.2353730094189082,1.2348459142884636,1.2559609151275222,1.102941752000624,1.7832026889911508,1.1072380676755198,1.5205730632920123,1.206786606235522,1.2624896856783907,1.6128746658323845,2.338924759039271,1.1518614468083257,1.2787507796545736,2.062467504384656,1.476413488184971,0.9828669171837141,1.011413863943562
1.0,1.0,1.0,1.0,1.0,1.0,1.0,1.0,1.0,1.0,1.0,1.0,1.0,1.0,1.0,1.0,1.0,1.0,1.0,1.0,1.0,1.0,1.0,1.0,1.0,1.0,1.0,1.0,1.0,1.0,1.0,1.0,1.0,1.0,1.0,1.0,1.0,1.0,1.0,1.0,1.0,1.0,1.0,1.0,1.0,1.0,1.0,1.0,1.0,1.0,1.0,1.0,1.0,1.0,1.0,1.0,1.0,1.0,1.0,1.0,1.0,1.0,1.0,1.0,1.0,1.0,1.0,1.0,1.0,1.0,1.0,1.0,1.0,1.0,1.0,1.0,1.0,1.0,1.0,1.0,1.0,1.0,1.0,1.0,1.0,1.0,1.0,1.0,1.0,1.0,1.0,1.0,1.0,1.0,1.0,1.0,1.0,1.0,1.0,1.0,1.0,1.0,1.0,1.0,1.0,1.0,1.0,1.0,1.0,1.0,1.0,1.0,1.0,1.0,1.0,1.0,1.0,1.0,1.0,1.0,1.0,1.0,1.0,1.0,1.0,1.0,1.0,1.0,1.0,1.0,1.0,1.0,1.0,1.0,1.0,1.0,1.0,1.0,1.0,1.0,1.0,1.0,1.0,1.0,1.0,1.0,1.0,1.0,1.0,1.0,1.0,1.0,1.0,1.0,1.0,1.0,1.0,1.0,1.0,1.0,1.0,1.0,1.0,1.0,1.0,1.0,1.0,1.0,1.0,1.0,1.0,1.0,1.0,1.0,1.0,1.0,1.0,1.0,1.0,1.0,1.0,1.0,1.0,1.0,1.0,1.0,1.0,1.0,1.0,1.0,1.0,1.0,1.0,1.0,1.0,1.0,1.0,1.0,1.0,1.0,1.0,1.0,1.0,1.0,1.0,1.0,1.0,1.0,1.0,1.0,1.0,1.0,1.0,1.0,1.0,1.0,1.0,1.0,1.0,1.0,1.0,1.0,1.0,1.0,1.0,1.0,1.0,1.0,1.0,1.0,1.0,1.0,1.0,1.0,1.2828964533299527,0.6012357950585762,0.5863498240131878,0.7950567770571575,0.7817481424685344,0.719810226046248,0.6025060764992728,0.7023602905142856,0.5731149661350253,0.7179289857989184,0.7953397289291988,0.6284727793709936,0.6211718130012462,0.785216139456647,0.5133011631217903,0.7170903243135645,0.7576547451689917,0.638025829642739,0.6637861333089257,0.6348578662620483,0.645020937091501,0.627482528517794,0.7658913379792465,0.8382274539139891,0.6858153632806275,0.8786997072554553,1.1996027916103968,0.855806809901328,0.7156780439933971,0.5692357496790454,0.898042495451516,0.7245956096166621,0.654581126112704,0.661285587493576,0.786917930953523,0.7070532425793902,0.9110371524067027,0.8936401965748542,0.6982960379717428,1.019018551965899,0.8234651867520406,0.6114866851283215,0.7535216997070574,1.4235821592597782,1.1735111863503502,0.7036172937233873,0.6047659449568595,0.6049690845517677,0.6566789217679372,0.655801243325626,0.6454962252178338,0.5699690224082797,0.5511288000576426,0.6859174128395726,0.8338246414891031,0.6232972167426513,0.5851099971130307,0.5951781115310595,0.6495633699923018,0.7807978077821596,1.0530077292136149,0.6972663879960572,0.8461140977246252,0.5687005446005529,0.6828677345766432,0.9477064523103449,0.5959713127093322,0.8101256862363664,0.7737997994955761,0.6579772469878216,1.1057844474615268,0.6425306885363895,0.9378630496496172,0.840020544568261,0.7993405847263373,0.8641045432928738,0.5333358186836805,0.7297199091023778,0.5795914846995276,0.736834082581183,0.7524829640196342,0.8019340723677479,0.6054743151768522,0.7025732358397531,0.9954368737902204,0.6742583317701707,0.5916558008822905,0.6815330328767173,0.5928319722307429,0.824808355907292,0.7005603732809752,0.8795312238751258,0.9419256459259204,1.4956693620886552,0.8394464217660214,0.6249523191738513,0.5605078685170509,0.6346586593752348,0.7890739584255227,0.8456430492419995,0.640622130985105,0.5665846572458265,0.7177496626991262,0.6435761255305676,0.737333262847937,0.6146675089878091,0.6916806298169758,0.4885632964476962,0.6796939486934258,0.8378393743727695,0.8322578726961759,0.6730319974619933,0.7620895887494927,0.744730306917342,0.7056083665807619,0.6930723579200964,0.7406295783408082,0.6314964817716935,0.5938412411862778,0.6068330620216906,0.7561944590141054,0.8142917348635135,0.6527034364539024,0.8607799983426591,0.7961545267151502,0.7644509750692099,0.632855572942826,0.5472458200512839,0.8826856120303982,0.791189627560511,0.695313211635226,0.7282817682122661,0.7137269920399774,0.5032277385227367,0.7795163412854885,0.8281904531132974,0.7138723313224535,0.6678012915665059,0.5847093024112866,0.7138950491206545,0.7177105417463241,0.7076815783815518,0.5847034124803419,0.751798584794511,0.6776589692240687,0.749776470675821,0.7981472977923092,0.7071418229484558,0.6740470870077895,0.7475380600738464,0.7652275580366016,0.9506760041373716,0.7140052620378956,1.8551661336702774,0.4672243195930937,0.6328669367510859,1.471907570004186,0.8024499567808561,1.4242265211621128,0.7613429597415529,0.6815347458078724,0.8680543488713066,0.6233648844845333,0.7717946156990492,0.9534623393285215,1.2092106204838244,0.8206685481692673,0.8763377509102965,0.7886003288952945,1.0584077551013287,0.6815002040532598,0.580141683051523,0.8166978813315069,0.4799845438196931,0.8019598489766024,0.5974886769270219,0.6385637960952154,1.1420398555127642,0.7412545520692091,1.6862904476127558,0.6234856690933388,0.9099532356524704,0.566406307019509,0.6519643243571747,0.612942605351837,0.7980366975487315,0.9634214835031129,0.6725610433064129,0.691313975042114,0.695448915400514,0.6347447151025742,0.7719482093130129,1.6663631114349085,0.9934806355793834,1.2030191558598748,1.2660966674174325,0.4721616110334187,1.172036577176565,1.0010701286040078,0.8914075845979618,0.7592480214552872,0.8994069196091293,0.8992223986478085,0.9149396558636133,0.799005908294173,1.3116666366174896,0.8179903598881993,1.1077627323606998,0.8744022490921064,0.9218414550632628,1.1809395020399702,1.7773108355565685,0.8559363168425381,0.9327541014091927,1.496762864197295,1.0748014726800466,0.724658958893668,0.739503095271673
1.0,1.0,1.0,1.0,1.0,1.0,1.0,1.0,1.0,1.0,1.0,1.0,1.0,1.0,1.0,1.0,1.0,1.0,1.0,1.0,1.0,1.0,1.0,1.0,1.0,1.0,1.0,1.0,1.0,1.0,1.0,1.0,1.0,1.0,1.0,1.0,1.0,1.0,1.0,1.0,1.0,1.0,1.0,1.0,1.0,1.0,1.0,1.0,1.0,1.0,1.0,1.0,1.0,1.0,1.0,1.0,1.0,1.0,1.0,1.0,1.0,1.0,1.0,1.0,1.0,1.0,1.0,1.0,1.0,1.0,1.0,1.0,1.0,1.0,1.0,1.0,1.0,1.0,1.0,1.0,1.0,1.0,1.0,1.0,1.0,1.0,1.0,1.0,1.0,1.0,1.0,1.0,1.0,1.0,1.0,1.0,1.0,1.0,1.0,1.0,1.0,1.0,1.0,1.0,1.0,1.0,1.0,1.0,1.0,1.0,1.0,1.0,1.0,1.0,1.0,1.0,1.0,1.0,1.0,1.0,1.0,1.0,1.0,1.0,1.0,1.0,1.0,1.0,1.0,1.0,1.0,1.0,1.0,1.0,1.0,1.0,1.0,1.0,1.0,1.0,1.0,1.0,1.0,1.0,1.0,1.0,1.0,1.0,1.0,1.0,1.0,1.0,1.0,1.0,1.0,1.0,1.0,1.0,1.0,1.0,1.0,1.0,1.0,1.0,1.0,1.0,1.0,1.0,1.0,1.0,1.0,1.0,1.0,1.0,1.0,1.0,1.0,1.0,1.0,1.0,1.0,1.0,1.0,1.0,1.0,1.0,1.0,1.0,1.0,1.0,1.0,1.0,1.0,1.0,1.0,1.0,1.0,1.0,1.0,1.0,1.0,1.0,1.0,1.0,1.0,1.0,1.0,1.0,1.0,1.0,1.0,1.0,1.0,1.0,1.0,1.0,1.0,1.0,1.0,1.0,1.0,1.0,1.0,1.0,1.0,1.0,1.0,1.0,1.0,1.0,1.0,1.0,1.0,1.0,1.0,0.46446445928979496,0.45481448975102096,0.6174251378113738,0.6066876854643332,0.5565303379503703,0.46763581792669917,0.543605198883227,0.44406437941943677,0.5540801345600963,0.6154527925689206,0.48221736559334566,0.4780346433313554,0.6077389205874741,0.39202330808843555,0.5528873894892152,0.5891563834887048,0.490762059724127,0.5082401322381386,0.48950379416966844,0.49673545515120926,0.4896433410594724,0.5954988777893078,0.6513307990527861,0.5274273961895186,0.6836458534666466,0.9321764596514531,0.6629574471122839,0.55610947248836,0.43840479055265197,0.6940218902020656,0.5620884533222348,0.5004507301207133,0.5101756977805136,0.6187215753879262,0.5465214439891322,0.707583819294501,0.6920561505532522,0.5473481830534959,0.7917459192214953,0.6276838747014328,0.4738880073555344,0.58367419661095,1.0963431752211594,0.9129156811886527,0.5476851961638511,0.46959764233705964,0.46658524189143963,0.5089852208878856,0.5017879853496628,0.49862785263619325,0.43879101922561425,0.4265611599371215,0.5354008973064148,0.6469192070816414,0.48381968357740135,0.4504136453543848,0.45872615303935527,0.5016653355525058,0.6087113494613241,0.8237087842163878,0.5427553635564246,0.6568373798688532,0.440777442720632,0.5304991241402555,0.7197626536546138,0.4557628059659916,0.6291856611530963,0.6017339348945074,0.5059315872675695,0.8716870688276063,0.49756125360060455,0.7318806205554689,0.6527738182118243,0.6203987184253181,0.667269999863126,0.41066285039466616,0.5657068778962369,0.4477780395487871,0.5625377286307481,0.5837295385962866,0.6210212999910516,0.4682577555840932,0.5495886300751023,0.7742483737169488,0.5210737586249433,0.450901654320405,0.5172489755074727,0.45884500579165666,0.640231025437187,0.5438488811484856,0.6814258433461323,0.7321207148321323,1.1518715615992163,0.6431618497336155,0.482154969997988,0.42961022379661234,0.4900412488430974,0.6167008326782841,0.658119414529216,0.49522876290614704,0.4367966247860691,0.5596986018751781,0.4933330171614898,0.5716643073001121,0.47807872292160547,0.5327446895039333,0.3762052638865051,0.5377505266606784,0.6424726471174714,0.6480188139072867,0.5172572927913117,0.5892140984241983,0.576217134627123,0.5439296492051521,0.5381651548192204,0.5747288957270416,0.48922057445406086,0.4594759375958217,0.4738031429226559,0.5928842232777978,0.6155530327387102,0.5035582867716203,0.6674895193749462,0.6273865723176029,0.5930068353567135,0.48429691731598246,0.42109137517564776,0.6823682946975137,0.6041893685194512,0.5370825636928251,0.5554699394200752,0.5468955261460289,0.387352005844096,0.6034085800271192,0.6204405733693459,0.5453601356955855,0.5083768729000853,0.44733029543856384,0.5492654140693451,0.5501840035417092,0.5462150680184719,0.4536491371528266,0.5760975936552198,0.5163883585305693,0.572423689165225,0.6002890577008458,0.5348224865105302,0.5078339197632538,0.5735091920397863,0.5864372375380579,0.7412074984039239,0.5457242018716429,1.4525485274419447,0.3593640023667124,0.4825407912788974,1.1416971281476709,0.6257440825512065,1.117546208538907,0.5886209061527692,0.521735423414696,0.6700267557060775,0.4822064895263342,0.5961549347754078,0.7325186042720122,0.9130376590025631,0.6335126816750428,0.6767524411320014,0.6038144621568522,0.7968486263905862,0.5280717070156422,0.4470191448673344,0.6232131763051048,0.3646977052444025,0.6068390540814343,0.45252555162753827,0.48963513904790995,0.8729698108330062,0.568379569354503,1.2892849558021622,0.4836413037196694,0.7033226671038892,0.43753989325123477,0.49775692081723955,0.4747827902492161,0.6187557156210081,0.7460973895909553,0.520595854336115,0.5356982902841954,0.5389552014218649,0.4836917783979432,0.6008641456479634,1.281599352964418,0.7690395929499771,0.9585179631242435,0.9821479703890362,0.3614524781625799,0.8975627601827048,0.7761485210224894,0.6905193112170462,0.5937347789541134,0.6981840668982172,0.6962213947666875,0.7087399450352808,0.6228164321473844,1.0058825420801467,0.6229407569461791,0.8586511852483525,0.6839965367535565,0.7133921589796373,0.9095980505208365,1.3089571112007428,0.6493078001715717,0.7219919245481328,1.1672443093880727,0.8355831184301044,0.5550448978496598,0.5700810760393864
1.0,1.0,1.0,1.0,1.0,1.0,1.0,1.0,1.0,1.0,1.0,1.0,1.0,1.0,1.0,1.0,1.0,1.0,1.0,1.0,1.0,1.0,1.0,1.0,1.0,1.0,1.0,1.0,1.0,1.0,1.0,1.0,1.0,1.0,1.0,1.0,1.0,1.0,1.0,1.0,1.0,1.0,1.0,1.0,1.0,1.0,1.0,1.0,1.0,1.0,1.0,1.0,1.0,1.0,1.0,1.0,1.0,1.0,1.0,1.0,1.0,1.0,1.0,1.0,1.0,1.0,1.0,1.0,1.0,1.0,1.0,1.0,1.0,1.0,1.0,1.0,1.0,1.0,1.0,1.0,1.0,1.0,1.0,1.0,1.0,1.0,1.0,1.0,1.0,1.0,1.0,1.0,1.0,1.0,1.0,1.0,1.0,1.0,1.0,1.0,1.0,1.0,1.0,1.0,1.0,1.0,1.0,1.0,1.0,1.0,1.0,1.0,1.0,1.0,1.0,1.0,1.0,1.0,1.0,1.0,1.0,1.0,1.0,1.0,1.0,1.0,1.0,1.0,1.0,1.0,1.0,1.0,1.0,1.0,1.0,1.0,1.0,1.0,1.0,1.0,1.0,1.0,1.0,1.0,1.0,1.0,1.0,1.0,1.0,1.0,1.0,1.0,1.0,1.0,1.0,1.0,1.0,1.0,1.0,1.0,1.0,1.0,1.0,1.0,1.0,1.0,1.0,1.0,1.0,1.0,1.0,1.0,1.0,1.0,1.0,1.0,1.0,1.0,1.0,1.0,1.0,1.0,1.0,1.0,1.0,1.0,1.0,1.0,1.0,1.0,1.0,1.0,1.0,1.0,1.0,1.0,1.0,1.0,1.0,1.0,1.0,1.0,1.0,1.0,1.0,1.0,1.0,1.0,1.0,1.0,1.0,1.0,1.0,1.0,1.0,1.0,1.0,1.0,1.0,1.0,1.0,1.0,1.0,1.0,1.0,1.0,1.0,1.0,1.0,1.0,1.0,1.0,1.0,1.0,1.0,1.0,0.9792603196918782,1.328006984100568,1.3062269065909695,1.1960290407832561,1.004685410858059,1.1677869771570024,0.95554507538679,1.1905892061537728,1.322737686546634,1.0381996232003374,1.0287137491594018,1.3035479994029173,0.8437871705521731,1.1877272230883238,1.2647748635443037,1.0566592910846708,1.093629598720173,1.0542659373080623,1.0688320008417322,1.0527988009161615,1.2803997003375618,1.3981968322219998,1.1356474299876722,1.4697013767501823,1.9977653848046366,1.4240534145093346,1.1970167079522003,0.943254466580571,1.4903305751613825,1.2085781177059423,1.0795635907273686,1.098194672255016,1.3250273518888693,1.174814375241373,1.5227059618394048,1.485963203842084,1.175213821960045,1.7021133963178767,1.3516982512789935,1.0203341315939451,1.2529761311266516,2.342971453098995,1.9596503319306393,1.1778871775935777,1.009731720034973,1.0020458725618437,1.094870962847391,1.0807365061530945,1.073368149490216,0.9437045880320976,0.9181257456147576,1.1501921517446125,1.3872784745350615,1.0406998200803417,0.9681500841903912,0.9875222379036583,1.0811335488278315,1.3090275649521326,1.7714410792981876,1.1651120360870748,1.4102620116560554,0.9483885578807336,1.1419071422012839,1.5441981654405899,0.9833180566530502,1.3513606428833422,1.295612025624531,1.088799154737703,1.873230132685344,1.07087487918675,1.5760092348761492,1.4035850789758055,1.333616897433986,1.4286532100569864,0.8836533068912679,1.217716847558203,0.9647188431107893,1.2114051731381499,1.2546314480176988,1.3354992907124716,1.0075539630160062,1.1811991656876675,1.6608730702191634,1.1229660368876293,0.9719275827277316,1.1126148868409649,0.9867966035217006,1.3761576629143246,1.167888773834479,1.465308686142897,1.5741233513794506,2.4794724124469347,1.3857180680620906,1.0377526389649827,0.9238987783377761,1.0548395331100318,1.326164885928287,1.4129222447602228,1.0651314725658863,0.9393289650102656,1.2045695059969748,1.0602896356849882,1.2276034904149202,1.028748828073947,1.143585083263602,0.8095865106208664,1.1561256678344733,1.3848544594809085,1.3946961913017633,1.1135207245721632,1.268107208203442,1.2367336270246123,1.1719623433273083,1.1577646424836914,1.2387282715226429,1.052312769498219,0.990455054491219,1.0235523063219385,1.2767365776268307,1.3271271309659092,1.0831651707809737,1.4333248210253087,1.3467717317939791,1.2751475877425287,1.0420951227869164,0.9050245244040178,1.4681510972048253,1.2970336317887343,1.1546520041531194,1.1942779601187996,1.1771416135133328,0.8336905299193704,1.2978648934082617,1.3244593478527702,1.1719015758423716,1.0938653313457736,0.9642890671762844,1.180753563103694,1.183053122246807,1.175362873197497,0.9737586101822051,1.241006682703358,1.110057066454782,1.2296503426048004,1.293306844288579,1.1521332635507426,1.0943795026146357,1.233886652054653,1.260747419812017,1.5938229911691923,1.176336126941379,3.120027045465136,0.7731764762125717,1.0360961902809667,2.4471049902111486,1.3446163026743798,2.401960122215674,1.266365258964281,1.1234911716635907,1.439469966275357,1.0375809908864173,1.2834907952148242,1.5691307655233424,1.9455223991301718,1.3596012737093375,1.4615490644828673,1.3006468097284776,1.7069625167032694,1.1351593548824186,0.9591384148252531,1.3438028410061567,0.784127538353414,1.3010732718666085,0.9724181029349972,1.051630293116039,1.8726198226297428,1.2223505376977584,2.7608698697636775,1.041224842551813,1.513548794359323,0.9421369239296266,1.072790811180949,1.02220542102934,1.3302443011801441,1.6031265081801545,1.1184021040952254,1.15070009330866,1.1588700573225947,1.038005541407957,1.2909712228139598,2.7591429777459178,1.6551616426858817,2.0606138633727618,2.121224343590098,0.7770974746438091,1.9200821660549372,1.6640947570226055,1.4837977373822635,1.277415030148645,1.500834629478121,1.5005688122663217,1.5260952397833003,1.3416944407317926,2.1599812759834975,1.340868604952112,1.8414180729879996,1.468218295224987,1.5328816163479506,1.9581299503309717,2.8126111668817817,1.393537574949832,1.5531911992436978,2.509818039327725,1.7945202227638604,1.1900399791241087,1.2276666097719606
1.0,1.0,1.0,1.0,1.0,1.0,1.0,1.0,1.0,1.0,1.0,1.0,1.0,1.0,1.0,1.0,1.0,1.0,1.0,1.0,1.0,1.0,1.0,1.0,1.0,1.0,1.0,1.0,1.0,1.0,1.0,1.0,1.0,1.0,1.0,1.0,1.0,1.0,1.0,1.0,1.0,1.0,1.0,1.0,1.0,1.0,1.0,1.0,1.0,1.0,1.0,1.0,1.0,1.0,1.0,1.0,1.0,1.0,1.0,1.0,1.0,1.0,1.0,1.0,1.0,1.0,1.0,1.0,1.0,1.0,1.0,1.0,1.0,1.0,1.0,1.0,1.0,1.0,1.0,1.0,1.0,1.0,1.0,1.0,1.0,1.0,1.0,1.0,1.0,1.0,1.0,1.0,1.0,1.0,1.0,1.0,1.0,1.0,1.0,1.0,1.0,1.0,1.0,1.0,1.0,1.0,1.0,1.0,1.0,1.0,1.0,1.0,1.0,1.0,1.0,1.0,1.0,1.0,1.0,1.0,1.0,1.0,1.0,1.0,1.0,1.0,1.0,1.0,1.0,1.0,1.0,1.0,1.0,1.0,1.0,1.0,1.0,1.0,1.0,1.0,1.0,1.0,1.0,1.0,1.0,1.0,1.0,1.0,1.0,1.0,1.0,1.0,1.0,1.0,1.0,1.0,1.0,1.0,1.0,1.0,1.0,1.0,1.0,1.0,1.0,1.0,1.0,1.0,1.0,1.0,1.0,1.0,1.0,1.0,1.0,1.0,1.0,1.0,1.0,1.0,1.0,1.0,1.0,1.0,1.0,1.0,1.0,1.0,1.0,1.0,1.0,1.0,1.0,1.0,1.0,1.0,1.0,1.0,1.0,1.0,1.0,1.0,1.0,1.0,1.0,1.0,1.0,1.0,1.0,1.0,1.0,1.0,1.0,1.0,1.0,1.0,1.0,1.0,1.0,1.0,1.0,1.0,1.0,1.0,1.0,1.0,1.0,1.0,1.0,1.0,1.0,1.0,1.0,1.0,1.0,1.0,1.0,1.3555506497459735,1.332444551380875,1.2193558131681006,1.0246575877570092,1.1908376250543231,0.9746278849983351,1.212438203579039,1.348114463424265,1.0571845341651198,1.0482787137568619,1.327528018134742,0.858257017907618,1.209501741930529,1.2896324313541139,1.076674051694596,1.1130284720988723,1.0749050842200716,1.0890587569959294,1.0752209985899892,1.3062747799530015,1.426461476786455,1.157282713838473,1.5001694259986111,2.036343226392761,1.451495261295711,1.2215191516915995,0.9607821693956473,1.518328540026354,1.2324123657499553,1.099025739638425,1.119105260765988,1.353691047989718,1.1979574923736038,1.5537239404779628,1.5139886794030168,1.2010155616515967,1.7363796021360147,1.3747694852091024,1.0407634694676442,1.2769994400528173,2.3784313421320955,1.9975960335979146,1.202535535041899,1.0301112683332052,1.020089971329766,1.1169944191758086,1.1001198276202429,1.0942716801569599,0.9610985025469316,0.9363322227840103,1.173950386815783,1.4137143308444187,1.0617850562042528,0.9855028054100041,1.0066935305597384,1.1030872376878476,1.336615213615318,1.809432267437708,1.1885809757109138,1.438172932195092,0.9674309717969383,1.1659549417752941,1.564793449120463,1.0016870892008662,1.378167830925043,1.3225669923852168,1.109079815653999,1.915887127621223,1.0922423318300654,1.6109890908498181,1.4320384233429901,1.3598233048499706,1.4520895862491208,0.9001066476487602,1.2419552674293612,0.9838407145104828,1.2322689700018814,1.2792758976358651,1.361402194326403,1.0274354942074395,1.206591915868831,1.6934757692205666,1.1454994431509784,0.9884507284398225,1.1292624548440564,1.0060349552597145,1.4038342301334183,1.1905865458027187,1.4937547005087553,1.6065012511529966,2.5247026614035493,1.4108342495396418,1.0576916839761383,0.940134186112816,1.0753223895478623,1.3547608663263078,1.4411581924198344,1.0857172590132058,0.9569599787714658,1.2303260092904287,1.078388663680187,1.2511780050127446,1.050197989761104,1.1637328718577842,0.8248150779910881,1.184710206251552,1.4100266241836024,1.424464407828108,1.1344604250602897,1.29298026824848,1.2595246876751265,1.194998379985259,1.1812689058914678,1.2644323749860231,1.0732571138789466,1.0109384749907515,1.0477306986366801,1.3061212184970978,1.3486034433493312,1.103467294126638,1.4608467218561176,1.377021317390485,1.3003074983850555,1.0604902514344356,0.9212182803578268,1.4968096848268948,1.3178960178440065,1.1762919755065915,1.2133950159965576,1.1982936291103838,0.8496315813763107,1.3229775390972915,1.3366957571968765,1.190761396172321,1.1121530308989753,0.9824288763913912,1.2019306977053568,1.2034674993261874,1.1980095429584685,0.9925739826215545,1.2634254078638922,1.1280379327670074,1.249571156825147,1.312006498675022,1.1694594090703248,1.1106054156745189,1.2565669202781604,1.281839660603089,1.6279542644091192,1.1973936047358245,3.1878836597311553,0.7873059357011171,1.0526063985679177,2.4904375405924504,1.3731761584555666,2.4547066709326932,1.2905339850991746,1.143661580864043,1.4660436584821661,1.057997186652601,1.308361309667969,1.5941843214141023,1.9660627858059683,1.3830476439442612,1.4920399151433963,1.3246918958881588,1.726069284532738,1.1570928902776998,0.9756685769385622,1.3692209902236605,0.7963285750678846,1.3179921017014156,0.9863243330847296,1.0693472224946867,1.9022815806845892,1.2439263770771813,2.802266852111422,1.0624989487237884,1.5438321575033724,0.9607098705547967,1.0926666211078984,1.0428068230424286,1.3568820181143537,1.6341324132147084,1.139640520719809,1.1728498489419033,1.1819801623538917,1.0539653407190022,1.316660333731066,2.8097426381400625,1.6873198222468178,2.115575008968845,2.16975037553255,0.7907767011512008,1.9481429066012645,1.6955327377092964,1.5123420505458196,1.305505468631273,1.5309756316179604,1.531417591756977,1.5564650213822895,1.3714950192583384,2.19701342073545,1.3624290964454568,1.8769063977949436,1.4991601326614923,1.5623337463698035,1.9957068871886636,2.8343993905834046,1.413140579828925,1.5836576900812143,2.56197524436518,1.8297877872584176,1.2091393049371073,1.251369521485179
1.0,1.0,1.0,1.0,1.0,1.0,1.0,1.0,1.0,1.0,1.0,1.0,1.0,1.0,1.0,1.0,1.0,1.0,1.0,1.0,1.0,1.0,1.0,1.0,1.0,1.0,1.0,1.0,1.0,1.0,1.0,1.0,1.0,1.0,1.0,1.0,1.0,1.0,1.0,1.0,1.0,1.0,1.0,1.0,1.0,1.0,1.0,1.0,1.0,1.0,1.0,1.0,1.0,1.0,1.0,1.0,1.0,1.0,1.0,1.0,1.0,1.0,1.0,1.0,1.0,1.0,1.0,1.0,1.0,1.0,1.0,1.0,1.0,1.0,1.0,1.0,1.0,1.0,1.0,1.0,1.0,1.0,1.0,1.0,1.0,1.0,1.0,1.0,1.0,1.0,1.0,1.0,1.0,1.0,1.0,1.0,1.0,1.0,1.0,1.0,1.0,1.0,1.0,1.0,1.0,1.0,1.0,1.0,1.0,1.0,1.0,1.0,1.0,1.0,1.0,1.0,1.0,1.0,1.0,1.0,1.0,1.0,1.0,1.0,1.0,1.0,1.0,1.0,1.0,1.0,1.0,1.0,1.0,1.0,1.0,1.0,1.0,1.0,1.0,1.0,1.0,1.0,1.0,1.0,1.0,1.0,1.0,1.0,1.0,1.0,1.0,1.0,1.0,1.0,1.0,1.0,1.0,1.0,1.0,1.0,1.0,1.0,1.0,1.0,1.0,1.0,1.0,1.0,1.0,1.0,1.0,1.0,1.0,1.0,1.0,1.0,1.0,1.0,1.0,1.0,1.0,1.0,1.0,1.0,1.0,1.0,1.0,1.0,1.0,1.0,1.0,1.0,1.0,1.0,1.0,1.0,1.0,1.0,1.0,1.0,1.0,1.0,1.0,1.0,1.0,1.0,1.0,1.0,1.0,1.0,1.0,1.0,1.0,1.0,1.0,1.0,1.0,1.0,1.0,1.0,1.0,1.0,1.0,1.0,1.0,1.0,1.0,1.0,1.0,1.0,1.0,1.0,1.0,1.0,1.0,1.0,1.0,1.0,0.9820144242461991,0.8988506948290442,0.7553847338995403,0.8783943553648909,0.7181805566854411,0.8937231614392518,0.9941376491475912,0.7789622211845029,0.772656702223937,0.9792566834283591,0.6326635817534273,0.892103332452092,0.9509801370811868,0.7937198037074593,0.8204971835516315,0.7921768401468707,0.8025991049996772,0.7926420783561865,0.9628757981322238,1.0519062819844933,0.8528597564664417,1.1060533761937656,1.5026341362483646,1.0701230186953339,0.9001223802475178,0.708227962236467,1.1196113061348605,0.9082116602738435,0.8088889697888489,0.8249502225015718,0.9991156954183331,0.8829612098827857,1.1446676734027323,1.116419575736402,0.8848083633310765,1.279928580336657,1.0133512271354141,0.766946692922813,0.9416751320965351,1.7568787260445995,1.472817168039328,0.886386155610589,0.7595534081249529,0.752464976689825,0.8237265328281707,0.8107543511270211,0.806504008828647,0.7085801377335046,0.6899576205950215,0.8652673148327832,1.042523538259009,0.7826516569907429,0.7266940368811937,0.7415371095780315,0.8125636627408511,0.9850232530409018,1.3337547034836827,0.8770965479424846,1.0605139338833616,0.7129815874395986,0.8588783600366043,1.1547997400025758,0.7382628408028926,1.0165065209987625,0.9745266809483872,0.8176019319875387,1.413205110327341,0.8053091577530928,1.1872959424530949,1.0554177933672129,1.0025039675898733,1.0716118606093272,0.6633792565692813,0.9152711163248495,0.7248532335280058,0.9083051260516647,0.9429310874796555,1.0032539437275032,0.7572816762032507,0.8897249845424922,1.249209111110502,0.8440239220992507,0.7282852133162447,0.8325826135839989,0.741872836540193,1.0347010204396347,0.8777191255291888,1.100685661363204,1.1842697485918285,1.8612717145562683,1.0401998900141065,0.7796487546000971,0.6927951557486177,0.7925559623986609,0.9983233151099187,1.0626057516686904,0.8001814096766793,0.7054882160856508,0.9068905685230135,0.7952131425544509,0.9223356810126223,0.773839473339788,0.8583080300539068,0.6082731179916913,0.8733372975623708,1.0391598010663172,1.0500624576757993,0.8359545994188085,0.9530282347454817,0.9286221129567285,0.8804814682927719,0.8705129469306595,0.9312750133537431,0.7910868357344267,0.7448126347658459,0.7710842827463503,0.9629663326784985,0.9942708003480508,0.8131849817541197,1.0774359805671048,1.0147980369514726,0.9582689573206509,0.7817569408252162,0.6789760802916076,1.1038188386791377,0.9721604259197256,0.8670542809128875,0.894847427068912,0.8834028164097183,0.6263321404086717,0.9753561305658601,0.9890282461136783,0.8782378823274688,0.8199157177110388,0.7240360966150208,0.8863814316727303,0.8875554022727965,0.8830793025791543,0.7322704749432211,0.9312112752555748,0.8314450961085216,0.9215687298585593,0.9674504736340895,0.8617683003158041,0.8186894369151756,0.9261986862467474,0.9452986788425954,1.20063522562214,0.8824355129740067,2.3541089627695335,0.5803971725551125,0.7768570089713471,1.8362235060761014,1.0124796188930116,1.8090184795776771,0.9506962841111506,0.842514338870665,1.081412312883439,0.7798465967749428,0.9634282646166878,1.1769782841699232,1.4513699492933787,1.0198998792777005,1.0990191047873556,0.9763365075002155,1.2738228392189808,0.8527797564960102,0.7197098589557692,1.0091704289979917,0.5873958243594013,0.9728417528638347,0.7274469822280882,0.7884727728409817,1.4040231300351573,0.9173938618576881,2.0692197634717173,0.7827276819543432,1.1382339268068093,0.708039736946839,0.8056563130043481,0.7685061746637338,0.9999921880788006,1.2046010041684612,0.8397826518550651,0.8646157740351578,0.8709977249658114,0.7772701969515103,0.9705549467147437,2.069933706176667,1.2431947855014265,1.5562563770869517,1.600254661827675,0.5829034149590016,1.438965905475471,1.251013546877386,1.11474346173719,0.9624877324086822,1.1286015015276862,1.128391683078968,1.146952449144833,1.010747896723146,1.6206975987131482,1.0044371183108374,1.3850832911678597,1.1051400084373326,1.151658872659791,1.4705067931034101,2.091450984613041,1.0427050644736262,1.1671522752449337,1.8854349315283188,1.348588557092364,0.8921052776081727,0.9221945162047881
1.0,1.0,1.0,1.0,1.0,1.0,1.0,1.0,1.0,1.0,1.0,1.0,1.0,1.0,1.0,1.0,1.0,1.0,1.0,1.0,1.0,1.0,1.0,1.0,1.0,1.0,1.0,1.0,1.0,1.0,1.0,1.0,1.0,1.0,1.0,1.0,1.0,1.0,1.0,1.0,1.0,1.0,1.0,1.0,1.0,1.0,1.0,1.0,1.0,1.0,1.0,1.0,1.0,1.0,1.0,1.0,1.0,1.0,1.0,1.0,1.0,1.0,1.0,1.0,1.0,1.0,1.0,1.0,1.0,1.0,1.0,1.0,1.0,1.0,1.0,1.0,1.0,1.0,1.0,1.0,1.0,1.0,1.0,1.0,1.0,1.0,1.0,1.0,1.0,1.0,1.0,1.0,1.0,1.0,1.0,1.0,1.0,1.0,1.0,1.0,1.0,1.0,1.0,1.0,1.0,1.0,1.0,1.0,1.0,1.0,1.0,1.0,1.0,1.0,1.0,1.0,1.0,1.0,1.0,1.0,1.0,1.0,1.0,1.0,1.0,1.0,1.0,1.0,1.0,1.0,1.0,1.0,1.0,1.0,1.0,1.0,1.0,1.0,1.0,1.0,1.0,1.0,1.0,1.0,1.0,1.0,1.0,1.0,1.0,1.0,1.0,1.0,1.0,1.0,1.0,1.0,1.0,1.0,1.0,1.0,1.0,1.0,1.0,1.0,1.0,1.0,1.0,1.0,1.0,1.0,1.0,1.0,1.0,1.0,1.0,1.0,1.0,1.0,1.0,1.0,1.0,1.0,1.0,1.0,1.0,1.0,1.0,1.0,1.0,1.0,1.0,1.0,1.0,1.0,1.0,1.0,1.0,1.0,1.0,1.0,1.0,1.0,1.0,1.0,1.0,1.0,1.0,1.0,1.0,1.0,1.0,1.0,1.0,1.0,1.0,1.0,1.0,1.0,1.0,1.0,1.0,1.0,1.0,1.0,1.0,1.0,1.0,1.0,1.0,1.0,1.0,1.0,1.0,1.0,1.0,1.0,1.0,1.0,1.0,0.9144118831491974,0.7684936554489865,0.8928694723950854,0.7310154932735652,0.9100585782031348,1.011428346390138,0.7930097669186842,0.786073499499516,0.9963172955571465,0.6440084340000436,0.9075246310380212,0.9675755670900075,0.8076729730183548,0.8349814216875788,0.8061925574996843,0.8168465455029574,0.806195962865591,0.979912286188459,1.0694372782192527,0.8679072014148235,1.1252140340613586,1.5273699280070354,1.0888646175015197,0.9163351784143778,0.7208633637033197,1.1390707569208227,0.9245176939993468,0.8241589130089002,0.8396502868655206,1.0152380660067113,0.898044115940544,1.1651777461208908,1.1360150560923206,0.9002633297468526,1.3026758307476858,1.0313998966469775,0.7807901858346584,0.9578523507063527,1.787265925292619,1.4991571742916765,0.9016230365234177,0.7726627933662801,0.7657097657984762,0.8377128523253805,0.8252675121538995,0.8208245048327488,0.7210685222786744,0.7022830663880847,0.8806357191461205,1.0606015643150881,0.796341398858661,0.7396377073429674,0.75486171957504,0.8270069801920222,1.0023746907005355,1.3574183907131765,0.8919650523346476,1.0784057184159963,0.7257528643358977,0.8740000239886005,1.1764166501365896,0.7510711004963518,1.0338112059552067,0.9920136982476222,0.8320505595462859,1.4366320039088092,0.819427687608931,1.2081220674216853,1.074026570948968,1.0203677620749732,1.0907264642690706,0.6753287407054382,0.9317909120133425,0.7379392972943053,0.924530335378462,0.959706502841883,1.021315516357275,0.7706635997043894,0.9053704262733593,1.2704091925977912,0.8589749879340142,0.7417998406654494,0.8481374573775236,0.754867687508902,1.0529528732293563,0.8932534178433434,1.1205096134352015,1.2048271059145916,1.8949274080372405,1.0586985972857006,0.7934757343369057,0.7053182292496083,0.8066127335677454,1.0158665875278228,1.081255875661909,0.8144931165627521,0.7178418362040224,0.9226286561972293,0.8093990025343528,0.9389371029992,0.7874427957190843,0.8734056194818964,0.6189715344682307,0.8877229526414354,1.0582682005177935,1.06817886278407,0.8505818892398802,0.9700113407996678,0.9453693086532502,0.896090246964258,0.88593625716221,0.9484756226741301,0.8049806980795657,0.7578666898205912,0.7847968527000468,0.9789545122737111,1.0116531449387343,0.8279923819582319,1.0960303315283717,1.0323768494628274,0.9754114959141283,0.7954610965898886,0.6913557792081577,1.1227933698315342,0.9892217266004846,0.8825032764885445,0.9110822113971422,0.8987957046827874,0.6371669377578223,0.992809842646706,1.0056968914084772,0.8941024479919137,0.8341748813702323,0.7365878760400495,0.9021111895004805,0.9033066389665528,0.898739377428862,0.7447005241939613,0.94756081468445,0.8464824801962847,0.938032743643797,0.9846952573955758,0.8778373898078696,0.8334654966234429,0.9422206440922853,0.9625624364733646,1.2203971848876414,0.8981873223141895,2.392682478380826,0.5907420827880383,0.7899829259080116,1.870011297057058,1.0297663263785464,1.8407389241958274,0.968253429782626,0.8577005157202673,1.0999713604945651,0.7935402901495336,0.9812481013858638,1.197173171522193,1.4765590358406409,1.038561486344998,1.1183124003576572,0.9930076634043372,1.2976063540704037,0.8681029194499447,0.732469158327623,1.0261052919624194,0.5978324622899265,0.9900249172558904,0.7406852098557498,0.8027655973247616,1.427861326150898,0.9334852102436035,2.1045422701009793,0.7968030475669572,1.1576440051345154,0.7206256938012509,0.8193826007267178,0.7820634665895179,1.0175752739278465,1.225939455750059,0.8550801865594468,0.8800421751445633,0.886119830380295,0.7911115682204759,0.9881705002648942,2.1075287254961945,1.2659359502927925,1.5828967377743335,1.625664082533348,0.5930954430371254,1.463702363001178,1.2721269644511604,1.1346643635890825,0.9787871343229319,1.1482270511972998,1.1481171985195888,1.1677561890940007,1.0278166667484687,1.6489179957589257,1.0228592908213123,1.40934355930659,1.124064281910923,1.1720249324913021,1.496403730542363,2.1305738562346206,1.061186512764141,1.1879093909761784,1.9214457427440659,1.373028676045784,0.9078756099216467,0.9386212540252646
1.0,1.0,1.0,1.0,1.0,1.0,1.0,1.0,1.0,1.0,1.0,1.0,1.0,1.0,1.0,1.0,1.0,1.0,1.0,1.0,1.0,1.0,1.0,1.0,1.0,1.0,1.0,1.0,1.0,1.0,1.0,1.0,1.0,1.0,1.0,1.0,1.0,1.0,1.0,1.0,1.0,1.0,1.0,1.0,1.0,1.0,1.0,1.0,1.0,1.0,1.0,1.0,1.0,1.0,1.0,1.0,1.0,1.0,1.0,1.0,1.0,1.0,1.0,1.0,1.0,1.0,1.0,1.0,1.0,1.0,1.0,1.0,1.0,1.0,1.0,1.0,1.0,1.0,1.0,1.0,1.0,1.0,1.0,1.0,1.0,1.0,1.0,1.0,1.0,1.0,1.0,1.0,1.0,1.0,1.0,1.0,1.0,1.0,1.0,1.0,1.0,1.0,1.0,1.0,1.0,1.0,1.0,1.0,1.0,1.0,1.0,1.0,1.0,1.0,1.0,1.0,1.0,1.0,1.0,1.0,1.0,1.0,1.0,1.0,1.0,1.0,1.0,1.0,1.0,1.0,1.0,1.0,1.0,1.0,1.0,1.0,1.0,1.0,1.0,1.0,1.0,1.0,1.0,1.0,1.0,1.0,1.0,1.0,1.0,1.0,1.0,1.0,1.0,1.0,1.0,1.0,1.0,1.0,1.0,1.0,1.0,1.0,1.0,1.0,1.0,1.0,1.0,1.0,1.0,1.0,1.0,1.0,1.0,1.0,1.0,1.0,1.0,1.0,1.0,1.0,1.0,1.0,1.0,1.0,1.0,1.0,1.0,1.0,1.0,1.0,1.0,1.0,1.0,1.0,1.0,1.0,1.0,1.0,1.0,1.0,1.0,1.0,1.0,1.0,1.0,1.0,1.0,1.0,1.0,1.0,1.0,1.0,1.0,1.0,1.0,1.0,1.0,1.0,1.0,1.0,1.0,1.0,1.0,1.0,1.0,1.0,1.0,1.0,1.0,1.0,1.0,1.0,1.0,1.0,1.0,1.0,1.0,1.0,1.0,1.0,0.8395923987609203,0.976094788515122,0.7980776412862578,0.9946741270624946,1.1052534161271468,0.8672628387128577,0.8596627644921437,1.0901287699877797,0.7052521047797355,0.9931025469419759,1.056885745615136,0.8829069856145885,0.9140966527073713,0.8806058894494355,0.8930614193473707,0.8793679975192666,1.0692821369928744,1.1689215503270207,0.9488475379466468,1.2278488572035555,1.6702880174147798,1.1900909748441029,0.9995007088779491,0.7881136456771363,1.245634434345887,1.0095263011015552,0.9011766249440458,0.9172878776741101,1.1077318463517325,0.9819994492081314,1.2714426929953135,1.2419254460907982,0.9818391440542011,1.421756669647975,1.1295866262114693,0.8519549929068324,1.0474396794777614,1.961646184176447,1.6370911646029684,0.9837592976839962,0.8435417760103069,0.8375444875335067,0.9147543877745365,0.903001806769788,0.8965396209879724,0.7886160483319407,0.7666751129113332,0.9606771258659709,1.1598562390189933,0.8693571022246491,0.809213478955947,0.8249776529125287,0.9029342073660068,1.0932227369282963,1.4792995747206312,0.973957587248782,1.178783005124178,0.7922471766764163,0.9534722195552277,1.2914934017128363,0.8212536854162122,1.1293051975430837,1.0816296680961819,0.909847919698566,1.5638404118483118,0.8945190184354139,1.3161611342154718,1.1724056847993196,1.113939691422013,1.194652627938432,0.7383181585084759,1.0167926820677897,0.8056022281922812,1.0122070702930799,1.048110570027311,1.1154980575486375,0.8417015194233086,0.9869676803904582,1.3884562331715116,0.9374701314328074,0.8118531654790685,0.9301054455721496,0.8245786238142284,1.149850074222225,0.9758880381232835,1.22384512627749,1.3150863352759892,2.070464087739538,1.157708514437008,0.8669307696101063,0.7721549622858748,0.8810624212584616,1.1073054204167052,1.1808835463898442,0.8897425034871256,0.7849381159034707,1.005965012719472,0.886218415787265,1.0258376146951902,0.8589739526234677,0.956219591955793,0.6766087570224506,0.9656295827732218,1.1568203638959134,1.1646254660823114,0.9303643628691022,1.059274084850673,1.033255366448545,0.9787783814332166,0.966971151532965,1.0340083775309217,0.8790642789466405,0.8270800532299589,0.8537719531457366,1.0656445901443088,1.1098225073843286,0.9048762240972179,1.1977858677522049,1.1247727165458055,1.0650278568641722,0.8708714214727478,0.7563981306122637,1.2266097263544162,1.085156102016906,0.9647006326061067,0.9984955846569886,0.983904561554184,0.6967102620995445,1.08427717057718,1.1111993817603052,0.9796986088026737,0.9146129152555944,0.8060050702537995,0.9868310936041087,0.9888877676073184,0.9818825937807595,0.8140163873762292,1.0367546088518158,0.9279455729133208,1.028443735675485,1.0811661393384036,0.9626323048804883,0.9148966415443496,1.03136850853307,1.053764117302948,1.3312105591037593,0.9826345553239422,2.6088731950304345,0.6460641968623639,0.8667829806719418,2.044700474712225,1.1235994774656657,2.005275070650055,1.0575908561782432,0.938703201363624,1.203111561172912,0.8667469080448769,1.0719376326445396,1.3127540100261395,1.6309035830420415,1.1362614070767072,1.2197179023851854,1.0869826580558288,1.428680811655659,0.9482647755505367,0.8017951064077264,1.1233372935015464,0.6557389918804266,1.088864726477204,0.813316102637117,0.8792696362109416,1.5666255393877444,1.022002101384473,2.311098935245603,0.8694442165680591,1.2649152835454345,0.7869456706453675,0.8969206546391157,0.8536908314277651,1.111491222122539,1.3397814164552329,0.9343259464409429,0.9617076356801406,0.967797433230428,0.8682351232484418,1.0783511285233378,2.3056516599939174,1.3821836445098492,1.719566511465334,1.7727365738011858,0.649625575446292,1.607255961571728,1.3918989624854765,1.2396602802220529,1.0666560088002695,1.254041988933414,1.252509150709874,1.2742539676860907,1.120080695074924,1.8062643693450173,1.1207377079176046,1.5408107248790552,1.2265207749519282,1.2809351972515526,1.6356741658100344,2.3554151220486474,1.16533981614753,1.2974798784001833,2.0951545797047535,1.4992417270372207,0.9954882834376584,1.025517162513595
1.0,1.0,1.0,1.0,1.0,1.0,1.0,1.0,1.0,1.0,1.0,1.0,1.0,1.0,1.0,1.0,1.0,1.0,1.0,1.0,1.0,1.0,1.0,1.0,1.0,1.0,1.0,1.0,1.0,1.0,1.0,1.0,1.0,1.0,1.0,1.0,1.0,1.0,1.0,1.0,1.0,1.0,1.0,1.0,1.0,1.0,1.0,1.0,1.0,1.0,1.0,1.0,1.0,1.0,1.0,1.0,1.0,1.0,1.0,1.0,1.0,1.0,1.0,1.0,1.0,1.0,1.0,1.0,1.0,1.0,1.0,1.0,1.0,1.0,1.0,1.0,1.0,1.0,1.0,1.0,1.0,1.0,1.0,1.0,1.0,1.0,1.0,1.0,1.0,1.0,1.0,1.0,1.0,1.0,1.0,1.0,1.0,1.0,1.0,1.0,1.0,1.0,1.0,1.0,1.0,1.0,1.0,1.0,1.0,1.0,1.0,1.0,1.0,1.0,1.0,1.0,1.0,1.0,1.0,1.0,1.0,1.0,1.0,1.0,1.0,1.0,1.0,1.0,1.0,1.0,1.0,1.0,1.0,1.0,1.0,1.0,1.0,1.0,1.0,1.0,1.0,1.0,1.0,1.0,1.0,1.0,1.0,1.0,1.0,1.0,1.0,1.0,1.0,1.0,1.0,1.0,1.0,1.0,1.0,1.0,1.0,1.0,1.0,1.0,1.0,1.0,1.0,1.0,1.0,1.0,1.0,1.0,1.0,1.0,1.0,1.0,1.0,1.0,1.0,1.0,1.0,1.0,1.0,1.0,1.0,1.0,1.0,1.0,1.0,1.0,1.0,1.0,1.0,1.0,1.0,1.0,1.0,1.0,1.0,1.0,1.0,1.0,1.0,1.0,1.0,1.0,1.0,1.0,1.0,1.0,1.0,1.0,1.0,1.0,1.0,1.0,1.0,1.0,1.0,1.0,1.0,1.0,1.0,1.0,1.0,1.0,1.0,1.0,1.0,1.0,1.0,1.0,1.0,1.0,1.0,1.0,1.0,1.0,1.0,1.0,1.0,1.1621305339622543,0.9504698829029168,1.184080767267161,1.3160010272471934,1.031575209602416,1.022928436250802,1.2975186291308463,0.8383388916064809,1.1815662323574216,1.2589939232480423,1.0504308139368528,1.0869255824009014,1.0481645268557176,1.0626844777675382,1.0481998242449428,1.2740969956194153,1.3921999896487367,1.1289256876627212,1.462921587009851,1.9894369553285323,1.4170489218402662,1.190814387909949,0.9378687784109123,1.4827911284151694,1.2024727414567689,1.0717990626309553,1.0918694942402283,1.32100398391872,1.168910031717211,1.5148783955325116,1.4786190320094015,1.170670713430216,1.6939189524195297,1.3426616875079058,1.0147618463493697,1.2471375933072384,2.332632816137812,1.9506981254827296,1.1722518696059603,1.0047755968116614,0.9967655453297168,1.0893481748484681,1.0737641220485636,1.0673192607019646,0.93838823334594,0.9129822922464581,1.1450685514151062,1.3811858293117312,1.0355542178735235,0.9627851352029196,0.9817297490486462,1.0750355934914817,1.3028995839095356,1.7637745106856577,1.1600373284054184,1.4040448813930562,0.9433551563816684,1.1360719530392887,1.5339447918346645,0.9767491159397261,1.3450449352971279,1.2888064613176566,1.0824450756424997,1.866637421669365,1.0652487378815865,1.5686189852653185,1.3967624089485735,1.3269024865066004,1.421777264853869,0.8785242787964958,1.2110931977454868,0.9591478963034399,1.2034158906911887,1.2483078340029978,1.3284387676899612,1.0020982741407445,1.1765297749958417,1.6538583833869342,1.1163781791313623,0.9649035332661879,1.1047312568642145,0.9817488911264827,1.3694365914268378,1.1623369833541977,1.4576516708895997,1.5667300590373365,2.464642964695939,1.376851534207118,1.0319357054318443,0.918352577929709,1.0489201836601938,1.3202312537653986,1.4065981682035555,1.059334870692102,0.9341564541516976,1.1990086303183534,1.053997050373499,1.2216827969180226,1.0235630652410093,1.137616496688239,0.8049782780138868,1.1528166655245178,1.3758754995650933,1.387995422428002,1.1070370913497634,1.2610771967503118,1.2304670796079828,1.1650445298009906,1.1519167076469836,1.2317628581756312,1.0468626882005092,0.9848863511553021,1.0180583921956947,1.2712936384122897,1.317348576644294,1.0770800916559256,1.4265510590798853,1.34229866869359,1.2686352324583767,1.0356411882268435,0.8999029979914066,1.4603427585129904,1.2895106120858457,1.1482571083925421,1.1865997052910031,1.1700997987499733,0.8289945065524011,1.2911204805442313,1.3160825474443147,1.164501341712207,1.0868881693862469,0.9582170742275521,1.1740668764474074,1.1759570523466336,1.1687741989569944,0.9693782967393462,1.2332240500072182,1.1027965523191534,1.2221780739807944,1.2831715888374817,1.1432723508074591,1.0858481794106847,1.2267698025660543,1.2530353160594727,1.5865624557690245,1.1685577082893381,3.109686631199314,0.7686983272983774,1.0300060444897134,2.4352071298250073,1.3388455769348873,2.392053411203199,1.2592642257075823,1.116204721358051,1.431948852786634,1.0320125578640613,1.2759134226026436,1.561063466255653,1.9351768778010108,1.3524264393289762,1.452499393233456,1.292640085741221,1.6946287604924792,1.1293009726497458,0.9540553593931875,1.3351787048974826,0.7788884992810601,1.2925356225154272,0.9657251329386058,1.0454808568389993,1.8617164676775613,1.215231356262736,2.7463850234139358,1.0356928951123436,1.5056283455917385,0.9368774151150847,1.0659508035124365,1.0167017477147386,1.3236112558064363,1.5951771828250314,1.112512248783409,1.1450411165240222,1.1527432481644897,1.0315516624404988,1.2849351757012053,2.742907948861217,1.6461900831116734,2.054827488350734,2.1109393266573995,0.7724725073787262,1.9100829806777013,1.6570415081576932,1.4763216673096275,1.2718008180136038,1.4935996558885822,1.4922504795242397,1.5176963372671324,1.3352893656876696,2.147798074755635,1.331739690944583,1.8336740262639948,1.462521095952161,1.5251378089837195,1.9465642032423585,2.7871272521574904,1.3839317810777105,1.544959082727226,2.4971806292302157,1.7858571535542387,1.1834015571481062,1.220531550656517
1.0,1.0,1.0,1.0,1.0,1.0,1.0,1.0,1.0,1.0,1.0,1.0,1.0,1.0,1.0,1.0,1.0,1.0,1.0,1.0,1.0,1.0,1.0,1.0,1.0,1.0,1.0,1.0,1.0,1.0,1.0,1.0,1.0,1.0,1.0,1.0,1.0,1.0,1.0,1.0,1.0,1.0,1.0,1.0,1.0,1.0,1.0,1.0,1.0,1.0,1.0,1.0,1.0,1.0,1.0,1.0,1.0,1.0,1.0,1.0,1.0,1.0,1.0,1.0,1.0,1.0,1.0,1.0,1.0,1.0,1.0,1.0,1.0,1.0,1.0,1.0,1.0,1.0,1.0,1.0,1.0,1.0,1.0,1.0,1.0,1.0,1.0,1.0,1.0,1.0,1.0,1.0,1.0,1.0,1.0,1.0,1.0,1.0,1.0,1.0,1.0,1.0,1.0,1.0,1.0,1.0,1.0,1.0,1.0,1.0,1.0,1.0,1.0,1.0,1.0,1.0,1.0,1.0,1.0,1.0,1.0,1.0,1.0,1.0,1.0,1.0,1.0,1.0,1.0,1.0,1.0,1.0,1.0,1.0,1.0,1.0,1.0,1.0,1.0,1.0,1.0,1.0,1.0,1.0,1.0,1.0,1.0,1.0,1.0,1.0,1.0,1.0,1.0,1.0,1.0,1.0,1.0,1.0,1.0,1.0,1.0,1.0,1.0,1.0,1.0,1.0,1.0,1.0,1.0,1.0,1.0,1.0,1.0,1.0,1.0,1.0,1.0,1.0,1.0,1.0,1.0,1.0,1.0,1.0,1.0,1.0,1.0,1.0,1.0,1.0,1.0,1.0,1.0,1.0,1.0,1.0,1.0,1.0,1.0,1.0,1.0,1.0,1.0,1.0,1.0,1.0,1.0,1.0,1.0,1.0,1.0,1.0,1.0,1.0,1.0,1.0,1.0,1.0,1.0,1.0,1.0,1.0,1.0,1.0,1.0,1.0,1.0,1.0,1.0,1.0,1.0,1.0,1.0,1.0,1.0,1.0,1.0,1.0,1.0,1.0,1.0,1.0,0.8164053285335877,1.0180172487653594,1.1309304527274047,0.887470568910733,0.8794427291707415,1.1150698576384648,0.7213745550330571,1.0156729849186035,1.0817005777678053,0.903306263635286,0.9350733391352352,0.9010187195696435,0.9138239630885755,0.8999302769494694,1.0942142385167384,1.1962214258686403,0.9707294149410848,1.2568516339961473,1.7105365585476622,1.2178096169771733,1.022381633162437,0.8061264859794803,1.2751209470303677,1.0326051833855685,0.9212136620312307,0.9383582141467548,1.1354714300564155,1.004704472282669,1.3005179555215685,1.2709041939758015,1.0048591606291561,1.4550219197752718,1.1555551964851472,0.8715091510159468,1.0717942587884728,2.0068896386898567,1.6752854951203198,1.0067731012332373,0.8632916021258827,0.8572243574441577,0.9362938374887131,0.9239248255816601,0.9171620966997336,0.8068285746028856,0.7845447048386492,0.9830139991140596,1.1869110885742304,0.8894031244108881,0.8276110926458086,0.8437929062173477,0.9234024963457035,1.118590910521381,1.5133672407091243,0.9973959984013311,1.2061768846241583,0.8105682849293296,0.975742040993095,1.3209774018322769,0.8403281873109477,1.1561417703673218,1.10653534066173,0.9309465182175765,1.6015901006599105,0.9153592250512633,1.3473470640897058,1.1994415026920688,1.1397741273232525,1.2229023156105654,0.755203548957508,1.0401156949019303,0.8238286452573153,1.0353130549590412,1.072432340512889,1.1410735048841696,0.8612285905141552,1.0098041830712756,1.4205662801127152,0.9591024987752321,0.8299595816370792,0.9511625036428628,0.8436763446353821,1.176248735999982,0.998445443352009,1.2517913782976244,1.3461412503569816,2.1183031793808356,1.184458735903584,0.8869056251762503,0.7896189666763043,0.901507017287581,1.133109925311273,1.2082230119233248,0.9105128586969974,0.8030315389936761,1.028925342085593,0.9067820064029262,1.0499296752761524,0.8790406268665307,0.978232794523034,0.6923578971888684,0.9883306841230837,1.182804488224442,1.1924612025453014,0.9514097214316389,1.083630445094495,1.0580819291799088,1.001337601471831,0.9891318988831715,1.0574427087147704,0.8993331417503017,0.8457104383294103,0.8734304234067707,1.0911859365620054,1.1349469770509109,0.9254910629575125,1.2256839813829463,1.1508233368122207,1.0895391131864391,0.8910994001429304,0.7735540831098099,1.2550343449627936,1.1099005292302353,0.987035024006985,1.0211221652045603,1.0062381168918462,0.7127980897883737,1.1093475957148569,1.1373652868423167,1.0021688534622717,0.9353209038937891,0.8244300857096407,1.0096996536573168,1.011657917797291,1.0046314838272679,0.8331835281702857,1.0599095904198557,0.9493555798166621,1.052243668927705,1.1058917690295589,0.9843516951148885,0.9356380525588165,1.0549385299968048,1.077665301686311,1.3635215238813845,1.005045476075289,2.6698026998954925,0.660806018261609,0.8869297231247237,2.092057462522763,1.1499693814178373,2.052681954439517,1.0815115096674468,0.959938639727427,1.231067345317724,0.8866141056107926,1.0958948068844168,1.3439071552464354,1.6688784738756612,1.1623303038312576,1.2471509617643912,1.1114418222705904,1.4609811717477532,0.9700009171551236,0.8205415772176383,1.1494661901366647,0.6708204057413774,1.1135730582024492,0.8317051230642165,0.8994958951898728,1.6035124253653315,1.0454499377604702,2.365061981620443,0.8893815427742149,1.2940683365529346,0.8050567530501336,0.9177267435844855,0.8732004240506395,1.1370810727792635,1.3705371145943328,0.9561299341596917,0.983751686191269,0.9908721447026402,0.8881614501996349,1.103475821052513,2.3545937757401125,1.4132875858994594,1.7608910102900108,1.811724406831957,0.6646188677029435,1.645484466419503,1.4243835461013776,1.2685170197602185,1.091831667705811,1.2829403863925406,1.2814433873958495,1.3034322197224981,1.1466576442472172,1.8480482431520941,1.1458625188095937,1.5774623498988807,1.2553536759012691,1.3103253890412856,1.6731496903148932,2.404099309026856,1.1928257237838567,1.3271269217847732,2.144957603560282,1.5341307852357635,1.018790833693462,1.0488954688063599
1.0,1.0,1.0,1.0,1.0,1.0,1.0,1.0,1.0,1.0,1.0,1.0,1.0,1.0,1.0,1.0,1.0,1.0,1.0,1.0,1.0,1.0,1.0,1.0,1.0,1.0,1.0,1.0,1.0,1.0,1.0,1.0,1.0,1.0,1.0,1.0,1.0,1.0,1.0,1.0,1.0,1.0,1.0,1.0,1.0,1.0,1.0,1.0,1.0,1.0,1.0,1.0,1.0,1.0,1.0,1.0,1.0,1.0,1.0,1.0,1.0,1.0,1.0,1.0,1.0,1.0,1.0,1.0,1.0,1.0,1.0,1.0,1.0,1.0,1.0,1.0,1.0,1.0,1.0,1.0,1.0,1.0,1.0,1.0,1.0,1.0,1.0,1.0,1.0,1.0,1.0,1.0,1.0,1.0,1.0,1.0,1.0,1.0,1.0,1.0,1.0,1.0,1.0,1.0,1.0,1.0,1.0,1.0,1.0,1.0,1.0,1.0,1.0,1.0,1.0,1.0,1.0,1.0,1.0,1.0,1.0,1.0,1.0,1.0,1.0,1.0,1.0,1.0,1.0,1.0,1.0,1.0,1.0,1.0,1.0,1.0,1.0,1.0,1.0,1.0,1.0,1.0,1.0,1.0,1.0,1.0,1.0,1.0,1.0,1.0,1.0,1.0,1.0,1.0,1.0,1.0,1.0,1.0,1.0,1.0,1.0,1.0,1.0,1.0,1.0,1.0,1.0,1.0,1.0,1.0,1.0,1.0,1.0,1.0,1.0,1.0,1.0,1.0,1.0,1.0,1.0,1.0,1.0,1.0,1.0,1.0,1.0,1.0,1.0,1.0,1.0,1.0,1.0,1.0,1.0,1.0,1.0,1.0,1.0,1.0,1.0,1.0,1.0,1.0,1.0,1.0,1.0,1.0,1.0,1.0,1.0,1.0,1.0,1.0,1.0,1.0,1.0,1.0,1.0,1.0,1.0,1.0,1.0,1.0,1.0,1.0,1.0,1.0,1.0,1.0,1.0,1.0,1.0,1.0,1.0,1.0,1.0,1.0,1.0,1.0,1.0,1.0,1.0,1.2451286041981302,1.3838916884075076,1.0852516444994766,1.0759138890713562,1.363545764061329,0.8816795612345389,1.2421177884589385,1.3235733350493721,1.1050180763336357,1.1430953728227848,1.1028391790213925,1.1177987415840165,1.1026239665267181,1.3401885412378898,1.4634886864996115,1.1876859531421413,1.5386493750503403,2.0903060639644444,1.489897890632184,1.253023627313707,0.9864070924392073,1.5588182785825144,1.2647867198585716,1.128269788520727,1.1486480483435264,1.3881454083766216,1.2292458418712748,1.5938131278386867,1.554409428141026,1.2311900218637635,1.7816836781033376,1.4122518512158369,1.0677662487315749,1.3109816009496913,2.4481454732949133,2.05092800330557,1.233123331461659,1.056799538605153,1.0478085085364985,1.1457851490315796,1.1295862796647769,1.122885065400724,0.986876975229354,0.960601486055908,1.2043449686329741,1.4515288111848843,1.0892979264261613,1.0123155545959666,1.0329642972995718,1.1313875463586456,1.3707053270035119,1.8557098086796169,1.2195384659003046,1.4759952206909872,0.9924714562562567,1.1954550227773595,1.6114552361693235,1.0278352629370464,1.414113244852354,1.3562881902816826,1.1385294555224048,1.9633461296707058,1.120606547290031,1.6508681769124238,1.4691620441151432,1.3955583649440704,1.4932137745699647,0.9240927941295073,1.2742746244485454,1.0093694221583696,1.2658410846654884,1.312841498015209,1.3973004971532865,1.054174402670247,1.2373493333754757,1.7383396184697757,1.1749284216953197,1.0153293241367032,1.1615228908466424,1.0325212260410652,1.4402879484202011,1.2221256611622437,1.5332218088900982,1.6479216232929645,2.5926956430321324,1.4485494916522976,1.0855273220340678,0.9658087719771044,1.1034922264736262,1.3889460311096737,1.478931324122141,1.1142736320416065,0.9824132086428701,1.261490546329183,1.1080725987949318,1.2844818779054568,1.0769759440574487,1.1956619744503785,0.8466632250634087,1.2129126752075952,1.447857949763107,1.4604385460332552,1.1645603382985195,1.326700440928301,1.2934977389314017,1.2259329112269484,1.2117887341363391,1.2966535665160697,1.1011891085673229,1.0365946745453782,1.0725043918665949,1.3379034846274034,1.3856742391546444,1.1329280641035229,1.4997527651331597,1.4117205481353619,1.3343841085396706,1.0891693015196209,0.9462962169309936,1.5360164016245477,1.3550460871959087,1.20756354546049,1.2475146040107044,1.230585291847813,0.8719345633396101,1.3580677287635194,1.3796839662218225,1.2241472086749123,1.1428490930706956,1.0081570152618289,1.234515417817473,1.2364358307216439,1.2294344312541954,1.0189324377964764,1.297455770512344,1.1593870891591003,1.2845495173647472,1.349358817768896,1.2025362192246618,1.1419776355045779,1.2900793065642575,1.317505099205719,1.6687853069815617,1.2295744601787806,3.269453637747179,0.8084471525333639,1.0822735707186517,2.559086912468329,1.408056768127698,2.516431974854455,1.3247532921934675,1.1742466222426526,1.5053975036737568,1.0856124256900082,1.342617210244752,1.6393199014515618,2.028446551855862,1.4214788021986269,1.5294087267806133,1.359839149397938,1.7792686884762032,1.1876918687147215,1.0026304766048617,1.404766809206973,0.8187410507581476,1.3574379157451024,1.014923218523712,1.098985157712716,1.955623892825722,1.2777618875343655,2.8835839126856104,1.0898557447673474,1.5837435057737783,0.9857096749491135,1.1214067293449765,1.0697666324754889,1.3921229555770454,1.6773533746879878,1.1698847978102829,1.204045323185225,1.212532072017082,1.083935805342937,1.3513297479281694,2.8857957699035044,1.7318951513722114,2.163242039569283,2.222274699555957,0.8122045403655674,2.0047826632450323,1.7411454598290625,1.552442609569353,1.3380600538823644,1.5707975418265736,1.5703565657097815,1.5970077408018493,1.4052457560570022,2.2574938933194315,1.400471009736353,1.9268481004604534,1.5377439458003055,1.6037453362249336,2.048025903224488,2.9270331924307547,1.4540460272680944,1.6251539403771331,2.627719294041651,1.8780673036144935,1.243255951251749,1.2841162701736502
1.0,1.0,1.0,1.0,1.0,1.0,1.0,1.0,1.0,1.0,1.0,1.0,1.0,1.0,1.0,1.0,1.0,1.0,1.0,1.0,1.0,1.0,1.0,1.0,1.0,1.0,1.0,1.0,1.0,1.0,1.0,1.0,1.0,1.0,1.0,1.0,1.0,1.0,1.0,1.0,1.0,1.0,1.0,1.0,1.0,1.0,1.0,1.0,1.0,1.0,1.0,1.0,1.0,1.0,1.0,1.0,1.0,1.0,1.0,1.0,1.0,1.0,1.0,1.0,1.0,1.0,1.0,1.0,1.0,1.0,1.0,1.0,1.0,1.0,1.0,1.0,1.0,1.0,1.0,1.0,1.0,1.0,1.0,1.0,1.0,1.0,1.0,1.0,1.0,1.0,1.0,1.0,1.0,1.0,1.0,1.0,1.0,1.0,1.0,1.0,1.0,1.0,1.0,1.0,1.0,1.0,1.0,1.0,1.0,1.0,1.0,1.0,1.0,1.0,1.0,1.0,1.0,1.0,1.0,1.0,1.0,1.0,1.0,1.0,1.0,1.0,1.0,1.0,1.0,1.0,1.0,1.0,1.0,1.0,1.0,1.0,1.0,1.0,1.0,1.0,1.0,1.0,1.0,1.0,1.0,1.0,1.0,1.0,1.0,1.0,1.0,1.0,1.0,1.0,1.0,1.0,1.0,1.0,1.0,1.0,1.0,1.0,1.0,1.0,1.0,1.0,1.0,1.0,1.0,1.0,1.0,1.0,1.0,1.0,1.0,1.0,1.0,1.0,1.0,1.0,1.0,1.0,1.0,1.0,1.0,1.0,1.0,1.0,1.0,1.0,1.0,1.0,1.0,1.0,1.0,1.0,1.0,1.0,1.0,1.0,1.0,1.0,1.0,1.0,1.0,1.0,1.0,1.0,1.0,1.0,1.0,1.0,1.0,1.0,1.0,1.0,1.0,1.0,1.0,1.0,1.0,1.0,1.0,1.0,1.0,1.0,1.0,1.0,1.0,1.0,1.0,1.0,1.0,1.0,1.0,1.0,1.0,1.0,1.0,1.0,1.0,1.0,1.0,1.0,1.1088133694976388,0.8711891419169121,0.8624311168867704,1.094303498016196,0.7086696364156054,0.9964576199218107,1.0606168300426804,0.8860369161030848,0.9179929310698685,0.8834933416304446,0.8964697264091953,0.8807581015708696,1.072497507421072,1.1717542158780838,0.9521395398647946,1.2313375371348758,1.67705522798865,1.194206622673545,1.0020278264224602,0.7910626610995167,1.250971284307778,1.0126401914525847,0.9048403632429373,0.9204125244990027,1.110785714384585,0.984389841003227,1.2746010911014494,1.2468558258836708,0.9836377905787843,1.4266323256978004,1.1352592152848433,0.8544448253828831,1.0508580987235663,1.9729466136879386,1.643251178246003,0.9859501260989606,0.8458562507503146,0.8414547605561098,0.9172480305633727,0.9070856088689259,0.8993167368908805,0.7915931332394823,0.7691761017997193,0.9631570527930366,1.1643619332564574,0.871465698858797,0.8123298326940077,0.8276461262555966,0.905136919660221,1.0956687000992869,1.48141741125461,0.9771703061462702,1.1817221940715457,0.7946784410460075,0.9556364178845916,1.3017783163252903,0.8241372942246357,1.1330874229685957,1.0842594902575005,0.9135002599432522,1.5649468014637384,0.8971882866663301,1.3189084005063658,1.1754998906591063,1.1177500841961954,1.2021637070399334,0.7411804625800869,1.0197702275885727,0.807799638013984,1.016791906025792,1.0517147340759594,1.119280119008139,0.844400663083366,0.9896365973741772,1.3921036682938324,0.939958917987348,0.8159078922116845,0.9363015737589928,0.827172957708558,1.1532266801893933,0.9792457711997614,1.227685135637264,1.3189497743964762,2.0788875537352443,1.1624224797536908,0.8699052297012557,0.7756106201824635,0.8839974018737973,1.1096358667247062,1.1844057659282903,0.8931281798127948,0.7876927438124955,1.0072316072886673,0.8908385874594419,1.030390031685409,0.8609580628218196,0.9603979504526006,0.6791986908916097,0.9650931374174345,1.1610845601917226,1.1672203851619498,0.933122746837954,1.0627970296489897,1.0388023184463222,0.9816583913441078,0.9694730537736211,1.036603302760401,0.8815730061626688,0.8283945741040397,0.8537205743089098,1.0662932883437253,1.114829459632185,0.9084991315561259,1.2018049434497304,1.125549838356214,1.0683395475421273,0.874824976098495,0.7598686310486358,1.2299119642511416,1.0909785207664298,0.9682176522193822,1.0041149850296334,0.9872170861255773,0.6990002699037581,1.087912690476545,1.12296304979495,0.9853162384752547,0.9187277112753666,0.808462498968159,0.9911820629032305,0.993446363592035,0.9854523477962829,0.8165792625888234,1.0396545977787064,0.9335843386350026,1.0343363961765935,1.0886158036527236,0.9690902992776023,0.9206242489536707,1.0349406171066846,1.0591554340980567,1.3335295032225662,0.9865519497590864,2.613546124358763,0.6485745258232378,0.8711895479831216,2.055894919835855,1.1261798453693364,2.009030027587173,1.0614609068055558,0.9424885689561153,1.2075106101347823,0.8691656788289541,1.0753463631027995,1.3207970284965007,1.6458993122896026,1.1419621988071331,1.2210690753067186,1.0898167405275148,1.4424509917769819,0.9515287811014684,0.805988503768899,1.1268265728297846,0.659770299979849,1.096801879845613,0.818818856647199,0.8840842452914996,1.57547544606511,1.026379027292422,2.324606783774385,0.8716924072835015,1.2680239009058827,0.7893334259084248,0.900216602488068,0.8557579243664609,1.1147839691296566,1.344426230727295,0.938625485892054,0.9650767623176533,0.9710001150243188,0.8736764971297104,1.0822526559560643,2.309662742808349,1.3864371187492048,1.7173812623548332,1.769291753010319,0.6527655101225306,1.6191920344653203,1.3966146969917481,1.2444002251104282,1.068115301618266,1.257260020674317,1.2555749474877058,1.2780422317633648,1.12160242266896,1.8156080858885206,1.1266011872194468,1.5490522450999413,1.2290897918658497,1.2854961846888304,1.640917983869941,2.377408121141356,1.1738588224359958,1.3013339442341605,2.103604010581191,1.5047161374551343,1.001880323815656,1.0287824660018055
1.0,1.0,1.0,1.0,1.0,1.0,1.0,1.0,1.0,1.0,1.0,1.0,1.0,1.0,1.0,1.0,1.0,1.0,1.0,1.0,1.0,1.0,1.0,1.0,1.0,1.0,1.0,1.0,1.0,1.0,1.0,1.0,1.0,1.0,1.0,1.0,1.0,1.0,1.0,1.0,1.0,1.0,1.0,1.0,1.0,1.0,1.0,1.0,1.0,1.0,1.0,1.0,1.0,1.0,1.0,1.0,1.0,1.0,1.0,1.0,1.0,1.0,1.0,1.0,1.0,1.0,1.0,1.0,1.0,1.0,1.0,1.0,1.0,1.0,1.0,1.0,1.0,1.0,1.0,1.0,1.0,1.0,1.0,1.0,1.0,1.0,1.0,1.0,1.0,1.0,1.0,1.0,1.0,1.0,1.0,1.0,1.0,1.0,1.0,1.0,1.0,1.0,1.0,1.0,1.0,1.0,1.0,1.0,1.0,1.0,1.0,1.0,1.0,1.0,1.0,1.0,1.0,1.0,1.0,1.0,1.0,1.0,1.0,1.0,1.0,1.0,1.0,1.0,1.0,1.0,1.0,1.0,1.0,1.0,1.0,1.0,1.0,1.0,1.0,1.0,1.0,1.0,1.0,1.0,1.0,1.0,1.0,1.0,1.0,1.0,1.0,1.0,1.0,1.0,1.0,1.0,1.0,1.0,1.0,1.0,1.0,1.0,1.0,1.0,1.0,1.0,1.0,1.0,1.0,1.0,1.0,1.0,1.0,1.0,1.0,1.0,1.0,1.0,1.0,1.0,1.0,1.0,1.0,1.0,1.0,1.0,1.0,1.0,1.0,1.0,1.0,1.0,1.0,1.0,1.0,1.0,1.0,1.0,1.0,1.0,1.0,1.0,1.0,1.0,1.0,1.0,1.0,1.0,1.0,1.0,1.0,1.0,1.0,1.0,1.0,1.0,1.0,1.0,1.0,1.0,1.0,1.0,1.0,1.0,1.0,1.0,1.0,1.0,1.0,1.0,1.0,1.0,1.0,1.0,1.0,1.0,1.0,1.0,1.0,1.0,1.0,1.0,1.0,1.0,1.0,0.7839123400079295,0.7772326234640257,0.9856856249186636,0.6374136962862857,0.8977514050666408,0.9558765178056605,0.7981940952448704,0.8262736154754768,0.7962460992143554,0.8074079530537159,0.7957640389415007,0.9674832211423527,1.0570438277701504,0.8577750964009361,1.1106949626835185,1.5110564712003143,1.0762550850523942,0.9041520082716437,0.7126382388744223,1.1265458249240474,0.9131595468442606,0.8147160428371407,0.829535548623426,1.0023764084581155,0.8879385531948129,1.1501060261780283,1.1230767968940973,0.887986334099756,1.2862077215325591,1.021104332437723,0.770609366717864,0.9473643322952586,1.7739938871213141,1.4814689635094216,0.8899359395589079,0.7630261020354326,0.7575525815696305,0.8272806818614356,0.8162003708391639,0.8107365212718688,0.7131104923850771,0.6933808463083282,0.8692330583227365,1.0490362700662028,0.7863617268352886,0.7317177250192523,0.7457898185354355,0.8163838410554958,0.9890727985584302,1.3387679871390747,0.880924409677315,1.0664116747316914,0.7163727843744592,0.8624498673213835,1.167659800401696,0.7423114890035376,1.021288238567433,0.9785150968807483,0.8225098329214682,1.415978159129473,0.8090500221490474,1.1901334606795562,1.0605453236609426,1.007808911537655,1.0805335548851152,0.6675027678775609,0.9197285147182505,0.7285055293865094,0.9151187206881334,0.9478891388943387,1.0089196595789816,0.7611488035191039,0.8924442584685843,1.2561566791888783,0.8480079488534469,0.7337828079082866,0.8406404942824882,0.7457628219673851,1.0398295634074957,0.8827683038630976,1.1071113624030708,1.1894250165985734,1.873236743720357,1.046647758277603,0.7839594344600556,0.6981582603367799,0.796847163188908,1.0019693917403671,1.067957994709081,0.8046792027046293,0.7098198562214714,0.9100573334176123,0.8012969456311887,0.9277284634090995,0.7770718189097485,0.8644796224060625,0.6116292427320419,0.8739580836574548,1.0457033774364413,1.0536998627011975,0.8413715001977908,0.9578530490807421,0.9349744415575859,0.8849654290003566,0.8746142715156788,0.9350166674238931,0.7951022766416771,0.7479399893445096,0.7720954387135978,0.964652373043444,1.0023393057830563,0.8182314034027853,1.0836681090831992,1.018291697314627,0.9634322710406155,0.7874498493994083,0.6838732716730382,1.1094487153162333,0.9806983667552794,0.8722455548120274,0.9025653048715168,0.889367595777537,0.6298456443345373,0.9807302786817425,1.0034682200889922,0.8857516957522857,0.8267203820973973,0.728198699124409,0.8923959931039831,0.8940495118463406,0.8878788048358308,0.7363544221484528,0.9377439664429315,0.8387085810728556,0.9294000182452544,0.9771235376079471,0.869996591239012,0.8266091293694893,0.932347819999908,0.9526639199242655,1.2046167169699937,0.8885165391327532,2.3597368015921134,0.5841663539540556,0.783666634061444,1.8499215095639612,1.016168055725435,1.8147955157340712,0.9564590267182196,0.8482962532478703,1.0881065096189229,0.7839051820945263,0.9687927464798045,1.1868996792534832,1.4750172605397651,1.0277209765477777,1.1030998054758951,0.982695666629311,1.2912270753778468,0.8576588388848596,0.7251374137965083,1.0149048408811163,0.5925987661405159,0.9843615351040172,0.7350524300856232,0.7947973918254712,1.4157894789414376,0.9236671621634776,2.0894777818284895,0.7864276871942981,1.1434244315623097,0.7115968454002455,0.8103259547856048,0.7721140786407568,1.0050603373254008,1.2114862120078078,0.8448778736648211,0.8698150246345275,0.8754906724264706,0.784741249355128,0.9755261658028186,2.084675411850934,1.250247291205897,1.5559756374395406,1.6016651988820785,0.5872691484396337,1.4527406346971694,1.2587289830868944,1.1212811565302974,0.9650962137494704,1.1341552029884245,1.1331238966894412,1.1525619352530483,1.0134242797197688,1.6330675502714627,1.0128488396978226,1.3919074080905083,1.1101978446331788,1.1585037249536994,1.479003500704498,2.1278769576431498,1.0535227055504408,1.173380885879436,1.8941243644646968,1.3560094332616526,0.900014741798234,0.9272183904524322
1.0,1.0,1.0,1.0,1.0,1.0,1.0,1.0,1.0,1.0,1.0,1.0,1.0,1.0,1.0,1.0,1.0,1.0,1.0,1.0,1.0,1.0,1.0,1.0,1.0,1.0,1.0,1.0,1.0,1.0,1.0,1.0,1.0,1.0,1.0,1.0,1.0,1.0,1.0,1.0,1.0,1.0,1.0,1.0,1.0,1.0,1.0,1.0,1.0,1.0,1.0,1.0,1.0,1.0,1.0,1.0,1.0,1.0,1.0,1.0,1.0,1.0,1.0,1.0,1.0,1.0,1.0,1.0,1.0,1.0,1.0,1.0,1.0,1.0,1.0,1.0,1.0,1.0,1.0,1.0,1.0,1.0,1.0,1.0,1.0,1.0,1.0,1.0,1.0,1.0,1.0,1.0,1.0,1.0,1.0,1.0,1.0,1.0,1.0,1.0,1.0,1.0,1.0,1.0,1.0,1.0,1.0,1.0,1.0,1.0,1.0,1.0,1.0,1.0,1.0,1.0,1.0,1.0,1.0,1.0,1.0,1.0,1.0,1.0,1.0,1.0,1.0,1.0,1.0,1.0,1.0,1.0,1.0,1.0,1.0,1.0,1.0,1.0,1.0,1.0,1.0,1.0,1.0,1.0,1.0,1.0,1.0,1.0,1.0,1.0,1.0,1.0,1.0,1.0,1.0,1.0,1.0,1.0,1.0,1.0,1.0,1.0,1.0,1.0,1.0,1.0,1.0,1.0,1.0,1.0,1.0,1.0,1.0,1.0,1.0,1.0,1.0,1.0,1.0,1.0,1.0,1.0,1.0,1.0,1.0,1.0,1.0,1.0,1.0,1.0,1.0,1.0,1.0,1.0,1.0,1.0,1.0,1.0,1.0,1.0,1.0,1.0,1.0,1.0,1.0,1.0,1.0,1.0,1.0,1.0,1.0,1.0,1.0,1.0,1.0,1.0,1.0,1.0,1.0,1.0,1.0,1.0,1.0,1.0,1.0,1.0,1.0,1.0,1.0,1.0,1.0,1.0,1.0,1.0,1.0,1.0,1.0,1.0,1.0,1.0,1.0,1.0,1.0,1.0,1.0,1.0,0.9890074605163757,1.2530923940901781,0.8134404635245689,1.142129182532699,1.2142529333629848,1.0162054375372902,1.0533620868216136,1.0130749126853376,1.0279713555140308,1.007737419597981,1.2277375653705012,1.3416964679329646,1.092153824413049,1.4094409678888926,1.918925195706358,1.3679795096313905,1.1474571200951842,0.9068933363825954,1.433116123262479,1.159500364436791,1.0390069605956478,1.0551248799198136,1.269622050229669,1.128223209487301,1.4597404011021218,1.4281932146643548,1.1254838874002413,1.6328972365625258,1.3031513686917393,0.9788550905235678,1.2034045926690804,2.2587455116096056,1.87983635337562,1.1289341374557864,0.9686172085637657,0.9639539334006423,1.050821593277128,1.041212228849477,1.0308714741224683,0.9075498419111093,0.8816653721344025,1.1020316874097782,1.3327805276718117,0.9979767580673897,0.9311424147166586,0.9492159367570356,1.0375397560204511,1.2540853287353215,1.6945156000697157,1.118577088940218,1.3527682322892032,0.9105679507531822,1.0948795306524792,1.4934096180087817,0.9463892246255099,1.2975989847438545,1.2416511292794044,1.0476333343770687,1.7885604162408462,1.0278400085832358,1.5099725824887038,1.3458842156443869,1.2796614578374617,1.376347171496378,0.8498097444829652,1.1682820700842493,0.9259571947151233,1.167050727908482,1.2046308234962386,1.2821515420000589,0.9677039570293362,1.131665037548772,1.5930883884911564,1.0775047251504315,0.936966684027936,1.0751126890832239,0.947501818233204,1.3206645796461136,1.1209965439639422,1.4060661389317024,1.5100079606547254,2.3826257234262376,1.3338253840521275,0.9970583084769236,0.8894466551552356,1.0132141669956702,1.2694879685565787,1.3558386880779987,1.0233919661637532,0.9029141255110597,1.1530654614731946,1.0216200777061486,1.1797023149174442,0.9860918639403973,1.100678851101148,0.7788554182408483,1.1019847767037205,1.3322092069439275,1.3365826684761322,1.0698953901729882,1.2179569129600158,1.1894258369914936,1.1259599138777234,1.11022830508889,1.1878323567448013,1.0098494573501555,0.9496485120162823,0.9784989707489595,1.2197789819375622,1.2822861017182736,1.0410731459072213,1.3757667376371299,1.2859060312243906,1.2234759622493268,1.003666716732829,0.8709788342109535,1.4094480488686276,1.2514265040191224,1.1100652800706965,1.1520659533056574,1.132810815502142,0.8015933543658442,1.2460341917288484,1.2900487064498285,1.1304427426688644,1.0545237458879368,0.9283744465779193,1.1361297496665972,1.1395146074728508,1.1295786410709723,0.9350129895428747,1.1926354061691102,1.0716894518054678,1.1869524366368522,1.2512427494598253,1.1134958903759367,1.0585878996996174,1.187267171794419,1.2146209963917285,1.5269268680171961,1.1320278411929645,2.9854895926892624,0.743588311752676,0.9995156342732663,2.3527272394768417,1.288931885782912,2.2975384935645122,1.2162212882729015,1.0821064403812743,1.3836332488022118,0.9959495520321696,1.233362196564549,1.5136485788490313,1.88764518041539,1.3079300523976318,1.4006773364113727,1.2506597003101678,1.656634969150201,1.0898669592247174,0.9234386083893389,1.294490181828105,0.7575567233570392,1.2589022381225443,0.9402290130113573,1.0138573706715395,1.8083591735954339,1.1773254989253212,2.665504018318045,0.9984875739812812,1.4534513909939974,0.9047941034286083,1.0337506268582546,0.980547818337256,1.2769777993259792,1.5397854351216318,1.075357080539118,1.1050457171240362,1.1126317064020546,1.0026244515077534,1.2385173172399342,2.648906729581584,1.5878833906320393,1.9625460754178492,2.02857636229833,0.748704711767959,1.85585043344591,1.598922220153633,1.4250784979394773,1.2223353402286277,1.439910131456989,1.438696174608082,1.464192886832397,1.2841060549765793,2.0814366182998407,1.2936973358070363,1.7730925541803093,1.4054207512841217,1.4722522387896897,1.8820562512948964,2.736750279713446,1.348342662047341,1.490935738749941,2.4097840823846157,1.7228323268179069,1.148557620425228,1.1795583841476773
1.0,1.0,1.0,1.0,1.0,1.0,1.0,1.0,1.0,1.0,1.0,1.0,1.0,1.0,1.0,1.0,1.0,1.0,1.0,1.0,1.0,1.0,1.0,1.0,1.0,1.0,1.0,1.0,1.0,1.0,1.0,1.0,1.0,1.0,1.0,1.0,1.0,1.0,1.0,1.0,1.0,1.0,1.0,1.0,1.0,1.0,1.0,1.0,1.0,1.0,1.0,1.0,1.0,1.0,1.0,1.0,1.0,1.0,1.0,1.0,1.0,1.0,1.0,1.0,1.0,1.0,1.0,1.0,1.0,1.0,1.0,1.0,1.0,1.0,1.0,1.0,1.0,1.0,1.0,1.0,1.0,1.0,1.0,1.0,1.0,1.0,1.0,1.0,1.0,1.0,1.0,1.0,1.0,1.0,1.0,1.0,1.0,1.0,1.0,1.0,1.0,1.0,1.0,1.0,1.0,1.0,1.0,1.0,1.0,1.0,1.0,1.0,1.0,1.0,1.0,1.0,1.0,1.0,1.0,1.0,1.0,1.0,1.0,1.0,1.0,1.0,1.0,1.0,1.0,1.0,1.0,1.0,1.0,1.0,1.0,1.0,1.0,1.0,1.0,1.0,1.0,1.0,1.0,1.0,1.0,1.0,1.0,1.0,1.0,1.0,1.0,1.0,1.0,1.0,1.0,1.0,1.0,1.0,1.0,1.0,1.0,1.0,1.0,1.0,1.0,1.0,1.0,1.0,1.0,1.0,1.0,1.0,1.0,1.0,1.0,1.0,1.0,1.0,1.0,1.0,1.0,1.0,1.0,1.0,1.0,1.0,1.0,1.0,1.0,1.0,1.0,1.0,1.0,1.0,1.0,1.0,1.0,1.0,1.0,1.0,1.0,1.0,1.0,1.0,1.0,1.0,1.0,1.0,1.0,1.0,1.0,1.0,1.0,1.0,1.0,1.0,1.0,1.0,1.0,1.0,1.0,1.0,1.0,1.0,1.0,1.0,1.0,1.0,1.0,1.0,1.0,1.0,1.0,1.0,1.0,1.0,1.0,1.0,1.0,1.0,1.0,1.0,1.0,1.0,1.0,1.0,1.0,1.2668633284552908,0.8210317019734306,1.1546468802422902,1.227911842233946,1.0269833390387053,1.0638227269373455,1.0241391697464206,1.0386878435927054,1.0213067543938306,1.24240651931315,1.3579749641731054,1.1037003662784515,1.4265018611087474,1.9407396171807672,1.3832123238730265,1.1612732808326194,0.9166461486084106,1.4482785857532032,1.1731805445726975,1.0488268724029872,1.0666499336083453,1.285567743155014,1.141476546035797,1.4773909584651697,1.4435498853172255,1.1396128338871212,1.6521128778523753,1.3153188092047696,0.9902091239040419,1.2174180170656093,2.2806966767651087,1.9020198196858853,1.1428020353736432,0.9801892274241297,0.974023718851232,1.063151479948147,1.0510955263349184,1.0423440164430298,0.9172654955099895,0.8912398917974921,1.1156026880601175,1.3477818480479251,1.010188106167472,0.9411311959718726,0.9592478564660972,1.0498076787088015,1.269719775446373,1.7174727913249177,1.1314087523761167,1.3697852012316472,0.9206421800106249,1.1079534950875,1.5044530267512113,0.9561627929740595,1.3122644141323916,1.2565955483182742,1.0584464813772605,1.814588839471763,1.039812837125637,1.5286134845745192,1.3622022579976516,1.2944748848267018,1.3891186658728483,0.8586787188152651,1.181713488212059,0.9365650789572477,1.1783288456156824,1.2180158673412145,1.296593598343032,0.97845318594273,1.1459713328542254,1.6128221327987158,1.0899704619308184,0.9452336774816852,1.083520046575691,0.9584835633224984,1.3359795783742363,1.1339276011171233,1.4224517526361182,1.5280632236597682,2.408449934066048,1.3473320693042379,1.0081020983174316,0.8984900381055927,1.0245232757678293,1.285811656513957,1.3716363748516507,1.0344384513568536,0.9127956998991296,1.1683365532665115,1.0313514473829717,1.1923830471083368,0.9979418658475496,1.111962733252328,0.786989810652297,1.119716989204658,1.3459657335651203,1.353244442966958,1.0822919153177133,1.2314005588034198,1.201470365851823,1.1383583384783498,1.1235973217738875,1.201532083461527,1.0216718486519127,0.9613532008564005,0.9915042605386478,1.237292786616632,1.2932959881742958,1.0521713245789601,1.392043317948076,1.304762478547333,1.2377498941569853,1.0136105623412353,0.8797480187757951,1.4259922709592152,1.2630600486387669,1.1214569465484971,1.162498454368273,1.1449053736941273,0.8103928595019013,1.2604519179865508,1.296044438016317,1.1403484576208263,1.0651169377862701,0.9380196399675199,1.1478233373133389,1.1506254119372126,1.141706961703838,0.9460151528961267,1.2063471918723443,1.080569315669807,1.1972256085082402,1.261039919419051,1.1220298358668548,1.066748721701865,1.2001197179493444,1.2260512687852652,1.5462592889707987,1.1438037512108878,3.028842278490387,0.7514988789382788,1.0092399036651152,2.376044097387161,1.3048190415726215,2.3276512021289157,1.2294593639875857,1.0923216104442846,1.3988393492636628,1.00752556700823,1.2460288242110307,1.5271373658424126,1.9005510506313184,1.3211468718794548,1.4181749222058286,1.264880617595536,1.6655668979685767,1.1021156338338058,0.9324909722737647,1.3078848877363831,0.763798449621774,1.2687808946172459,0.9476408474721807,1.023045246797474,1.8232646919585311,1.1891737604387211,2.6897264805745604,1.010389892180417,1.4704408707660823,0.9149769212559484,1.0440792384450646,0.9922550753417665,1.2915965591673213,1.5570862318820293,1.0861434902098903,1.1176057893455629,1.1249164669520324,1.010812445510667,1.252876280468263,2.680804163583107,1.6066611861365545,1.9921844219488367,2.0592320518937055,0.75606678456369,1.870278749365173,1.6174129111593714,1.4409657443476394,1.238564613488494,1.4571113753016038,1.4564279826096327,1.481089943019575,1.3012840434198154,2.1015972767775644,1.3051298202211568,1.7907319980653273,1.4242474791815982,1.488884891010127,1.9022261588546936,2.752561701297897,1.357543000726419,1.5080559984444983,2.433911496102457,1.741626417106784,1.1583866368108757,1.192536428360778
1.0,1.0,1.0,1.0,1.0,1.0,1.0,1.0,1.0,1.0,1.0,1.0,1.0,1.0,1.0,1.0,1.0,1.0,1.0,1.0,1.0,1.0,1.0,1.0,1.0,1.0,1.0,1.0,1.0,1.0,1.0,1.0,1.0,1.0,1.0,1.0,1.0,1.0,1.0,1.0,1.0,1.0,1.0,1.0,1.0,1.0,1.0,1.0,1.0,1.0,1.0,1.0,1.0,1.0,1.0,1.0,1.0,1.0,1.0,1.0,1.0,1.0,1.0,1.0,1.0,1.0,1.0,1.0,1.0,1.0,1.0,1.0,1.0,1.0,1.0,1.0,1.0,1.0,1.0,1.0,1.0,1.0,1.0,1.0,1.0,1.0,1.0,1.0,1.0,1.0,1.0,1.0,1.0,1.0,1.0,1.0,1.0,1.0,1.0,1.0,1.0,1.0,1.0,1.0,1.0,1.0,1.0,1.0,1.0,1.0,1.0,1.0,1.0,1.0,1.0,1.0,1.0,1.0,1.0,1.0,1.0,1.0,1.0,1.0,1.0,1.0,1.0,1.0,1.0,1.0,1.0,1.0,1.0,1.0,1.0,1.0,1.0,1.0,1.0,1.0,1.0,1.0,1.0,1.0,1.0,1.0,1.0,1.0,1.0,1.0,1.0,1.0,1.0,1.0,1.0,1.0,1.0,1.0,1.0,1.0,1.0,1.0,1.0,1.0,1.0,1.0,1.0,1.0,1.0,1.0,1.0,1.0,1.0,1.0,1.0,1.0,1.0,1.0,1.0,1.0,1.0,1.0,1.0,1.0,1.0,1.0,1.0,1.0,1.0,1.0,1.0,1.0,1.0,1.0,1.0,1.0,1.0,1.0,1.0,1.0,1.0,1.0,1.0,1.0,1.0,1.0,1.0,1.0,1.0,1.0,1.0,1.0,1.0,1.0,1.0,1.0,1.0,1.0,1.0,1.0,1.0,1.0,1.0,1.0,1.0,1.0,1.0,1.0,1.0,1.0,1.0,1.0,1.0,1.0,1.0,1.0,1.0,1.0,1.0,1.0,1.0,1.0,1.0,1.0,1.0,1.0,1.0,1.0,0.6465845558231262,0.9104548441242919,0.968569705217549,0.808506360049384,0.8377386374118636,0.8060122823489757,0.8178487469863108,0.8043712117551535,0.9789313402944763,1.0704993178986932,0.8686774490303575,1.1239218191973381,1.5318811298501513,1.0903646470172539,0.9145050550425102,0.7220503530742872,1.1418627513528072,0.9243865225154945,0.8246687944498741,0.8399850550666428,1.0147205778184596,0.8988834958697416,1.1633435524947808,1.138538507495672,0.8981276010825259,1.3019570660348312,1.0354030550896345,0.7796755282333849,0.9598827346067695,1.8048903652741413,1.50026496759063,0.9000672853941751,0.7722627870731554,0.7681616829920401,0.8373894450604847,0.8272963810288007,0.8207591111341357,0.7225499956924293,0.7017195033752373,0.8793532567113902,1.0634902792994092,0.7956743176151733,0.7418343100851135,0.7550331169663418,0.8258517795553393,1.0001119984220574,1.3528272384661642,0.8924092099567871,1.0797264009409209,0.7251492723751283,0.8718770690082631,1.1884360653581725,0.751696503633929,1.034698866480733,0.9894096016276199,0.8335204966476346,1.4297059513962345,0.8188490411593077,1.203205375120397,1.0731301654269776,1.020274581086894,1.0980616574450874,0.6763504296804727,0.9306625032863034,0.737080522025569,0.927555150237978,0.9600197645094906,1.0215773648113702,0.7705316820753647,0.9038402287956115,1.2723756653384042,0.8573986287611958,0.7440245032351845,0.8540466646839628,0.7552226985230296,1.052843816015266,0.8941627146039981,1.1205780990242669,1.2037900489031452,1.8968926398216333,1.0604357317445234,0.7938456568380386,0.7077828168944769,0.8065831218211507,1.0129034386607794,1.0817816375619231,0.8148398331610008,0.7190905263991486,0.9200186994897557,0.812955895200991,0.9403134304538702,0.785667308452539,0.8770986965467702,0.6199237149141185,0.8817191238214749,1.0593575071892976,1.0651345649085884,0.8517351580688319,0.9699048978118652,0.947498618621705,0.8956285895599674,0.8849860559701141,0.9456165926132557,0.804721786480576,0.7561193516796503,0.7784709979896691,0.9734283033216555,1.0172424620735132,0.8289978914662157,1.0976554466770496,1.0283845409480126,0.975190406837402,0.7980961801698514,0.6935380151658816,1.12315427289664,0.9962594654529686,0.8838090016758635,0.9164834569002727,0.901387933777534,0.6380377397856102,0.9930342609840768,1.0269005118999066,0.8992341934623398,0.8386267107239296,0.7376788275430071,0.9046678286753678,0.9068062427011829,0.8992188523937672,0.7459957474443947,0.9491657344275405,0.8515181426742799,0.944096006666003,0.9925892390626184,0.8834559499151022,0.8395720994708842,0.9447950402452774,0.9667904996983632,1.217323553197383,0.8997740381551103,2.3898208468830178,0.5920084932477838,0.7957492765800683,1.8768749662111643,1.0283657875505938,1.8340472448937069,0.9685362469963731,0.8598275847895742,1.1028713789566957,0.7934603263802295,0.9813374717197754,1.206664727202708,1.5042737194274005,1.0427912891218316,1.114198928057151,0.9950020668231623,1.3168699627226208,0.8686100428734752,0.7358972128860239,1.0279341008750345,0.6020895792207,1.0019103611489033,0.7472748646130838,0.8068869359195507,1.4392614074726153,0.9371764764217669,2.1246410184613547,0.7953658379075776,1.1578799786103269,0.7203042763818164,0.8212308717576816,0.7811588058963672,1.0176762268317197,1.2274981239668925,0.8562771179741686,0.8811175273054703,0.8857682798696536,0.7974869907261849,0.9878218242514727,2.110344786013715,1.2654164647769495,1.5670166390422153,1.6180215005795469,0.5956299034459183,1.4796813280826062,1.2763815761765844,1.1357823636447173,0.9753211374836034,1.1481911816779131,1.1456882582218721,1.166205259271298,1.0234269662120243,1.6576278436679452,1.0281739414834377,1.4144056700369425,1.1226790576952,1.17358204699799,1.4972732031000437,2.17139042134406,1.0710837977611796,1.1879292681697506,1.917182896195249,1.3733227565787112,0.9145681972924219,0.9388016406119131
1.0,1.0,1.0,1.0,1.0,1.0,1.0,1.0,1.0,1.0,1.0,1.0,1.0,1.0,1.0,1.0,1.0,1.0,1.0,1.0,1.0,1.0,1.0,1.0,1.0,1.0,1.0,1.0,1.0,1.0,1.0,1.0,1.0,1.0,1.0,1.0,1.0,1.0,1.0,1.0,1.0,1.0,1.0,1.0,1.0,1.0,1.0,1.0,1.0,1.0,1.0,1.0,1.0,1.0,1.0,1.0,1.0,1.0,1.0,1.0,1.0,1.0,1.0,1.0,1.0,1.0,1.0,1.0,1.0,1.0,1.0,1.0,1.0,1.0,1.0,1.0,1.0,1.0,1.0,1.0,1.0,1.0,1.0,1.0,1.0,1.0,1.0,1.0,1.0,1.0,1.0,1.0,1.0,1.0,1.0,1.0,1.0,1.0,1.0,1.0,1.0,1.0,1.0,1.0,1.0,1.0,1.0,1.0,1.0,1.0,1.0,1.0,1.0,1.0,1.0,1.0,1.0,1.0,1.0,1.0,1.0,1.0,1.0,1.0,1.0,1.0,1.0,1.0,1.0,1.0,1.0,1.0,1.0,1.0,1.0,1.0,1.0,1.0,1.0,1.0,1.0,1.0,1.0,1.0,1.0,1.0,1.0,1.0,1.0,1.0,1.0,1.0,1.0,1.0,1.0,1.0,1.0,1.0,1.0,1.0,1.0,1.0,1.0,1.0,1.0,1.0,1.0,1.0,1.0,1.0,1.0,1.0,1.0,1.0,1.0,1.0,1.0,1.0,1.0,1.0,1.0,1.0,1.0,1.0,1.0,1.0,1.0,1.0,1.0,1.0,1.0,1.0,1.0,1.0,1.0,1.0,1.0,1.0,1.0,1.0,1.0,1.0,1.0,1.0,1.0,1.0,1.0,1.0,1.0,1.0,1.0,1.0,1.0,1.0,1.0,1.0,1.0,1.0,1.0,1.0,1.0,1.0,1.0,1.0,1.0,1.0,1.0,1.0,1.0,1.0,1.0,1.0,1.0,1.0,1.0,1.0,1.0,1.0,1.0,1.0,1.0,1.0,1.0,1.0,1.0,1.0,1.0,1.0,1.0,1.4026359693953412,1.4883089853992064,1.2472189897728632,1.294242909115487,1.2423900353255464,1.2612159167040824,1.2339858367197492,1.5040683192934021,1.6446272645750555,1.3400637432951654,1.7267253035197387,2.35387119062442,1.6775742153752802,1.4054002309209417,1.1131723031702152,1.7584293514461202,1.4212703086458685,1.274673417673512,1.2941982286248426,1.55370804430637,1.3835708475969466,1.7879027677005874,1.752119580329655,1.376389410868811,2.000967405344226,1.601987883993995,1.1994249982655354,1.4764007310853673,2.7802643397435647,2.3041289457312826,1.3824031351186614,1.1871220942570355,1.183720786603598,1.288100561232926,1.2788485695541536,1.264020203824065,1.1140812194066532,1.0802589486941998,1.3491510425892224,1.634950855891105,1.2230693018695886,1.1435724446843771,1.1639005689387854,1.2718017303899212,1.5352043246147806,2.0738329644229796,1.3713238592914792,1.659069462093344,1.1158643922285147,1.3401346672449739,1.8410763176564875,1.1620228442775522,1.590684473413849,1.5202663330264898,1.2860811414918307,2.1858897247141083,1.2600905129844535,1.8475935803604056,1.6489970118146455,1.5685374191050587,1.6911781514544462,1.0429428122998199,1.431552850129925,1.1350206774666018,1.4340486502792351,1.4764898065543666,1.5718291175964252,1.1863771223168778,1.3862837242322825,1.9535362308607729,1.3201472464158057,1.1514299150410108,1.3236957541810699,1.1623030170303619,1.6186331941483723,1.374361563946903,1.7235205529897586,1.8500846900876593,2.9239674825511255,1.638177785373487,1.2230482786966985,1.0926238852714973,1.2424856056111093,1.55340729404279,1.661758853316096,1.2547892076496596,1.1080955706948163,1.4117600860323938,1.2554387743454551,1.4467977571153638,1.2070603266304318,1.3518701245537155,0.9562347306354692,1.3461021152625166,1.635850253414517,1.6362428777902824,1.313205177520305,1.4934333175671428,1.4588297378437232,1.3805881364696173,1.3603457592156691,1.454425425297031,1.2378344185140768,1.163549476902406,1.1949276136016782,1.4911706115365346,1.5788485420090774,1.277185023682093,1.6874488841067168,1.5717563591362511,1.4995091567006267,1.2330026262585778,1.0695178786717658,1.7288528871795696,1.540089580366942,1.3612815254093769,1.4176986818428212,1.391704234770795,0.9838805126260474,1.528275833014038,1.5984268097255794,1.3902482140799086,1.2974693545580522,1.1402164227488916,1.3952566920373295,1.4003422216591979,1.3854092440526755,1.14693798742403,1.4646448960057477,1.3177850314865829,1.4602818386524665,1.542615761000838,1.370787316744812,1.304415912652379,1.4581043279187882,1.4930147617931122,1.8687514936487517,1.3904195960372916,3.662579210148052,0.9130293798946487,1.230457828851991,2.885816685785249,1.5784971329974937,2.809265458681467,1.4911516976674788,1.3284683544351612,1.6983944322060274,1.2211557429830138,1.511736473159977,1.8618260892829532,2.3313688127634205,1.6060980965006935,1.715576128860349,1.5360750490954238,2.046047481813504,1.3362125752666523,1.1342716847912877,1.5903264406025035,0.932704811904574,1.5530833746437491,1.1585975790063212,1.246157464639078,2.224817820387379,1.4472302557568653,3.2823432981560012,1.2230741635691105,1.7828526668358369,1.1094026789742226,1.2703964969377775,1.2017149111024583,1.5651614221583263,1.8885810854521443,1.3183162794738155,1.3553545332691586,1.3627721361115555,1.2338451546259257,1.5176029463142133,3.251295036647491,1.9468174638332316,2.388000756644304,2.4857055195738083,0.9200747070232459,2.2857886625632666,1.9626425902089997,1.7474023270855312,1.495591914707728,1.764996204645608,1.7629393889505094,1.7942741581695527,1.5711676547358646,2.558883545371911,1.5916653445486597,2.1782881533979364,1.720630935288837,1.8057635463827073,2.3079987878356594,3.394712847005124,1.6599857219617793,1.827903234717564,2.946518621224601,2.110646775976087,1.412793469887102,1.4468898804686035
1.0,1.0,1.0,1.0,1.0,1.0,1.0,1.0,1.0,1.0,1.0,1.0,1.0,1.0,1.0,1.0,1.0,1.0,1.0,1.0,1.0,1.0,1.0,1.0,1.0,1.0,1.0,1.0,1.0,1.0,1.0,1.0,1.0,1.0,1.0,1.0,1.0,1.0,1.0,1.0,1.0,1.0,1.0,1.0,1.0,1.0,1.0,1.0,1.0,1.0,1.0,1.0,1.0,1.0,1.0,1.0,1.0,1.0,1.0,1.0,1.0,1.0,1.0,1.0,1.0,1.0,1.0,1.0,1.0,1.0,1.0,1.0,1.0,1.0,1.0,1.0,1.0,1.0,1.0,1.0,1.0,1.0,1.0,1.0,1.0,1.0,1.0,1.0,1.0,1.0,1.0,1.0,1.0,1.0,1.0,1.0,1.0,1.0,1.0,1.0,1.0,1.0,1.0,1.0,1.0,1.0,1.0,1.0,1.0,1.0,1.0,1.0,1.0,1.0,1.0,1.0,1.0,1.0,1.0,1.0,1.0,1.0,1.0,1.0,1.0,1.0,1.0,1.0,1.0,1.0,1.0,1.0,1.0,1.0,1.0,1.0,1.0,1.0,1.0,1.0,1.0,1.0,1.0,1.0,1.0,1.0,1.0,1.0,1.0,1.0,1.0,1.0,1.0,1.0,1.0,1.0,1.0,1.0,1.0,1.0,1.0,1.0,1.0,1.0,1.0,1.0,1.0,1.0,1.0,1.0,1.0,1.0,1.0,1.0,1.0,1.0,1.0,1.0,1.0,1.0,1.0,1.0,1.0,1.0,1.0,1.0,1.0,1.0,1.0,1.0,1.0,1.0,1.0,1.0,1.0,1.0,1.0,1.0,1.0,1.0,1.0,1.0,1.0,1.0,1.0,1.0,1.0,1.0,1.0,1.0,1.0,1.0,1.0,1.0,1.0,1.0,1.0,1.0,1.0,1.0,1.0,1.0,1.0,1.0,1.0,1.0,1.0,1.0,1.0,1.0,1.0,1.0,1.0,1.0,1.0,1.0,1.0,1.0,1.0,1.0,1.0,1.0,1.0,1.0,1.0,1.0,1.0,1.0,1.0,1.0,1.062725429105696,0.8882046965560773,0.9204998617238596,0.8853694674528382,0.8982080676833164,0.8828239424152418,1.0743928912801857,1.1748115395145176,0.9543275416292549,1.2334195518214361,1.6807559700025294,1.1968101351211513,1.0038869856459554,0.793034085092547,1.2532693364197174,1.0146796497019472,0.9062833622754125,0.9225674120132288,1.112445713226804,0.9870089870752536,1.2771610287184445,1.2496470929485208,0.9850710547572126,1.428645037723264,1.1378759963371794,0.8560742963893386,1.0535373532200152,1.9797636151213645,1.6457457246096583,0.9879963144893952,0.8477611097261848,0.8432550235393628,0.919483654414458,0.9091107666421794,0.9014264485164272,0.7936098405354642,0.7705099154264501,0.9646506138782251,1.1667357028910423,0.8735390495343089,0.8146775281799884,0.829249082953703,0.9071813904283309,1.09740782365262,1.484487010580197,0.9792326315971471,1.1851385541804627,0.7960227342495081,0.9571537105852759,1.3053730532149093,0.8265663826346148,1.1355992231924947,1.086125199591266,0.9155970242316377,1.5682313271894281,0.8991075010929386,1.3207574968578633,1.1778907059779258,1.1197679738583068,1.2045276503196127,0.7428286020476453,1.021810272409115,0.80957566261039,1.019309500237701,1.0537409160548181,1.121488242885306,0.8460737273455066,0.9916653457875695,1.3961115140819493,0.9417342922744516,0.8177997781723192,0.9385556769541721,0.829187712151013,1.1555347929761897,0.9811450736024577,1.2301053098989696,1.3211475200127691,2.083583546182522,1.1653737338386196,0.8718277251269475,0.7774304620826527,0.8858034301743059,1.1114136731303175,1.1870426472186097,0.8945972046713799,0.7897392126302196,1.010045679384293,0.8928912222521843,1.0317692455524812,0.8624142220955391,0.9630181469015976,0.6809686885224582,0.9669863551791645,1.1642667304944363,1.1692362093655793,0.9358470738337732,1.0650263248723433,1.0394226468615009,0.9839413071264183,0.971562797878007,1.0383282106619212,0.8834818199362315,0.830675021201682,0.8551051666684039,1.0682951030956411,1.1193167550763434,0.9102231847256532,1.2046736623982137,1.1274957002264008,1.0704208297482793,0.8768195843700535,0.7614942495146964,1.2335566193749576,1.0943599741254437,0.9703828895353136,1.0070203793375916,0.9906532866751072,0.7009099330730155,1.090215716335911,1.1282270736546214,0.987710425975953,0.9219113798608879,0.8109847086935491,0.9934740842518103,0.9961320575678438,0.9874277880706255,0.8187003606629951,1.0432082417971489,0.9355227672125885,1.037165982071734,1.0919303015017081,0.971371145422822,0.9235736912047072,1.0380612863079632,1.0619893286972117,1.336100951658475,0.9888783671128729,2.62316433455557,0.6502695350190643,0.8743923811937873,2.058229319287179,1.1284326452924318,2.0118322980269285,1.063357147107598,0.9449372040281735,1.2109403453602836,0.8713224914442077,1.077850099131266,1.3245520637300698,1.650101248257289,1.1444734777596495,1.2246251850770387,1.093740908663459,1.446614835816264,0.9534502851170469,0.8076928245050896,1.1305920608480233,0.6617124318208745,1.1008520261589712,0.8212427239629023,0.8860371193182952,1.580864710663259,1.029764994219159,2.33264415851554,0.8731789294198693,1.271983188146772,0.7910862079606722,0.9029515594201215,0.8578528562503156,1.1170797262960763,1.3473777456895069,0.9396511573701052,0.9668716220228835,0.9722955147627785,0.8759292748334987,1.0837670716930634,2.3185137551785413,1.3894664861239239,1.717341645006462,1.7798533586522671,0.6542769615283611,1.6240186993080292,1.400717175683171,1.2464829423568728,1.070495445160156,1.2604443328902215,1.2585626044198976,1.2805288054303454,1.1236919851540708,1.820379429768406,1.1303141364701283,1.552587937052838,1.23137360407703,1.2881569974044078,1.6445656877224608,2.3907509030016296,1.1767058933604149,1.3042669128308733,2.10283082368797,1.506607264980463,1.0039102369334545,1.0311975500361281
1.0,1.0,1.0,1.0,1.0,1.0,1.0,1.0,1.0,1.0,1.0,1.0,1.0,1.0,1.0,1.0,1.0,1.0,1.0,1.0,1.0,1.0,1.0,1.0,1.0,1.0,1.0,1.0,1.0,1.0,1.0,1.0,1.0,1.0,1.0,1.0,1.0,1.0,1.0,1.0,1.0,1.0,1.0,1.0,1.0,1.0,1.0,1.0,1.0,1.0,1.0,1.0,1.0,1.0,1.0,1.0,1.0,1.0,1.0,1.0,1.0,1.0,1.0,1.0,1.0,1.0,1.0,1.0,1.0,1.0,1.0,1.0,1.0,1.0,1.0,1.0,1.0,1.0,1.0,1.0,1.0,1.0,1.0,1.0,1.0,1.0,1.0,1.0,1.0,1.0,1.0,1.0,1.0,1.0,1.0,1.0,1.0,1.0,1.0,1.0,1.0,1.0,1.0,1.0,1.0,1.0,1.0,1.0,1.0,1.0,1.0,1.0,1.0,1.0,1.0,1.0,1.0,1.0,1.0,1.0,1.0,1.0,1.0,1.0,1.0,1.0,1.0,1.0,1.0,1.0,1.0,1.0,1.0,1.0,1.0,1.0,1.0,1.0,1.0,1.0,1.0,1.0,1.0,1.0,1.0,1.0,1.0,1.0,1.0,1.0,1.0,1.0,1.0,1.0,1.0,1.0,1.0,1.0,1.0,1.0,1.0,1.0,1.0,1.0,1.0,1.0,1.0,1.0,1.0,1.0,1.0,1.0,1.0,1.0,1.0,1.0,1.0,1.0,1.0,1.0,1.0,1.0,1.0,1.0,1.0,1.0,1.0,1.0,1.0,1.0,1.0,1.0,1.0,1.0,1.0,1.0,1.0,1.0,1.0,1.0,1.0,1.0,1.0,1.0,1.0,1.0,1.0,1.0,1.0,1.0,1.0,1.0,1.0,1.0,1.0,1.0,1.0,1.0,1.0,1.0,1.0,1.0,1.0,1.0,1.0,1.0,1.0,1.0,1.0,1.0,1.0,1.0,1.0,1.0,1.0,1.0,1.0,1.0,1.0,1.0,1.0,1.0,1.0,1.0,1.0,1.0,1.0,1.0,1.0,1.0,1.0,0.833631015231405,0.8626909483893115,0.8317616049892176,0.8434845253408909,0.831624244429412,1.0113030134524783,1.105044328766537,0.8958563248788222,1.1611181254538456,1.580280202944024,1.1250634388659433,0.9449738594612076,0.7444085434735106,1.177414607429709,0.954377843973011,0.8503100948552773,0.8666085242758667,1.0495215049636584,0.9273978977508198,1.2021401727955545,1.1743529155291759,0.9293515948555842,1.3445362630334914,1.065567624788775,0.8053027287095407,0.9899854706405666,1.8539545232110481,1.5488006982966263,0.9303646757112758,0.7975049737887823,0.7915550270822324,0.8645895998713731,0.8522796387938922,0.84703509761738,0.7448422519891666,0.7247167342259025,0.9090018304219165,1.0967653503298511,0.8217192183294555,0.7642108390981679,0.7790688047818671,0.8527236548691626,1.033985717956095,1.3994191588606988,0.921304518345181,1.114218959373006,0.7487581048314679,0.9014730577718714,1.2190338993578247,0.7749410239623276,1.0682406137524756,1.0227481129531903,0.8592222803352321,1.4814811707974376,0.845415470460269,1.2449399071585492,1.1085255624733303,1.05338017491297,1.1303268559484536,0.6973443370016537,0.9612093303974751,0.7609955608353878,0.9549520513979549,0.9911246991358176,1.0544714769025667,0.7953623022974932,0.9342305802174954,1.312811938463188,0.8857153179359333,0.7658508386394719,0.8773329611056669,0.7792107178292897,1.0869787355273082,0.9227804353436975,1.1568418511137821,1.243569029090399,1.9563330528743859,1.0926759396736285,0.8189632856360833,0.728853117854007,0.832447017160092,1.04775358943646,1.1169089435341961,0.8409286957266604,0.7414401046318795,0.9513344111138465,0.8369277103305162,0.9702215735237556,0.8122996091437472,0.9033794438703705,0.6390451767396816,0.9143133230341984,1.0917623157537402,1.1015290101134152,0.878109003214232,1.0009932823055427,0.9773785670488457,0.924464852194374,0.9141575184254279,0.9774110446253907,0.8307852263897832,0.7811763934301645,0.8072435580919314,1.0084470793699318,1.0452268150340702,0.854990473165822,1.132444623149349,1.0650095129824282,1.0069328752470912,0.8219332892313972,0.7144856058125979,1.1588438122315217,1.023945142889532,0.9118348405827341,0.9421719950924857,0.9284093390092993,0.6578643281156702,1.024745602726729,1.047123251435722,0.9248081369997014,0.862320292514324,0.7601283828094234,0.9321353717982551,0.9336087175905484,0.927713363022522,0.7696188259993266,0.9780125919130649,0.875708855708117,0.9706641210228396,1.0183345515249174,0.9075793245142707,0.8617456664632843,0.9734695844584624,0.9950412735608472,1.2591133378039479,0.9269445259288533,2.4679665226814667,0.6101148462012742,0.8176524893009189,1.9354408792816855,1.0627056081802282,1.898794611474424,0.9995667288530593,0.8859246829099029,1.1367879708470434,0.8189545346942553,1.0127834325187106,1.2409528188378702,1.5378407627615025,1.0743715786016894,1.1516326716955656,1.0251268576571864,1.3471671167701085,0.8964941875592188,0.757854015867683,1.0590677857171318,0.6184855337344807,1.0267094224458428,0.766860454576496,0.8303591645991004,1.4795532222845917,0.9647292017746851,2.181880097133359,0.8217509585995151,1.1947716544539095,0.7434615419928625,0.8457375854000694,0.8067254008629478,1.0505744822480927,1.2663248771961229,0.8836253966285902,0.9089367843070483,0.9150750077185527,0.8193502026879997,1.0202920298474498,2.174932064428903,1.306277420656233,1.629972214242425,1.6725760973971178,0.6131599714670378,1.5193080379054005,1.3156919522662793,1.1720728862579388,1.009222612129939,1.1854709041101965,1.1837818295204086,1.204438514289705,1.0591443319538976,1.7056218866161088,1.057370520099738,1.4573354886466998,1.1607486004125347,1.2106353905385916,1.5447043672502516,2.2115363047910552,1.0996331251215579,1.226097371709105,1.9836821601077668,1.4181769280714138,0.9402624946820706,0.9685489193364332
1.0,1.0,1.0,1.0,1.0,1.0,1.0,1.0,1.0,1.0,1.0,1.0,1.0,1.0,1.0,1.0,1.0,1.0,1.0,1.0,1.0,1.0,1.0,1.0,1.0,1.0,1.0,1.0,1.0,1.0,1.0,1.0,1.0,1.0,1.0,1.0,1.0,1.0,1.0,1.0,1.0,1.0,1.0,1.0,1.0,1.0,1.0,1.0,1.0,1.0,1.0,1.0,1.0,1.0,1.0,1.0,1.0,1.0,1.0,1.0,1.0,1.0,1.0,1.0,1.0,1.0,1.0,1.0,1.0,1.0,1.0,1.0,1.0,1.0,1.0,1.0,1.0,1.0,1.0,1.0,1.0,1.0,1.0,1.0,1.0,1.0,1.0,1.0,1.0,1.0,1.0,1.0,1.0,1.0,1.0,1.0,1.0,1.0,1.0,1.0,1.0,1.0,1.0,1.0,1.0,1.0,1.0,1.0,1.0,1.0,1.0,1.0,1.0,1.0,1.0,1.0,1.0,1.0,1.0,1.0,1.0,1.0,1.0,1.0,1.0,1.0,1.0,1.0,1.0,1.0,1.0,1.0,1.0,1.0,1.0,1.0,1.0,1.0,1.0,1.0,1.0,1.0,1.0,1.0,1.0,1.0,1.0,1.0,1.0,1.0,1.0,1.0,1.0,1.0,1.0,1.0,1.0,1.0,1.0,1.0,1.0,1.0,1.0,1.0,1.0,1.0,1.0,1.0,1.0,1.0,1.0,1.0,1.0,1.0,1.0,1.0,1.0,1.0,1.0,1.0,1.0,1.0,1.0,1.0,1.0,1.0,1.0,1.0,1.0,1.0,1.0,1.0,1.0,1.0,1.0,1.0,1.0,1.0,1.0,1.0,1.0,1.0,1.0,1.0,1.0,1.0,1.0,1.0,1.0,1.0,1.0,1.0,1.0,1.0,1.0,1.0,1.0,1.0,1.0,1.0,1.0,1.0,1.0,1.0,1.0,1.0,1.0,1.0,1.0,1.0,1.0,1.0,1.0,1.0,1.0,1.0,1.0,1.0,1.0,1.0,1.0,1.0,1.0,1.0,1.0,1.0,1.0,1.0,1.0,1.0,1.0,1.0,1.035462052694656,0.9970063937848983,1.0109026310561557,0.9934840644657504,1.2089402811635712,1.3210639106858815,1.0743229474245555,1.388665602136855,1.8882903940207831,1.3458008199780882,1.1301580084881178,0.8921384643701123,1.4095198192686258,1.1413465400389562,1.0203279311176683,1.0382556643915335,1.2509246642441827,1.1102810841140698,1.4370429614254987,1.4047770198995009,1.1083206413193243,1.6081033279358885,1.2804791686299741,0.963791233461145,1.1842911710319315,2.218931417213959,1.850180661278888,1.1119245282987962,0.9539865496700183,0.9480951416542465,1.0349632014110923,1.0233272634372288,1.0145393643191696,0.8926318783931233,0.8673838568399591,1.085265876702138,1.311182562403868,0.9829845334451415,0.9159494532561901,0.9334863193016806,1.0217005000901611,1.2354053225661354,1.670839904429616,1.101854184054214,1.332134488888417,0.896447042377202,1.0777863173114115,1.4648254205488616,0.9309281042985688,1.2772155207852967,1.2230970371220167,1.0304697073046514,1.7649648640164126,1.012309107943565,1.4887724331167123,1.3252121304586049,1.2597662674216537,1.35153276813008,0.8358246872835178,1.1501610101239377,0.9115198373401545,1.1468915663583386,1.1852705593091128,1.2615113159057936,0.9524245634139383,1.1160133790530187,1.568938544100776,1.06060054069311,0.9204359587444845,1.0550531856246241,0.9331019757801629,1.3003440541580649,1.1032322196120057,1.383508883963548,1.4873057679833366,2.3437969387050135,1.3121270136559757,0.9812483022326803,0.8741166126451834,0.9970572732947198,1.2509570075755976,1.3347442820394244,1.0067687743854468,0.8882579183703421,1.1366810462215262,1.003764318017502,1.1606096226418812,0.9708757612579502,1.0819500300250826,0.7665232624119933,1.0893279099726925,1.3105928594118796,1.3170386207842366,1.0525934567273185,1.198875011193976,1.1690660924854037,1.1079065056388786,1.0932538971842303,1.1698233490086851,0.9942168027302752,0.9353998104262309,0.9645594879983873,1.203927880011468,1.2593860336730263,1.0239886767624593,1.3543570762059938,1.2681579012191904,1.204178189254629,0.9863787447350472,0.8561156274528859,1.3880155318543075,1.229137658325084,1.0912058464359227,1.13181829539266,1.1140824993143776,0.7888324510764081,1.226831084069584,1.2629688559638828,1.1100945535126312,1.0363733588971575,0.9133353216951292,1.117267709345355,1.120071305946901,1.111477379674522,0.9204113307449782,1.173279180894945,1.0516379331328936,1.1656221514734244,1.2280404281549482,1.092404934114092,1.0387805925316558,1.1675246542457498,1.193568878970559,1.5043419837004592,1.1132193754449964,2.951447302235337,0.7314241658466647,0.9821018046826415,2.310988478610999,1.270208820242585,2.2640813961683053,1.1961894590140054,1.0629201150703464,1.3613211949516146,0.9804603226343193,1.2126224748073535,1.4861949419269966,1.8457134868481004,1.2853302896892282,1.3798926931632216,1.2305065322219637,1.6216950403607993,1.0723188188347075,0.907484384151878,1.273262766991095,0.7438062513193213,1.234418201840699,0.922461543709229,0.9958916529359958,1.7748430528546302,1.1578618047710867,2.617199739084455,0.9831863435991726,1.4314183772699636,0.8906749442222285,1.017034697840217,0.9655711076246347,1.2568753522154708,1.515247073349473,1.0569288023233478,1.0876100807912448,1.0941177248698173,0.9836419331575339,1.2192765203755278,2.6063453181857126,1.5629920272770952,1.9357512757072903,2.0050479123748173,0.7358243670478335,1.8208627648136986,1.573703713945157,1.4020656190644218,1.2052884687811034,1.4177548744077872,1.417164245950104,1.4416001566565224,1.2661441755070826,2.0458831133489275,1.2704883298957879,1.7460921964978557,1.3846801663371786,1.4486718116469621,1.8508191137523562,2.677700542804325,1.3211947574550518,1.4674711273542544,2.3679715466345845,1.694695404189643,1.1276335608141856,1.1608219728766769
1.0,1.0,1.0,1.0,1.0,1.0,1.0,1.0,1.0,1.0,1.0,1.0,1.0,1.0,1.0,1.0,1.0,1.0,1.0,1.0,1.0,1.0,1.0,1.0,1.0,1.0,1.0,1.0,1.0,1.0,1.0,1.0,1.0,1.0,1.0,1.0,1.0,1.0,1.0,1.0,1.0,1.0,1.0,1.0,1.0,1.0,1.0,1.0,1.0,1.0,1.0,1.0,1.0,1.0,1.0,1.0,1.0,1.0,1.0,1.0,1.0,1.0,1.0,1.0,1.0,1.0,1.0,1.0,1.0,1.0,1.0,1.0,1.0,1.0,1.0,1.0,1.0,1.0,1.0,1.0,1.0,1.0,1.0,1.0,1.0,1.0,1.0,1.0,1.0,1.0,1.0,1.0,1.0,1.0,1.0,1.0,1.0,1.0,1.0,1.0,1.0,1.0,1.0,1.0,1.0,1.0,1.0,1.0,1.0,1.0,1.0,1.0,1.0,1.0,1.0,1.0,1.0,1.0,1.0,1.0,1.0,1.0,1.0,1.0,1.0,1.0,1.0,1.0,1.0,1.0,1.0,1.0,1.0,1.0,1.0,1.0,1.0,1.0,1.0,1.0,1.0,1.0,1.0,1.0,1.0,1.0,1.0,1.0,1.0,1.0,1.0,1.0,1.0,1.0,1.0,1.0,1.0,1.0,1.0,1.0,1.0,1.0,1.0,1.0,1.0,1.0,1.0,1.0,1.0,1.0,1.0,1.0,1.0,1.0,1.0,1.0,1.0,1.0,1.0,1.0,1.0,1.0,1.0,1.0,1.0,1.0,1.0,1.0,1.0,1.0,1.0,1.0,1.0,1.0,1.0,1.0,1.0,1.0,1.0,1.0,1.0,1.0,1.0,1.0,1.0,1.0,1.0,1.0,1.0,1.0,1.0,1.0,1.0,1.0,1.0,1.0,1.0,1.0,1.0,1.0,1.0,1.0,1.0,1.0,1.0,1.0,1.0,1.0,1.0,1.0,1.0,1.0,1.0,1.0,1.0,1.0,1.0,1.0,1.0,1.0,1.0,1.0,1.0,1.0,1.0,1.0,1.0,1.0,1.0,1.0,1.0,1.0,1.0,0.9606936769168768,0.975048076395497,0.9555752029196025,1.1639095933816392,1.2725992539315263,1.0359905637932767,1.3361833787478608,1.820660590721852,1.297508190795891,1.087607151721024,0.860522972407996,1.3594814424660069,1.0996204294024645,0.9852148085389753,1.0007354880223471,1.203118023774234,1.0703796593633037,1.3838038273896662,1.3547773193571324,1.0660263277610897,1.548038307754705,1.2372523514387497,0.927930672799716,1.1419612066866618,2.1472037740050296,1.782770834008561,1.0700604563356175,0.9184928630329245,0.914907050933754,0.9964730753290224,0.9879796662584693,0.9775851352088898,0.8612542805779501,0.8356110751223551,1.0444369946560308,1.2645079212655868,0.9464316365587615,0.8838863409511628,0.9000619558109996,0.983864674900278,1.1884731600955005,1.6062023714132374,1.0607392540345286,1.2838461724111738,0.863069997387133,1.0373863085983628,1.4198638947441091,0.8979830386271759,1.2304383463139696,1.1766090055948624,0.9939770092184619,1.6943117444723623,0.9746936433077316,1.4302085149901516,1.2761251429660678,1.2134390223476972,1.3065254259863135,0.806192729785647,1.107496450550137,0.8779771756466859,1.107872540653445,1.1420824802987002,1.2158244692857632,0.9175866848590373,1.0728161021235678,1.5116418282451043,1.0214147902914323,0.889186932438068,1.0213476261560048,0.8988972513006841,1.2521925140032388,1.0631907810685592,1.333452970359637,1.4314746027785195,2.260738704341417,1.2658248767341354,0.9457435915578952,0.844356457188659,0.960934778242484,1.2028932218180963,1.2857172603740727,0.970389341128549,0.8567524412084455,1.0931701164901177,0.9698508786217975,1.1186952970068447,0.9343700791687426,1.0448199782322312,0.7389949329264038,1.0439946917372955,1.2641908560531514,1.2666526049913736,1.015601566339635,1.1548991999801916,1.1279218066240797,1.0676813167713188,1.052655709754832,1.1253486403339226,0.9576413037930315,0.9004684525003683,0.9259866488989004,1.1555166298706925,1.2185157911809088,0.9874525109002599,1.305340573870438,1.2183802714456475,1.1601227639567946,0.952743969426403,0.8265481813424518,1.3372233039491217,1.1891966050025786,1.0526278527444815,1.0945047689594176,1.0755830772531518,0.7606163633100801,1.1819662931184458,1.2297993557987987,1.073486638417179,1.0021149149210755,0.8811499965892654,1.0783353472722892,1.081850578799438,1.071218678742891,0.8871964587100911,1.1324991685734513,1.0174212343794353,1.127354420722464,1.1897026636624612,1.0575939557961993,1.0061399318703004,1.12710337742163,1.1532686659944629,1.4470712092702112,1.0745577395401082,2.8345812203448952,0.7057372836327587,0.9501883656588371,2.2312707196292796,1.2217187561069027,2.1761493688356754,1.1532411151073187,1.0265863029120652,1.313099435409166,0.9446171444875177,1.168927871821685,1.4377950810489648,1.7976703063391395,1.2413309442541731,1.3278313827588213,1.187560082310084,1.5761288999970176,1.0335362266046981,0.8764528114701706,1.2289460292308438,0.7197537404363978,1.1978725238549046,0.8937904268140161,0.9624435578482763,1.71758335166263,1.1180058411883138,2.5339999708770673,0.9464465750188654,1.3789105981197562,0.8579954296307559,0.981406648715686,0.9297909321044309,1.2107951635607974,1.4605970106422466,1.0193398787785712,1.0482226727157693,1.0544846478166763,0.9524230132748323,1.174106764861648,2.514877604248463,1.50610032020282,1.8541417361179136,1.9251940078308905,0.7107990612744683,1.7637450781673498,1.5177670727237291,1.3514826891050717,1.158268860866421,1.3656297234406571,1.3641290582002688,1.3880706563117644,1.2167907246976024,1.9765086230403641,1.2288128787761545,1.6827984865011065,1.3325528277941983,1.3965914936899904,1.7847669367479626,2.611918188041883,1.2807340879180922,1.4139457901028378,2.2801171367778146,1.632839384234828,1.090783228129243,1.118798026281072
1.0,1.0,1.0,1.0,1.0,1.0,1.0,1.0,1.0,1.0,1.0,1.0,1.0,1.0,1.0,1.0,1.0,1.0,1.0,1.0,1.0,1.0,1.0,1.0,1.0,1.0,1.0,1.0,1.0,1.0,1.0,1.0,1.0,1.0,1.0,1.0,1.0,1.0,1.0,1.0,1.0,1.0,1.0,1.0,1.0,1.0,1.0,1.0,1.0,1.0,1.0,1.0,1.0,1.0,1.0,1.0,1.0,1.0,1.0,1.0,1.0,1.0,1.0,1.0,1.0,1.0,1.0,1.0,1.0,1.0,1.0,1.0,1.0,1.0,1.0,1.0,1.0,1.0,1.0,1.0,1.0,1.0,1.0,1.0,1.0,1.0,1.0,1.0,1.0,1.0,1.0,1.0,1.0,1.0,1.0,1.0,1.0,1.0,1.0,1.0,1.0,1.0,1.0,1.0,1.0,1.0,1.0,1.0,1.0,1.0,1.0,1.0,1.0,1.0,1.0,1.0,1.0,1.0,1.0,1.0,1.0,1.0,1.0,1.0,1.0,1.0,1.0,1.0,1.0,1.0,1.0,1.0,1.0,1.0,1.0,1.0,1.0,1.0,1.0,1.0,1.0,1.0,1.0,1.0,1.0,1.0,1.0,1.0,1.0,1.0,1.0,1.0,1.0,1.0,1.0,1.0,1.0,1.0,1.0,1.0,1.0,1.0,1.0,1.0,1.0,1.0,1.0,1.0,1.0,1.0,1.0,1.0,1.0,1.0,1.0,1.0,1.0,1.0,1.0,1.0,1.0,1.0,1.0,1.0,1.0,1.0,1.0,1.0,1.0,1.0,1.0,1.0,1.0,1.0,1.0,1.0,1.0,1.0,1.0,1.0,1.0,1.0,1.0,1.0,1.0,1.0,1.0,1.0,1.0,1.0,1.0,1.0,1.0,1.0,1.0,1.0,1.0,1.0,1.0,1.0,1.0,1.0,1.0,1.0,1.0,1.0,1.0,1.0,1.0,1.0,1.0,1.0,1.0,1.0,1.0,1.0,1.0,1.0,1.0,1.0,1.0,1.0,1.0,1.0,1.0,1.0,1.0,1.0,1.0,1.0,1.0,1.0,1.0,1.0,1.0135526902724648,0.997554931587807,1.2133101243420208,1.32534299361164,1.0771019909599038,1.3935763864323722,1.8933384045723876,1.3497853337306136,1.1344173104216746,0.8943675453385214,1.4130779220200869,1.1451830200918889,1.0230955859943398,1.0411906333348269,1.2558825199453993,1.1136475601304223,1.4425781837753384,1.408487391230047,1.1133248854886788,1.6136404100642725,1.282417248912087,0.9671542041714037,1.1876306288815346,2.2206359296496023,1.8563937439128226,1.116194951436749,0.9571450350878882,0.9501402640293518,1.0382067721860502,1.0253339314266856,1.0176083741446653,0.8948199475407957,0.870295629225643,1.0896025437332924,1.3148341788271458,0.9863866593410975,0.9179627687609979,0.9362703018715304,1.025126256229938,1.2404073202435701,1.6782328065075744,1.1050451505668173,1.336387139209328,0.8993172543113254,1.082207797661404,1.4644880098858493,0.9330184578193611,1.2810595849033959,1.2278403955634916,1.0328175600694611,1.7740837575061443,1.015520199284631,1.4949777234710262,1.3300003568292036,1.2639061943255314,1.353665683342463,0.8378960110949198,1.154146141193472,0.9145321849993787,1.1489840078659714,1.1890782225315741,1.265563599910211,0.9553312592562706,1.12006210083893,1.5737929705991396,1.0643729160863469,0.9219225948975263,1.0555746121637073,0.9357629826525211,1.3045960080811692,1.1066761870679898,1.3882049366200164,1.492452210450586,2.3501134647738815,1.3147667358169002,0.9840269766140064,0.8759348000840358,1.000098818986833,1.2563778050432874,1.339098160215724,1.009793837243288,0.8905556591545776,1.1414145049667148,1.0055032864017803,1.1639725986279905,0.9747892676439998,1.0840824670513582,0.768231140361519,1.0954535405267478,1.3135557857714757,1.3223587606960727,1.0554797929430348,1.2024428777928982,1.172389940239055,1.111314819661426,1.0971535818746223,1.1742947572492892,0.9974857534847117,0.9388441479711002,0.9698809976247855,1.209915733436282,1.2601185949057871,1.0268032073188245,1.358354428106908,1.274840928120733,1.2082985544935916,0.9883009474149582,0.8580201355242982,1.3920527736688095,1.2302707393047536,1.0942449084040866,1.1328771098126558,1.116397456172997,0.7907891927593127,1.2305492729573682,1.2584419138972527,1.111422146433232,1.037695343121372,0.915198293058916,1.1196565242091205,1.1219967535682707,1.1146061744029778,0.9230756708323278,1.176163404495044,1.0528869676518688,1.1666906749122372,1.227882370958666,1.0930874592012194,1.038841369005415,1.1701765263714934,1.195429100755677,1.510476960900832,1.1156425967204218,2.960612511208736,0.7331175670079246,0.9829047885401843,2.31709448938124,1.2748696033447577,2.2748449570168785,1.1999575681127863,1.0652425481966339,1.3645903524416427,0.983559963798033,1.2163902456220494,1.4876393211374266,1.8432799623607976,1.2881374657810658,1.3852006950389733,1.2332972583740056,1.6192052553662362,1.0756982080241617,0.9092087126569379,1.2757174159539115,0.7441627907190475,1.2337040062223685,0.9225391253482642,0.9973372726998393,1.7760326440447844,1.1596892506623768,2.6183896895547347,0.9868255741855129,1.4354699247904077,0.893425278639163,1.0187175032747255,0.9689152536585965,1.260950436944133,1.519628508664416,1.060047301393229,1.0907661411037868,1.0980202942781212,0.984351981092894,1.2235729523611014,2.613805212336165,1.5682161449934893,1.9501723125970347,2.012768680839269,0.7370933332481231,1.820787423405005,1.5776111420990846,1.4063504523595562,1.21054624338179,1.422460229958065,1.4224291352367326,1.446560733867644,1.2717339914795072,2.048768194751287,1.2719141610023166,1.7488414599370556,1.3905592674338907,1.452915833942018,1.856190577168543,2.6687540147182682,1.321481820940235,1.4721431960820974,2.3778825825491374,1.700456331051094,1.1287104642040835,1.1640883721935142
1.0,1.0,1.0,1.0,1.0,1.0,1.0,1.0,1.0,1.0,1.0,1.0,1.0,1.0,1.0,1.0,1.0,1.0,1.0,1.0,1.0,1.0,1.0,1.0,1.0,1.0,1.0,1.0,1.0,1.0,1.0,1.0,1.0,1.0,1.0,1.0,1.0,1.0,1.0,1.0,1.0,1.0,1.0,1.0,1.0,1.0,1.0,1.0,1.0,1.0,1.0,1.0,1.0,1.0,1.0,1.0,1.0,1.0,1.0,1.0,1.0,1.0,1.0,1.0,1.0,1.0,1.0,1.0,1.0,1.0,1.0,1.0,1.0,1.0,1.0,1.0,1.0,1.0,1.0,1.0,1.0,1.0,1.0,1.0,1.0,1.0,1.0,1.0,1.0,1.0,1.0,1.0,1.0,1.0,1.0,1.0,1.0,1.0,1.0,1.0,1.0,1.0,1.0,1.0,1.0,1.0,1.0,1.0,1.0,1.0,1.0,1.0,1.0,1.0,1.0,1.0,1.0,1.0,1.0,1.0,1.0,1.0,1.0,1.0,1.0,1.0,1.0,1.0,1.0,1.0,1.0,1.0,1.0,1.0,1.0,1.0,1.0,1.0,1.0,1.0,1.0,1.0,1.0,1.0,1.0,1.0,1.0,1.0,1.0,1.0,1.0,1.0,1.0,1.0,1.0,1.0,1.0,1.0,1.0,1.0,1.0,1.0,1.0,1.0,1.0,1.0,1.0,1.0,1.0,1.0,1.0,1.0,1.0,1.0,1.0,1.0,1.0,1.0,1.0,1.0,1.0,1.0,1.0,1.0,1.0,1.0,1.0,1.0,1.0,1.0,1.0,1.0,1.0,1.0,1.0,1.0,1.0,1.0,1.0,1.0,1.0,1.0,1.0,1.0,1.0,1.0,1.0,1.0,1.0,1.0,1.0,1.0,1.0,1.0,1.0,1.0,1.0,1.0,1.0,1.0,1.0,1.0,1.0,1.0,1.0,1.0,1.0,1.0,1.0,1.0,1.0,1.0,1.0,1.0,1.0,1.0,1.0,1.0,1.0,1.0,1.0,1.0,1.0,1.0,1.0,1.0,1.0,1.0,1.0,1.0,1.0,1.0,1.0,1.0,1.0,0.9825524880709646,1.1956591560096084,1.3066260269971632,1.0622129696534004,1.3728596555015176,1.86776434371769,1.3314300074905667,1.1176043199233097,0.8821561078292859,1.3941558192047045,1.129099452945088,1.009820887495953,1.0265182055987065,1.2375653008078893,1.0984966241486074,1.4217913316905961,1.3895920056096547,1.0970340982753495,1.5900779971464765,1.2659547359844998,0.9529698319461146,1.1715178407828424,2.195279795561466,1.8308368872867031,1.0997273973748498,0.9432553745387564,0.937577177920471,1.0230237310074284,1.011794515721124,1.00312502395727,0.8827630479391972,0.8579054917728671,1.0737639777240742,1.297204358125641,0.9720266756371885,0.905637363810786,0.9234320330457209,1.0100807291709724,1.2219988831909712,1.6526140412333254,1.0890232574523806,1.317742146656574,0.8862788534116199,1.0662898044853895,1.4486132774963685,0.919962899678529,1.26312709296956,1.2093776081124874,1.018754838102428,1.7458077005592285,1.0006211357225694,1.4712820290675883,1.3109450367882691,1.2458735590244836,1.337712881629554,0.8265315886111249,1.1372924899648167,0.9012839389255098,1.134019167911628,1.1724422478656256,1.2479883224405959,0.9417544910370834,1.1028261874766776,1.5515554003771657,1.048973895057106,0.909868932383599,1.043224636351594,0.9223580899515949,1.2857341005515035,1.0914249307140496,1.3690421253832121,1.470720324889104,2.317699705414909,1.2966457001501381,0.970185104863617,0.8646695117332375,0.986040153065069,1.237445696469568,1.3202670374172918,0.9957874973492171,0.8784111411537048,1.1238737586396788,0.9927675629949275,1.1479791879046992,0.9604814670676106,1.0703026798506976,0.757451031749022,1.0770105915608852,1.2954029944487802,1.3022261525937107,1.0411270990297259,1.1851451648005062,1.1570032531837113,1.0955179961707615,1.08128144337596,1.1564685635842995,0.9831471986021515,0.9248658220683734,0.9542297890646978,1.1902188008448067,1.2444709976432593,1.0127963879472377,1.3394806319676102,1.2553767366641195,1.191266488335568,0.9755854960199983,0.8468952025822598,1.3718709299496705,1.2157923333033898,1.0797308268380472,1.1189123335852478,1.101497789576015,0.7798031298591711,1.2130845825522472,1.2479087094118988,1.0978465976549092,1.0246333376301493,0.9026791020693739,1.1048603781233122,1.107583643038181,1.0988922284233866,0.9103783825287427,1.1603513470499318,1.0403525724241829,1.1525755593308256,1.21337793931597,1.0800796716325372,1.0266791171824339,1.1546079590744662,1.1802446492372796,1.4881634878924483,1.1007177110260438,2.9122795112356354,0.7232183809720877,0.9709686570215079,2.2884508560850163,1.2556265533659723,2.2404113690204635,1.1834938399889543,1.051468502452326,1.3461386733947882,0.9694636682951325,1.1995097938189279,1.470437133026572,1.829975853415034,1.2719723817088116,1.3641650938484589,1.2165379412898076,1.6039064723890655,1.0608153539981804,0.8977159300240332,1.258313965266713,0.7351993474604006,1.2211783200526067,0.9122232693416304,0.9850654177029389,1.75528818427572,1.1443588812545857,2.5887775318788093,0.9724387928281466,1.4147550298216363,0.880521999466905,1.0047096961849782,0.9547340118402738,1.24313819246796,1.498713232955943,1.0459720683774,1.0757902675408046,1.08303958586577,0.9731683581885365,1.2061114084761615,2.5784993511810392,1.5461560412319488,1.9179069525750099,1.9784275835854062,0.7275952439210283,1.8012422171673963,1.556443072553483,1.3870547215160967,1.1916652244825157,1.4021662112817463,1.4009447050704904,1.425343159884951,1.2519160596862082,2.0225347454230285,1.256070359342272,1.7241515988570686,1.3703861208402714,1.4329207185627633,1.830669568984907,2.6476448515305044,1.3073964320458584,1.4513401677275732,2.345829240228144,1.6771044884871071,1.115376454126697,1.1476784371582929
1.0,1.0,1.0,1.0,1.0,1.0,1.0,1.0,1.0,1.0,1.0,1.0,1.0,1.0,1.0,1.0,1.0,1.0,1.0,1.0,1.0,1.0,1.0,1.0,1.0,1.0,1.0,1.0,1.0,1.0,1.0,1.0,1.0,1.0,1.0,1.0,1.0,1.0,1.0,1.0,1.0,1.0,1.0,1.0,1.0,1.0,1.0,1.0,1.0,1.0,1.0,1.0,1.0,1.0,1.0,1.0,1.0,1.0,1.0,1.0,1.0,1.0,1.0,1.0,1.0,1.0,1.0,1.0,1.0,1.0,1.0,1.0,1.0,1.0,1.0,1.0,1.0,1.0,1.0,1.0,1.0,1.0,1.0,1.0,1.0,1.0,1.0,1.0,1.0,1.0,1.0,1.0,1.0,1.0,1.0,1.0,1.0,1.0,1.0,1.0,1.0,1.0,1.0,1.0,1.0,1.0,1.0,1.0,1.0,1.0,1.0,1.0,1.0,1.0,1.0,1.0,1.0,1.0,1.0,1.0,1.0,1.0,1.0,1.0,1.0,1.0,1.0,1.0,1.0,1.0,1.0,1.0,1.0,1.0,1.0,1.0,1.0,1.0,1.0,1.0,1.0,1.0,1.0,1.0,1.0,1.0,1.0,1.0,1.0,1.0,1.0,1.0,1.0,1.0,1.0,1.0,1.0,1.0,1.0,1.0,1.0,1.0,1.0,1.0,1.0,1.0,1.0,1.0,1.0,1.0,1.0,1.0,1.0,1.0,1.0,1.0,1.0,1.0,1.0,1.0,1.0,1.0,1.0,1.0,1.0,1.0,1.0,1.0,1.0,1.0,1.0,1.0,1.0,1.0,1.0,1.0,1.0,1.0,1.0,1.0,1.0,1.0,1.0,1.0,1.0,1.0,1.0,1.0,1.0,1.0,1.0,1.0,1.0,1.0,1.0,1.0,1.0,1.0,1.0,1.0,1.0,1.0,1.0,1.0,1.0,1.0,1.0,1.0,1.0,1.0,1.0,1.0,1.0,1.0,1.0,1.0,1.0,1.0,1.0,1.0,1.0,1.0,1.0,1.0,1.0,1.0,1.0,1.0,1.0,1.0,1.0,1.0,1.0,1.0,1.0,1.0,1.2127949940218354,1.324031264864386,1.0719287342466086,1.3927289533624516,1.8897025805818957,1.3463228511566028,1.133973462422075,0.8903920998720638,1.4074915754685802,1.1438597004472009,1.0167942394907534,1.0373568364515684,1.2586471291261865,1.1113205723371666,1.44227903906785,1.4039083108125823,1.115753192018472,1.6117499959649437,1.2716244515400656,0.9655774492283599,1.1851019739763164,2.2058036778041616,1.8553666681153331,1.116467522899377,0.9561760309999368,0.9456583823393345,1.036262894881106,1.0178172479238161,1.0145474132356123,0.8907530603263106,0.8680169923484503,1.0907266992129379,1.3116630523083883,0.9857736361986948,0.9135208790119305,0.9326144717229894,1.022884373251415,1.2415185297023366,1.6830822617386803,1.1031713900438924,1.3359459888031204,0.8969762070578041,1.081968436281231,1.446550916794609,0.9269299568701385,1.2785239257771066,1.2276865497314546,1.0271212162025836,1.7844308165877474,1.013227866151464,1.495408562933117,1.3294828451887217,1.2620705907954548,1.34566920029531,0.8339164082671504,1.1522304391827773,0.9122799519102066,1.1403570454432312,1.1865005429742235,1.262809782670066,0.9525609363927621,1.120728218266962,1.5730884898902555,1.0622891881982597,0.9137148046465959,1.0434072585380008,0.9333624684161199,1.3023773000264183,1.1050532199241283,1.386265921773877,1.4911953987362043,2.341031233080656,1.3061948499756626,0.9804738203030035,0.8707019919746927,0.9970520163836691,1.2588999283411788,1.337750780723153,1.0065232085809344,0.8871341218599476,1.1433790268273019,0.9983075622491817,1.1602001922025993,0.9749298125480006,1.0783670295974568,0.7640673141644047,1.1043882810979733,1.3059373383392336,1.322886440014675,1.0518930806784619,1.1986526439267302,1.1676749313268284,1.107378879116039,1.0964058277822417,1.17277951891544,0.9957741857651756,0.937906755946399,0.9730030280680548,1.215310709400345,1.2454624587617475,1.0227287867990018,1.356236227811118,1.282758534133574,1.206730407619951,0.981819396084679,0.8533772040438025,1.3887316842962667,1.2195861407954776,1.090113341765265,1.122640179155479,1.1099579962839852,0.7872431348414648,1.2277127644165362,1.2317623353392695,1.1015902440803829,1.02921775818708,0.9091168247847337,1.1137469281319607,1.1143239245574916,1.1102189117502075,0.9213870603760622,1.1715722283358567,1.0424383135103912,1.1556357586165955,1.2108653555617084,1.0796794173566915,1.025033682710657,1.1639249331708892,1.1868649766035835,1.5124885137011805,1.1089370559610918,2.9669660656155177,0.729554838785082,0.9745089840606194,2.3094291551947923,1.2749686239384044,2.28269827535201,1.1965694371074271,1.0579143506371502,1.3594491703461467,0.98140534465986,1.212012489474013,1.4760246648088062,1.8171594476418746,1.2823429290257775,1.3841650323068468,1.2274692426367562,1.5918716156556756,1.0733552291507618,0.904049270474576,1.2666129985194945,0.7358353335730463,1.2184140652003048,0.9112869748072141,0.9896125817994823,1.759021852024753,1.1519123699297191,2.594493568383775,0.9860378656450042,1.4316600287506038,0.8906729241968756,1.0106966289977697,0.9676261065615385,1.258591955359102,1.5156440051651345,1.055869164049131,1.088232103688255,1.0962369994394685,0.9742964726349945,1.2222860786483751,2.607233903942014,1.5659219613049256,1.9706128665547415,2.016051144295886,0.7318743084114296,1.801908037098241,1.5735978021120047,1.4029154390080003,1.2134622878788528,1.4210334740739596,1.4208328454964076,1.4440221588426938,1.2741379384632239,2.0339172617491643,1.2597337647124847,1.7380549992359304,1.3943023355304935,1.4491563425028025,1.848948982928114,2.6109444164774835,1.3048735973769237,1.4690735024361001,2.3748658768449937,1.6976338298479725,1.1186800191696804,1.1597200080262005
1.0,1.0,1.0,1.0,1.0,1.0,1.0,1.0,1.0,1.0,1.0,1.0,1.0,1.0,1.0,1.0,1.0,1.0,1.0,1.0,1.0,1.0,1.0,1.0,1.0,1.0,1.0,1.0,1.0,1.0,1.0,1.0,1.0,1.0,1.0,1.0,1.0,1.0,1.0,1.0,1.0,1.0,1.0,1.0,1.0,1.0,1.0,1.0,1.0,1.0,1.0,1.0,1.0,1.0,1.0,1.0,1.0,1.0,1.0,1.0,1.0,1.0,1.0,1.0,1.0,1.0,1.0,1.0,1.0,1.0,1.0,1.0,1.0,1.0,1.0,1.0,1.0,1.0,1.0,1.0,1.0,1.0,1.0,1.0,1.0,1.0,1.0,1.0,1.0,1.0,1.0,1.0,1.0,1.0,1.0,1.0,1.0,1.0,1.0,1.0,1.0,1.0,1.0,1.0,1.0,1.0,1.0,1.0,1.0,1.0,1.0,1.0,1.0,1.0,1.0,1.0,1.0,1.0,1.0,1.0,1.0,1.0,1.0,1.0,1.0,1.0,1.0,1.0,1.0,1.0,1.0,1.0,1.0,1.0,1.0,1.0,1.0,1.0,1.0,1.0,1.0,1.0,1.0,1.0,1.0,1.0,1.0,1.0,1.0,1.0,1.0,1.0,1.0,1.0,1.0,1.0,1.0,1.0,1.0,1.0,1.0,1.0,1.0,1.0,1.0,1.0,1.0,1.0,1.0,1.0,1.0,1.0,1.0,1.0,1.0,1.0,1.0,1.0,1.0,1.0,1.0,1.0,1.0,1.0,1.0,1.0,1.0,1.0,1.0,1.0,1.0,1.0,1.0,1.0,1.0,1.0,1.0,1.0,1.0,1.0,1.0,1.0,1.0,1.0,1.0,1.0,1.0,1.0,1.0,1.0,1.0,1.0,1.0,1.0,1.0,1.0,1.0,1.0,1.0,1.0,1.0,1.0,1.0,1.0,1.0,1.0,1.0,1.0,1.0,1.0,1.0,1.0,1.0,1.0,1.0,1.0,1.0,1.0,1.0,1.0,1.0,1.0,1.0,1.0,1.0,1.0,1.0,1.0,1.0,1.0,1.0,1.0,1.0,1.0,1.0,1.0,1.0,1.091672641107349,0.8850080868361011,1.1479001134528024,1.5598885543098604,1.1109889458619226,0.9346516895558061,0.7351945570089369,1.1622509565389243,0.9433571862199395,0.8403467292237691,0.8562544362614306,1.036697167652915,0.9163727222227716,1.1888933508847281,1.1591302843409093,0.9188895004616233,1.329004289169685,1.0516840986992924,0.7962877016373298,0.9777299262832175,1.8248621699286423,1.5303207075034075,0.9200975125098416,0.7883395570066457,0.7811708392807135,0.8545355553347314,0.8412986722498467,0.8371204970323268,0.7355180224585026,0.7162508914177393,0.8987783910708635,1.0827460417035426,0.8124747375239875,0.7544423852031182,0.7698111452213277,0.8433829903502241,1.0228058909716844,1.384972423689678,0.9098870444947249,1.101132942212798,0.7399759617099617,0.8916947150728332,1.199783364628792,0.7655852736607512,1.0547845061738943,1.0118121480885138,0.8483747500298019,1.4667916416259987,0.8356164425699593,1.2315985787301023,1.095978928225401,1.0410355123326476,1.1134633739341713,0.6886716351773654,0.9503192547119885,0.7524743619171181,0.9427634613280016,0.9791286524120655,1.0419786744919075,0.7859754412966646,0.9233408613972758,1.2971051352135283,0.8760431021028676,0.7560164332588244,0.8645250724514493,0.7698941415963947,1.07418619245002,0.9116055904795238,1.143440721022616,1.2291474700047336,1.9328621354027873,1.0791210713996957,0.8091962604238973,0.719573676876187,0.8226800787550117,1.0366856733920184,1.1032210879471358,0.8307958087663901,0.7323326678799349,0.9413075219729615,0.8256113867546344,0.9578654062041307,0.8034409402474046,0.8911671614083102,0.6309074177803445,0.9062192039996233,1.0784249322628983,1.0895758780170053,0.867951480166305,0.9891291025251305,0.9646663352752589,0.9136903624455952,0.9038815988600144,0.9668735659508729,0.8212316696351651,0.7729163087440556,0.8000984952078343,0.9989901588968728,1.0307246674557864,0.8444913714413782,1.118726428903124,1.054525626021211,0.9952657621987986,0.8114076809067996,0.705209073732986,1.1453054161743335,1.0091425445703326,0.9001408528760467,0.9289937709768172,0.9166696008765516,0.6497898798665445,1.0125597325129334,1.0257759407776936,0.9118200147384394,0.8509557436008417,0.7506769652021168,0.9201062940504241,0.9211470465622914,0.9164727125363475,0.7600194000136965,0.9667815664704813,0.8633249927533949,0.9565375289191652,1.0038407988242533,0.8948809349920583,0.8494524423089429,0.9611631325959599,0.981549512230651,1.24547066534686,0.9158718123064398,2.4406049547681827,0.6025076138478724,0.8061578744945136,1.909030275874897,1.0506493674877677,1.878886386529856,0.9876979519877717,0.8745914172486117,1.1223292130145857,0.8095173516270984,1.0006194994385638,1.2217279216431742,1.5100428375986892,1.0597672098843638,1.1403384490291628,1.0130603334145634,1.3239026821387356,0.8857097665398779,0.7474270708863767,1.0459895102478765,0.6095128593717575,1.010554617294017,0.7553328211691999,0.8186829197123197,1.4566035791361698,0.9518663876806959,2.1478989073963914,0.8127459022662624,1.180645396869442,0.7347968072353017,0.834962139768511,0.7977438831692161,1.0381380250227188,1.2507524828990513,0.8722499047302956,0.8978654503234214,0.9043982646154545,0.8071630499080165,1.0080756677705531,2.1501647090090934,1.29148759524373,1.6167366362772597,1.6565632818395648,0.605108249789282,1.4936274716375952,1.2985063775406225,1.1577078264759464,0.998791438950296,1.171603379082806,1.171283226484731,1.1909013418688326,1.0487172339811526,1.6823479230987615,1.0426719441300247,1.4363767094087778,1.1480249331840384,1.1959369965423916,1.5265289705173128,2.173286242856844,1.0825254324931803,1.21180472588922,1.959371498766247,1.4007177626609637,0.9263579045731335,0.9571085080381541
1.0,1.0,1.0,1.0,1.0,1.0,1.0,1.0,1.0,1.0,1.0,1.0,1.0,1.0,1.0,1.0,1.0,1.0,1.0,1.0,1.0,1.0,1.0,1.0,1.0,1.0,1.0,1.0,1.0,1.0,1.0,1.0,1.0,1.0,1.0,1.0,1.0,1.0,1.0,1.0,1.0,1.0,1.0,1.0,1.0,1.0,1.0,1.0,1.0,1.0,1.0,1.0,1.0,1.0,1.0,1.0,1.0,1.0,1.0,1.0,1.0,1.0,1.0,1.0,1.0,1.0,1.0,1.0,1.0,1.0,1.0,1.0,1.0,1.0,1.0,1.0,1.0,1.0,1.0,1.0,1.0,1.0,1.0,1.0,1.0,1.0,1.0,1.0,1.0,1.0,1.0,1.0,1.0,1.0,1.0,1.0,1.0,1.0,1.0,1.0,1.0,1.0,1.0,1.0,1.0,1.0,1.0,1.0,1.0,1.0,1.0,1.0,1.0,1.0,1.0,1.0,1.0,1.0,1.0,1.0,1.0,1.0,1.0,1.0,1.0,1.0,1.0,1.0,1.0,1.0,1.0,1.0,1.0,1.0,1.0,1.0,1.0,1.0,1.0,1.0,1.0,1.0,1.0,1.0,1.0,1.0,1.0,1.0,1.0,1.0,1.0,1.0,1.0,1.0,1.0,1.0,1.0,1.0,1.0,1.0,1.0,1.0,1.0,1.0,1.0,1.0,1.0,1.0,1.0,1.0,1.0,1.0,1.0,1.0,1.0,1.0,1.0,1.0,1.0,1.0,1.0,1.0,1.0,1.0,1.0,1.0,1.0,1.0,1.0,1.0,1.0,1.0,1.0,1.0,1.0,1.0,1.0,1.0,1.0,1.0,1.0,1.0,1.0,1.0,1.0,1.0,1.0,1.0,1.0,1.0,1.0,1.0,1.0,1.0,1.0,1.0,1.0,1.0,1.0,1.0,1.0,1.0,1.0,1.0,1.0,1.0,1.0,1.0,1.0,1.0,1.0,1.0,1.0,1.0,1.0,1.0,1.0,1.0,1.0,1.0,1.0,1.0,1.0,1.0,1.0,1.0,1.0,1.0,1.0,1.0,1.0,1.0,1.0,1.0,1.0,1.0,1.0,1.0,0.8102725764177857,1.0503827484156494,1.428956879747075,1.0173146494413738,0.8547479697754345,0.6730884819829228,1.0645152961479447,0.8631247953826052,0.7688783043417959,0.7836731746680674,0.9492008896676081,0.8392646660842041,1.0873809026845203,1.0614525125133856,0.8406904691345685,1.216036330819705,0.9634606688009302,0.7283176531142803,0.8954535050557705,1.6749002120356682,1.400399449663762,0.8417335519065618,0.7213972677948289,0.7154593659278596,0.7821548804280161,0.7704844447176031,0.7660689306394664,0.6735314747347616,0.6553029277714543,0.822165527049399,0.9917465182031416,0.7434165952358737,0.6910114034731217,0.7046076337189573,0.7715963911973724,0.9354231195455309,1.2662818200634351,0.832953088270234,1.0082436245884092,0.6771171691896446,0.8156193176101616,1.1002233725465729,0.7009543539477404,0.9657944952243613,0.9251003865158094,0.7768628728868273,1.3408831106121208,0.7646647622371031,1.126176209354057,1.0027365779229758,0.9525171682819957,1.02056619510157,0.630465781716187,0.8692370803847504,0.6883634434824013,0.8635929195279256,0.8960712493210319,0.9534865373729701,0.7193133135834081,0.8445439114292705,1.1877066542964085,0.8013244798126586,0.6921791672637223,0.7924217168428704,0.7047173856185893,0.9831643681010049,0.8344541906813003,1.0462906391731,1.1248666623945514,1.7687291576932704,0.9880058611494126,0.7406757909602522,0.659043035099219,0.7528671903409897,0.94786979591305,1.0098718635433355,0.7603686422057027,0.6705406781801838,0.8608025616891777,0.756399516800323,0.8769160360499842,0.7348612794061491,0.8166378245215362,0.5777106890293255,0.8282061669868912,0.9870895012698742,0.9965696091913196,0.7946269206234973,0.9051573430238647,0.8832661179181,0.8361496222790826,0.8268931385468712,0.8839161423915414,0.751532920198202,0.7069591455303922,0.7307687985091605,0.9130815584938885,0.945087174081461,0.772984116350178,1.02427124344236,0.9641529711668954,0.9106204647348208,0.7432831161358568,0.6457632901400168,1.0483394137162436,0.9254914474502162,0.8241824126690354,0.851324014958355,0.839812089108142,0.5950349539050404,0.9266766176645722,0.9445151748037729,0.8355934848635425,0.7800217429516012,0.6876603640014722,0.8426376414797231,0.8438940301237452,0.8388929487776298,0.696043151395482,0.8850883836526235,0.7913179664120342,0.8770208783890536,0.9205078572124827,0.8199900875715977,0.7788374103447255,0.8806302497208451,0.8990469927095845,1.1395646614828872,0.8385241621181209,2.2329941058054095,0.5516524157028169,0.7393837404357897,1.7479273948517542,0.9614450016302761,1.717607729554401,0.9036785462974155,0.8009616522853582,1.0280093551727598,0.7408204254317244,0.9155279160455215,1.1206445025580498,1.3894457820912725,0.9705375124578141,1.0424750611459452,0.9279393599616204,1.21542570162063,0.8105770676243652,0.6848362925973137,0.9583438867036156,0.5588491715165529,0.9274940076568419,0.6928228058853354,0.7502067757169589,1.3363820749904218,0.8720722453530059,1.9717587142541557,0.7433968768426402,1.080866951103469,0.6724244040633605,0.7650623006383483,0.729804378354847,0.9502002726383028,1.1450559753499854,0.7984809314045518,0.8219678350377155,0.8276628522267466,0.7403251776430447,0.9223001134421656,1.9685953152501554,1.1813616570715164,1.4764371709637816,1.5159081255051958,0.5544750932317565,1.3710958613820425,1.18992818509567,1.0597479200016058,0.9132870122044654,1.0722930804504167,1.0710737345767904,1.0892542797104214,0.958807631201399,1.5417473997452547,0.955360145834663,1.3160081438929787,1.0503306355265114,1.0948505045704828,1.3972305803365246,1.9981114250632757,0.993113556700246,1.1089386808370696,1.7918709371901647,1.2819785387274791,0.8493994553902026,0.8759733210069416
1.0,1.0,1.0,1.0,1.0,1.0,1.0,1.0,1.0,1.0,1.0,1.0,1.0,1.0,1.0,1.0,1.0,1.0,1.0,1.0,1.0,1.0,1.0,1.0,1.0,1.0,1.0,1.0,1.0,1.0,1.0,1.0,1.0,1.0,1.0,1.0,1.0,1.0,1.0,1.0,1.0,1.0,1.0,1.0,1.0,1.0,1.0,1.0,1.0,1.0,1.0,1.0,1.0,1.0,1.0,1.0,1.0,1.0,1.0,1.0,1.0,1.0,1.0,1.0,1.0,1.0,1.0,1.0,1.0,1.0,1.0,1.0,1.0,1.0,1.0,1.0,1.0,1.0,1.0,1.0,1.0,1.0,1.0,1.0,1.0,1.0,1.0,1.0,1.0,1.0,1.0,1.0,1.0,1.0,1.0,1.0,1.0,1.0,1.0,1.0,1.0,1.0,1.0,1.0,1.0,1.0,1.0,1.0,1.0,1.0,1.0,1.0,1.0,1.0,1.0,1.0,1.0,1.0,1.0,1.0,1.0,1.0,1.0,1.0,1.0,1.0,1.0,1.0,1.0,1.0,1.0,1.0,1.0,1.0,1.0,1.0,1.0,1.0,1.0,1.0,1.0,1.0,1.0,1.0,1.0,1.0,1.0,1.0,1.0,1.0,1.0,1.0,1.0,1.0,1.0,1.0,1.0,1.0,1.0,1.0,1.0,1.0,1.0,1.0,1.0,1.0,1.0,1.0,1.0,1.0,1.0,1.0,1.0,1.0,1.0,1.0,1.0,1.0,1.0,1.0,1.0,1.0,1.0,1.0,1.0,1.0,1.0,1.0,1.0,1.0,1.0,1.0,1.0,1.0,1.0,1.0,1.0,1.0,1.0,1.0,1.0,1.0,1.0,1.0,1.0,1.0,1.0,1.0,1.0,1.0,1.0,1.0,1.0,1.0,1.0,1.0,1.0,1.0,1.0,1.0,1.0,1.0,1.0,1.0,1.0,1.0,1.0,1.0,1.0,1.0,1.0,1.0,1.0,1.0,1.0,1.0,1.0,1.0,1.0,1.0,1.0,1.0,1.0,1.0,1.0,1.0,1.0,1.0,1.0,1.0,1.0,1.0,1.0,1.0,1.0,1.0,1.0,1.0,1.0,1.292168899488608,1.75743831524295,1.2526911684549753,1.0519361633975701,0.830264298289739,1.3117806570939878,1.0624836374541722,0.9503485592017322,0.9662541378795033,1.1642263231987746,1.033691468975987,1.3379730660975204,1.3074076019250667,1.0321080071556943,1.496541282113212,1.1916711727403457,0.8970209173394301,1.1022828135985214,2.0640676370303686,1.722298491778097,1.0351140847204687,0.8878134058972087,0.8821913812071926,0.963061348011126,0.9523546420900907,0.9442207528771525,0.8308139520017359,0.8074628779052975,1.0103777584270102,1.2204183570042404,0.9149032344728638,0.8522881760068866,0.8690810626861105,0.9510219397915882,1.150088073896061,1.5553517199350124,1.0249920393642749,1.240004139024763,0.8341899722454361,1.0036517518760706,1.3625011944133179,0.8662508350816507,1.1885644561989661,1.1384047967545354,0.9589038558138171,1.6428727787291861,0.9419397117158421,1.3852379014496818,1.233668389661768,1.1724708815905576,1.2577732358412936,0.7778975284004449,1.070500750942199,0.8484539446762154,1.0674689893523883,1.1032738305700276,1.1743556956868297,0.8864337067250517,1.0380974129721865,1.4600947002286955,0.9874041757835094,0.8565727313578622,0.9816380785827113,0.8681692007298414,1.2101785701937975,1.0268907658307178,1.2881544311137203,1.384217569290836,2.1814970331228922,1.2207433656225173,0.9131886944271775,0.8137496635416239,0.9280566416495606,1.164548582962327,1.242293283088498,0.937101696321563,0.8267393343705756,1.0580559813131245,0.9341531752829031,1.080071237552418,0.9039846936633988,1.0070064510463774,0.7130008565945318,1.0138780235028737,1.2194616396403157,1.2257972086067914,0.9800082652296671,1.1156020213936446,1.0882416520790268,1.0312582208091174,1.0176569169645826,1.0887724432648342,0.9253960102620515,0.8708041886292074,0.8984750476729914,1.1205463443029875,1.1717579595292344,0.9531155210197133,1.2604969732195985,1.1810635929330051,1.1209658354274747,0.9181899616793812,0.796840201529353,1.2915125088988275,1.143810163026655,1.0158466712477185,1.053010887102479,1.0368637773506462,0.7340401459091841,1.1416360350502535,1.1735668455810082,1.032997772814276,0.9645041880562313,0.8498638949390078,1.0397196569500282,1.0422771673953584,1.034341797991659,0.8565816052722444,1.092342670403752,0.9788404406967198,1.0845098510589064,1.1423821794425417,1.0165594917109955,0.9664682202891476,1.0867669210757365,1.1106807161665977,1.4005001760500455,1.0361688988021263,2.7429786082098606,0.6806725831927795,0.9137582942603836,2.151750963967507,1.1820065583595847,2.1080385974614826,1.1136479231883754,0.9896020651062397,1.2667806140864881,0.9125537396743683,1.1289692095244686,1.382796218874066,1.7191170876845705,1.1963570989978733,1.2846461243143483,1.1454409140227293,1.5085611540066444,0.99818594159733,0.8444967289191312,1.184991136706925,0.6919233160296632,1.1486351173193936,0.858310421378466,0.9267598441621292,1.65134570111057,1.0771796756445424,2.435080158112334,0.9152687525922192,1.3319362713561074,0.828889447996653,0.946172603987132,0.8987460555505048,1.1699165709019892,1.4102632431531452,0.9839509939485337,1.0122270725387938,1.0189256042995918,0.9155199742256721,1.1347562780178055,2.426904665518677,1.4550458995299502,1.8045303964248003,1.8650657081573698,0.6848557717131717,1.693576722168249,1.4644754062561112,1.3050443296201393,1.1217699909653842,1.3196328977412173,1.3190352028424408,1.3417555081947858,1.178632283500451,1.903594673310642,1.1822452958844092,1.6228621763112119,1.28926779703706,1.348431307500047,1.7232416001961983,2.4912210600767826,1.2296794090377325,1.3659312285304674,2.2056327485097618,1.5777167625777024,1.0492949683467716,1.0803479800228692
1.0,1.0,1.0,1.0,1.0,1.0,1.0,1.0,1.0,1.0,1.0,1.0,1.0,1.0,1.0,1.0,1.0,1.0,1.0,1.0,1.0,1.0,1.0,1.0,1.0,1.0,1.0,1.0,1.0,1.0,1.0,1.0,1.0,1.0,1.0,1.0,1.0,1.0,1.0,1.0,1.0,1.0,1.0,1.0,1.0,1.0,1.0,1.0,1.0,1.0,1.0,1.0,1.0,1.0,1.0,1.0,1.0,1.0,1.0,1.0,1.0,1.0,1.0,1.0,1.0,1.0,1.0,1.0,1.0,1.0,1.0,1.0,1.0,1.0,1.0,1.0,1.0,1.0,1.0,1.0,1.0,1.0,1.0,1.0,1.0,1.0,1.0,1.0,1.0,1.0,1.0,1.0,1.0,1.0,1.0,1.0,1.0,1.0,1.0,1.0,1.0,1.0,1.0,1.0,1.0,1.0,1.0,1.0,1.0,1.0,1.0,1.0,1.0,1.0,1.0,1.0,1.0,1.0,1.0,1.0,1.0,1.0,1.0,1.0,1.0,1.0,1.0,1.0,1.0,1.0,1.0,1.0,1.0,1.0,1.0,1.0,1.0,1.0,1.0,1.0,1.0,1.0,1.0,1.0,1.0,1.0,1.0,1.0,1.0,1.0,1.0,1.0,1.0,1.0,1.0,1.0,1.0,1.0,1.0,1.0,1.0,1.0,1.0,1.0,1.0,1.0,1.0,1.0,1.0,1.0,1.0,1.0,1.0,1.0,1.0,1.0,1.0,1.0,1.0,1.0,1.0,1.0,1.0,1.0,1.0,1.0,1.0,1.0,1.0,1.0,1.0,1.0,1.0,1.0,1.0,1.0,1.0,1.0,1.0,1.0,1.0,1.0,1.0,1.0,1.0,1.0,1.0,1.0,1.0,1.0,1.0,1.0,1.0,1.0,1.0,1.0,1.0,1.0,1.0,1.0,1.0,1.0,1.0,1.0,1.0,1.0,1.0,1.0,1.0,1.0,1.0,1.0,1.0,1.0,1.0,1.0,1.0,1.0,1.0,1.0,1.0,1.0,1.0,1.0,1.0,1.0,1.0,1.0,1.0,1.0,1.0,1.0,1.0,1.0,1.0,1.0,1.0,1.0,1.0,1.0,1.35733275578855,0.9668104208071621,0.8134962756535682,0.6398042557542769,1.0117190560471816,0.8207373665714153,0.7303258771901784,0.7451875787625539,0.9030724012639565,0.7974967449228585,1.0341103301274772,1.0086635113748055,0.7997520856737852,1.1573377961976468,0.9151851352534911,0.6930596814482866,0.8508038360858645,1.5874519260379332,1.3313448359054716,0.8007112859431207,0.6862698521910553,0.6799239757760049,0.7441189171363307,0.7322627795119809,0.7285565423115741,0.6400336381485567,0.6232836374978425,0.7821164318509037,0.9422001553957071,0.7072047787301642,0.6565655588385381,0.6698402453581871,0.734168052374308,0.8902477863256617,1.2056116720644425,0.7927260935302882,0.958075132237369,0.6444308476030257,0.7759463544652003,1.0431742775209212,0.6664390581797128,0.9182842445137447,0.8806736693676178,0.7385920110694268,1.2769502079977373,0.727685270133843,1.0735092159513155,0.9536539079892139,0.9059998415248428,0.9681922126579987,0.5993399001916204,0.8270211431822301,0.6548550741274958,0.8202195119210554,0.8519878409070476,0.9064833499808986,0.6841922094705226,0.8046228254644521,1.1286794343823758,0.7622463239561704,0.657668822889936,0.7520574367824431,0.670415581169741,0.9352153916597299,0.793252824870992,0.9944891285396098,1.0705614193726252,1.6812190742192477,0.93953204714148,0.704384771716474,0.6258109803256537,0.7159646538459148,0.9022633188493007,0.9602779526830605,0.7230594347408162,0.6372434513218431,0.819285398309018,0.7182592393103683,0.8339686898957044,0.6991148849930902,0.7752707835823004,0.5495978208189274,0.7897870430182359,0.9387530971670506,0.9489649071938597,0.7548653604391848,0.8611085787766171,0.8394984462218175,0.7952542635220876,0.7865365403226174,0.8417583364040949,0.7147551260875702,0.6725683629748946,0.6964474168482158,0.8700907158308228,0.8971670189322922,0.7348399786188724,0.9735643356880228,0.9174507379910211,0.8658967671588096,0.7059407852614699,0.6134917821682137,0.9970303761423919,0.8779347355547076,0.7829570738228568,0.8082830089490824,0.7976032219873816,0.5657376848776658,0.8816004644740639,0.892948954331318,0.7931429089964623,0.7402540470393846,0.6537787047511366,0.8007162014867102,0.801557439140055,0.7978755211308726,0.6615736521385402,0.8405737586342927,0.750833466898983,0.832474960319737,0.8733498788774277,0.778141216211024,0.7390160755149815,0.836304570449013,0.8538256703614058,1.0841881890059126,0.796921191843875,2.1293074406980472,0.5242665929643852,0.7013289944941499,1.6592228078887548,0.9151583655265547,1.6350369668499356,0.8590490226324543,0.7605491445021529,0.9767323191097651,0.7044613190807992,0.8704297807043418,1.0626449272974183,1.3107242947827042,0.9214800143638551,0.9920176928613199,0.8812699434614926,1.1503635240799526,0.7705557449428315,0.6502546563493671,0.9108404869547542,0.5304049044725538,0.878102483661784,0.6569216067279762,0.7123913508070461,1.2670191193716818,0.8286532076736239,1.8687643130724756,0.7073942968780692,1.0280453247919823,0.6397383431031766,0.7274654871680202,0.6942484247233345,0.9036006350916568,1.0885460750901204,0.7589264370313679,0.7815822122979426,0.7865586910347835,0.7018416784782747,0.8775489221321952,1.8692647475646713,1.1233471628651608,1.4069405537991073,1.4442422930819538,0.5265364546073779,1.2993150697803415,1.1304124330757124,1.0075002134483488,0.8695857288194075,1.019644340779564,1.0192519360237047,1.0364956603135607,0.9130655150746365,1.4640009084777637,0.9068280837195577,1.2530028058791745,0.9987721802681419,1.0406705051290368,1.3278213838664428,1.8865423871951843,0.9407884702944878,1.054515263348343,1.7052605384231003,1.2189687586863835,0.8059729189947152,0.8330763164046342
1.0,1.0,1.0,1.0,1.0,1.0,1.0,1.0,1.0,1.0,1.0,1.0,1.0,1.0,1.0,1.0,1.0,1.0,1.0,1.0,1.0,1.0,1.0,1.0,1.0,1.0,1.0,1.0,1.0,1.0,1.0,1.0,1.0,1.0,1.0,1.0,1.0,1.0,1.0,1.0,1.0,1.0,1.0,1.0,1.0,1.0,1.0,1.0,1.0,1.0,1.0,1.0,1.0,1.0,1.0,1.0,1.0,1.0,1.0,1.0,1.0,1.0,1.0,1.0,1.0,1.0,1.0,1.0,1.0,1.0,1.0,1.0,1.0,1.0,1.0,1.0,1.0,1.0,1.0,1.0,1.0,1.0,1.0,1.0,1.0,1.0,1.0,1.0,1.0,1.0,1.0,1.0,1.0,1.0,1.0,1.0,1.0,1.0,1.0,1.0,1.0,1.0,1.0,1.0,1.0,1.0,1.0,1.0,1.0,1.0,1.0,1.0,1.0,1.0,1.0,1.0,1.0,1.0,1.0,1.0,1.0,1.0,1.0,1.0,1.0,1.0,1.0,1.0,1.0,1.0,1.0,1.0,1.0,1.0,1.0,1.0,1.0,1.0,1.0,1.0,1.0,1.0,1.0,1.0,1.0,1.0,1.0,1.0,1.0,1.0,1.0,1.0,1.0,1.0,1.0,1.0,1.0,1.0,1.0,1.0,1.0,1.0,1.0,1.0,1.0,1.0,1.0,1.0,1.0,1.0,1.0,1.0,1.0,1.0,1.0,1.0,1.0,1.0,1.0,1.0,1.0,1.0,1.0,1.0,1.0,1.0,1.0,1.0,1.0,1.0,1.0,1.0,1.0,1.0,1.0,1.0,1.0,1.0,1.0,1.0,1.0,1.0,1.0,1.0,1.0,1.0,1.0,1.0,1.0,1.0,1.0,1.0,1.0,1.0,1.0,1.0,1.0,1.0,1.0,1.0,1.0,1.0,1.0,1.0,1.0,1.0,1.0,1.0,1.0,1.0,1.0,1.0,1.0,1.0,1.0,1.0,1.0,1.0,1.0,1.0,1.0,1.0,1.0,1.0,1.0,1.0,1.0,1.0,1.0,1.0,1.0,1.0,1.0,1.0,1.0,1.0,1.0,1.0,1.0,1.0,1.0,0.7100766302876782,0.5956812295871204,0.4698129066507057,0.7435792970474042,0.6020370534889746,0.5363278268877428,0.5467551120077104,0.6627265682712435,0.585175433047274,0.7578840554768345,0.7414929264581409,0.5857742297729764,0.848114871349877,0.6731573119900115,0.507741096791769,0.6250714360977516,1.1729346400451268,0.9774812959621813,0.5869797226177124,0.5032595293230773,0.5000012982159863,0.5456252537454682,0.5380017434691355,0.5343097135883349,0.47024309346122484,0.4570966909889859,0.5732570390704704,0.6927656400177673,0.5182999187275291,0.4824583559189598,0.49138895643027547,0.5376097884849995,0.6519415647963234,0.8818453278510128,0.5816779837223183,0.7035173311437456,0.47213208249839245,0.5682825143178213,0.7714687260958257,0.48905523539303597,0.6742703820365664,0.644710928147622,0.5423554142719602,0.9336593664776429,0.5332347134500546,0.78439364067651,0.6992090973029671,0.6646958061451029,0.7147418808622867,0.44007496880721525,0.6060935097900338,0.4797857941930585,0.6030683214224657,0.6253796570227339,0.6652258705137979,0.5017951689309519,0.5889437381112184,0.8290538172506625,0.5585292956354861,0.4835182260395977,0.5545498487755889,0.49165956556623697,0.6857694421424763,0.5823675146499983,0.7297411377657126,0.784383795031633,1.2349184680038614,0.6896669292800526,0.5166986948546705,0.4603276254250124,0.5251880699684712,0.6605369939348901,0.7047082497386381,0.5306489371208574,0.46811394666341105,0.5995978991812358,0.5287680643156071,0.6123179794962017,0.5121981703709125,0.5707309693581754,0.40325832877485124,0.5758239244486527,0.6885406428490254,0.6944128839791652,0.5542964644015123,0.6314626338829477,0.6172537178378561,0.5829905485920702,0.5765581129061805,0.615669562473156,0.5241587266318704,0.4924315130903686,0.5076949960100412,0.6353884199183529,0.6603054687739136,0.5394628788364912,0.7150654881568728,0.6711889700488782,0.6351577541678641,0.5192740182548864,0.4510573136494766,0.7313324125058891,0.6474028209235616,0.5753453987047266,0.5954739621734408,0.5861406248138198,0.4151881110415027,0.6463549793574311,0.6654013447990199,0.5845474081207166,0.5450518949069391,0.4795473145002005,0.5887208225769986,0.5896907978145687,0.5853415931229176,0.4858366058598889,0.6173876798299041,0.5535316876266241,0.6135452787969047,0.6444679827516051,0.5736907158911753,0.5449058630252874,0.6146813937499078,0.6286008524480912,0.7943319000137676,0.5850123680082951,1.5576743879975914,0.38512599165989764,0.5173060958933846,1.22251447787305,0.6704173865730472,1.1967423018855277,0.6304917420964077,0.5591902107099695,0.7178865346041186,0.5167253134472436,0.6384682730386866,0.7852368809169733,0.9762597117350786,0.6784715727630761,0.7256479477219209,0.6473254657885983,0.8543073587345222,0.5656143453054625,0.47891801097862696,0.668842144040243,0.3911173276515551,0.6504823758612128,0.48513485943993656,0.5246121435638874,0.935944058443841,0.609285420050695,1.380778917711151,0.5180269425117655,0.7540033209687833,0.4688734300344881,0.5340329890509192,0.5087138764928262,0.662743066256786,0.7991837860312381,0.5575672412287825,0.5735791023402108,0.577478078619779,0.518366936775193,0.6434023551729313,1.370829774371915,0.8237657862548885,1.0251124523993926,1.0533802447935001,0.3875622582403644,0.9622071820841172,0.8312292676203796,0.7395738586111726,0.6362518954960439,0.7479356180002575,0.7466576572958256,0.7594062731644327,0.6678428114381618,1.07874533689139,0.6680599787377377,0.9207834860993735,0.7323089157756324,0.7642011361532421,0.9749802177022264,1.4035239880464387,0.6960365300538256,0.7733868952979489,1.2485905538225337,0.8944609271346132,0.5949612820981047,0.6109542590937965
1.0,1.0,1.0,1.0,1.0,1.0,1.0,1.0,1.0,1.0,1.0,1.0,1.0,1.0,1.0,1.0,1.0,1.0,1.0,1.0,1.0,1.0,1.0,1.0,1.0,1.0,1.0,1.0,1.0,1.0,1.0,1.0,1.0,1.0,1.0,1.0,1.0,1.0,1.0,1.0,1.0,1.0,1.0,1.0,1.0,1.0,1.0,1.0,1.0,1.0,1.0,1.0,1.0,1.0,1.0,1.0,1.0,1.0,1.0,1.0,1.0,1.0,1.0,1.0,1.0,1.0,1.0,1.0,1.0,1.0,1.0,1.0,1.0,1.0,1.0,1.0,1.0,1.0,1.0,1.0,1.0,1.0,1.0,1.0,1.0,1.0,1.0,1.0,1.0,1.0,1.0,1.0,1.0,1.0,1.0,1.0,1.0,1.0,1.0,1.0,1.0,1.0,1.0,1.0,1.0,1.0,1.0,1.0,1.0,1.0,1.0,1.0,1.0,1.0,1.0,1.0,1.0,1.0,1.0,1.0,1.0,1.0,1.0,1.0,1.0,1.0,1.0,1.0,1.0,1.0,1.0,1.0,1.0,1.0,1.0,1.0,1.0,1.0,1.0,1.0,1.0,1.0,1.0,1.0,1.0,1.0,1.0,1.0,1.0,1.0,1.0,1.0,1.0,1.0,1.0,1.0,1.0,1.0,1.0,1.0,1.0,1.0,1.0,1.0,1.0,1.0,1.0,1.0,1.0,1.0,1.0,1.0,1.0,1.0,1.0,1.0,1.0,1.0,1.0,1.0,1.0,1.0,1.0,1.0,1.0,1.0,1.0,1.0,1.0,1.0,1.0,1.0,1.0,1.0,1.0,1.0,1.0,1.0,1.0,1.0,1.0,1.0,1.0,1.0,1.0,1.0,1.0,1.0,1.0,1.0,1.0,1.0,1.0,1.0,1.0,1.0,1.0,1.0,1.0,1.0,1.0,1.0,1.0,1.0,1.0,1.0,1.0,1.0,1.0,1.0,1.0,1.0,1.0,1.0,1.0,1.0,1.0,1.0,1.0,1.0,1.0,1.0,1.0,1.0,1.0,1.0,1.0,1.0,1.0,1.0,1.0,1.0,1.0,1.0,1.0,1.0,1.0,1.0,1.0,1.0,1.0,1.0,0.8395123641844997,0.6619013785705579,1.0465726497997463,0.8480894374707268,0.7567713080326177,0.7703630002089645,0.9313667236563754,0.8246308710551027,1.0681583601256364,1.0435861087133647,0.8251480972044749,1.194391160324021,0.9483838518832782,0.7155646142744114,0.8799302911126062,1.6488041577775023,1.3759937725935805,0.8264067145734876,0.708520138005658,0.7037036992896069,0.7681872003124937,0.7582543534379333,0.7529010708628201,0.6623654006349957,0.6440507750740849,0.8073095160991838,0.974615823525295,0.7301331262577726,0.6795922736288534,0.6927589040764517,0.757987724741513,0.9183650760194884,1.24276230445659,0.8182054141122964,0.9902406378646745,0.6652863224497281,0.8009874903317655,1.085310490716395,0.6893917749876175,0.948886705056593,0.908472907325155,0.7640312070111843,1.3144653193754032,0.7512350401347678,1.1052733098666703,0.984909590725747,0.9359026469431371,1.004672318284173,0.6200510815168103,0.8540784177163535,0.6764413667061833,0.8498800497836076,0.8806186286589021,0.9371546765297829,0.7069027607705292,0.8290319308534075,1.166356516854592,0.7873101355400023,0.6815301956569646,0.7811769649470146,0.6924783976185641,0.9657284078601314,0.8199433715452488,1.0282433714704822,1.104638205404576,1.739483349536117,0.9719136076028685,0.7280370031822487,0.6484865780836079,0.7400467754544051,0.9303279445543138,0.9921533517201189,0.7474602217016083,0.6592392064567415,0.8448966929958126,0.7445147367686813,0.862052921971725,0.7216412168108581,0.8033228092325067,0.5681208600481253,0.8109721910805686,0.9711404507752369,0.9784029426763191,0.7811643947604873,0.8895697891743178,0.8687664901747432,0.8219248216929063,0.8122217850710298,0.8682822037280792,0.7382970542631683,0.6943313500081699,0.7169120759281519,0.8951343651438267,0.931144941502788,0.7600519985589669,1.0063044833902048,0.9453202126190218,0.894795248186284,0.7313811945980333,0.635382210369589,1.0299939566625094,0.9113622320998949,0.8105645831852022,0.8384821937932139,0.826042385129116,0.5849556306445285,0.9107678509322943,0.9334034410635739,0.8229688832256055,0.7677402212810979,0.6763464380999016,0.8289560887534089,0.8305600529818562,0.8246193858372959,0.6839198101727479,0.8703469134271884,0.7794572141406586,0.8637929680743066,0.9073865407822885,0.8082814263933689,0.7678424939901851,0.8660408277021275,0.8851569358980791,1.1184821080478153,0.8248976630248983,2.189764708874752,0.5425682773976959,0.7278658639138486,1.7196366576960314,0.9436444997794714,1.6854731348693743,0.888497001973653,0.7882430766980599,1.0105400558936428,0.7278913475098517,0.9001684007641322,1.1035685295939004,1.3714058390035782,0.9550877647469695,1.0237595606829046,0.9122041097999465,1.2003566818743638,0.7966967474706899,0.6738167284780537,0.9426100965970996,0.5505946658060421,0.9146529967096652,0.6830203772547792,0.7386311089197374,1.3162778955122958,0.8580621771851009,1.9418074741160583,0.7302294387150592,1.0619129196526085,0.660827435107284,0.7525536153903376,0.716906092767895,0.93353995689167,1.1254013446609588,0.7852688117419402,0.8078135257990712,0.8133357227827563,0.7293604536377127,0.9062654893236585,1.9351478231644554,1.1610403655577828,1.4453759518174003,1.4857982769055225,0.5455091024816847,1.3512350097813244,1.1693112196235877,1.0416417297296698,0.8959867724316194,1.0533437163433144,1.0519277296513598,1.0702598078054737,0.9406814994941379,1.5169914229570276,0.9411867301934542,1.294065788914684,1.0308956128980828,1.0760116030460647,1.3735367648100132,1.9761368793939678,0.979252741609095,1.0897013380016354,1.7618100375943209,1.2599643130474116,0.8364774439610414,0.8610528760878207
1.0,1.0,1.0,1.0,1.0,1.0,1.0,1.0,1.0,1.0,1.0,1.0,1.0,1.0,1.0,1.0,1.0,1.0,1.0,1.0,1.0,1.0,1.0,1.0,1.0,1.0,1.0,1.0,1.0,1.0,1.0,1.0,1.0,1.0,1.0,1.0,1.0,1.0,1.0,1.0,1.0,1.0,1.0,1.0,1.0,1.0,1.0,1.0,1.0,1.0,1.0,1.0,1.0,1.0,1.0,1.0,1.0,1.0,1.0,1.0,1.0,1.0,1.0,1.0,1.0,1.0,1.0,1.0,1.0,1.0,1.0,1.0,1.0,1.0,1.0,1.0,1.0,1.0,1.0,1.0,1.0,1.0,1.0,1.0,1.0,1.0,1.0,1.0,1.0,1.0,1.0,1.0,1.0,1.0,1.0,1.0,1.0,1.0,1.0,1.0,1.0,1.0,1.0,1.0,1.0,1.0,1.0,1.0,1.0,1.0,1.0,1.0,1.0,1.0,1.0,1.0,1.0,1.0,1.0,1.0,1.0,1.0,1.0,1.0,1.0,1.0,1.0,1.0,1.0,1.0,1.0,1.0,1.0,1.0,1.0,1.0,1.0,1.0,1.0,1.0,1.0,1.0,1.0,1.0,1.0,1.0,1.0,1.0,1.0,1.0,1.0,1.0,1.0,1.0,1.0,1.0,1.0,1.0,1.0,1.0,1.0,1.0,1.0,1.0,1.0,1.0,1.0,1.0,1.0,1.0,1.0,1.0,1.0,1.0,1.0,1.0,1.0,1.0,1.0,1.0,1.0,1.0,1.0,1.0,1.0,1.0,1.0,1.0,1.0,1.0,1.0,1.0,1.0,1.0,1.0,1.0,1.0,1.0,1.0,1.0,1.0,1.0,1.0,1.0,1.0,1.0,1.0,1.0,1.0,1.0,1.0,1.0,1.0,1.0,1.0,1.0,1.0,1.0,1.0,1.0,1.0,1.0,1.0,1.0,1.0,1.0,1.0,1.0,1.0,1.0,1.0,1.0,1.0,1.0,1.0,1.0,1.0,1.0,1.0,1.0,1.0,1.0,1.0,1.0,1.0,1.0,1.0,1.0,1.0,1.0,1.0,1.0,1.0,1.0,1.0,1.0,1.0,1.0,1.0,1.0,1.0,1.0,1.0,0.7861145802412597,1.2422495673000387,1.008814276286,0.8988397512914617,0.9157567711677721,1.1078782818906285,0.9799900223269475,1.2716803859087729,1.238912919569239,0.9828274918413407,1.421446162910036,1.124257838786075,0.8518567794879852,1.0450733221115973,1.9480129449778891,1.6358700982349788,0.9840361568521627,0.8430601028294336,0.8348355047704175,0.9139129119682521,0.899572475706762,0.8953713892310968,0.7863508488553478,0.7660348538058739,0.9611880747714877,1.1569771511090956,0.8690483450710033,0.8065822558664055,0.8233865572150263,0.9024627989200903,1.0941204358618304,1.4820075605466267,0.972726857563906,1.1770469974420106,0.7916384044278251,0.9538641439616673,1.2808132313959657,0.8188794001718007,1.1276599349007972,1.0825602960903842,0.9071703412154293,1.5691771849862275,0.8938631321721899,1.3182359358916635,1.172108200497151,1.1131597134167797,1.188761365329082,0.7364320958816595,1.0165562497271559,0.8050847082038374,1.00794394192509,1.046916118136047,1.1142320974764293,0.8406040664372736,0.9879052624244995,1.3863975244986344,0.9372342944818581,0.808381491436754,0.9237165950492373,0.8233968654019722,1.1488343819458329,0.9746002350787872,1.2227372294255436,1.3147681629651657,2.0664310815675115,1.1540502816747176,0.8654485645248018,0.7691550191293577,0.8798392303100221,1.1090113912471211,1.1795773404136942,0.8883453127485602,0.7829483406680782,1.0071628119912912,0.8822207361435572,1.0240051999006932,0.8594424669878589,0.9523132627142636,0.6747485653662733,0.9702222549612912,1.1538053469286276,1.1656509645663327,0.9280983325972761,1.057973237165203,1.0307197166125197,0.9774147306879639,0.9667921212368727,1.0348630036059638,0.8782942335734845,0.8270908663650175,0.857044765113927,1.069199380415677,1.102028522494423,0.9030594559910206,1.1958563251847616,1.1280660510298328,1.064310382442208,0.867316082206706,0.7538456100646194,1.2248686915355225,1.078104791183049,0.9624081606608097,0.9927290416019982,0.9801767875746369,0.6949242903528521,1.0830498098953365,1.0930881608054785,0.9741846162924572,0.9094809647442887,0.8031327123947279,0.983526506417641,0.9846118173611247,0.9801193327655131,0.8123873501368492,1.0338749707657018,0.9223036815743142,1.021966422711329,1.0723770133906374,0.9562383586164708,0.9077210403396597,1.0275901207744336,1.0490539444972184,1.3319749702399868,0.9795707083314671,2.6112352167425605,0.6442004385992564,0.8610008920254585,2.039138182491609,1.123779503268871,2.0098489258434316,1.0562387564244793,0.9351243529878466,1.1997286216480414,0.8657727701887964,1.0703872533653107,1.3043295011721372,1.6084043297385975,1.1323811723770771,1.2206068880119239,1.0833549001092715,1.4118370534569664,0.9470586800646568,0.7984948518994145,1.118664958014938,0.6511668416793197,1.0783376745659732,0.8067582383698781,0.8748425367974494,1.555390065373696,1.0175592510014309,2.2930869616940632,0.8695871407939757,1.262883164930902,0.7860490702896639,0.8930826643753691,0.8533900689515079,1.1102582812129733,1.3373471461545408,0.9324160071324137,0.9600878975301705,0.9668841277467652,0.8619570509804324,1.078051068982477,2.3004844618774065,1.3813950974041083,1.7310453418976341,1.7750439408368242,0.6466434603946154,1.5938429860714716,1.3876740160693986,1.2377749621692429,1.0685947141954877,1.2529048898734314,1.2529111192423557,1.2740191845601112,1.1221598303977378,1.7972723915838014,1.1143235951469177,1.5352695615405407,1.2274403929850741,1.2786041500877698,1.6323818399026275,2.3184457153379068,1.1554836839652904,1.2960657117328345,2.0963192536914175,1.4978127834102037,0.9891375642215784,1.023772724163376
1.0,1.0,1.0,1.0,1.0,1.0,1.0,1.0,1.0,1.0,1.0,1.0,1.0,1.0,1.0,1.0,1.0,1.0,1.0,1.0,1.0,1.0,1.0,1.0,1.0,1.0,1.0,1.0,1.0,1.0,1.0,1.0,1.0,1.0,1.0,1.0,1.0,1.0,1.0,1.0,1.0,1.0,1.0,1.0,1.0,1.0,1.0,1.0,1.0,1.0,1.0,1.0,1.0,1.0,1.0,1.0,1.0,1.0,1.0,1.0,1.0,1.0,1.0,1.0,1.0,1.0,1.0,1.0,1.0,1.0,1.0,1.0,1.0,1.0,1.0,1.0,1.0,1.0,1.0,1.0,1.0,1.0,1.0,1.0,1.0,1.0,1.0,1.0,1.0,1.0,1.0,1.0,1.0,1.0,1.0,1.0,1.0,1.0,1.0,1.0,1.0,1.0,1.0,1.0,1.0,1.0,1.0,1.0,1.0,1.0,1.0,1.0,1.0,1.0,1.0,1.0,1.0,1.0,1.0,1.0,1.0,1.0,1.0,1.0,1.0,1.0,1.0,1.0,1.0,1.0,1.0,1.0,1.0,1.0,1.0,1.0,1.0,1.0,1.0,1.0,1.0,1.0,1.0,1.0,1.0,1.0,1.0,1.0,1.0,1.0,1.0,1.0,1.0,1.0,1.0,1.0,1.0,1.0,1.0,1.0,1.0,1.0,1.0,1.0,1.0,1.0,1.0,1.0,1.0,1.0,1.0,1.0,1.0,1.0,1.0,1.0,1.0,1.0,1.0,1.0,1.0,1.0,1.0,1.0,1.0,1.0,1.0,1.0,1.0,1.0,1.0,1.0,1.0,1.0,1.0,1.0,1.0,1.0,1.0,1.0,1.0,1.0,1.0,1.0,1.0,1.0,1.0,1.0,1.0,1.0,1.0,1.0,1.0,1.0,1.0,1.0,1.0,1.0,1.0,1.0,1.0,1.0,1.0,1.0,1.0,1.0,1.0,1.0,1.0,1.0,1.0,1.0,1.0,1.0,1.0,1.0,1.0,1.0,1.0,1.0,1.0,1.0,1.0,1.0,1.0,1.0,1.0,1.0,1.0,1.0,1.0,1.0,1.0,1.0,1.0,1.0,1.0,1.0,1.0,1.0,1.0,1.0,1.0,1.0,1.5799125872884912,1.2796737417276725,1.1438871388957206,1.1634609659725497,1.4020745260035217,1.2445593156471662,1.6111579417587216,1.5750216770104042,1.242584987839778,1.8020605433998949,1.4347631995280716,1.0800189530391402,1.327837832999162,2.4902803278313668,2.07506547170229,1.2461856563738487,1.069046917599811,1.0628056269961572,1.1594113461457787,1.146503842857667,1.1368664712610768,1.000510894655042,0.9720213935770128,1.2167937466851622,1.4703540915683553,1.1016663095668893,1.0267494706884066,1.0460661436937977,1.1446111135630967,1.3846758686378484,1.8729143244725008,1.2343185440091355,1.4937707890901488,1.0041619871331173,1.2079311410822715,1.643195099401304,1.0426050164114025,1.4314854228601694,1.3705134125156002,1.1545291813625866,1.9783918567812873,1.1340723662972994,1.6667319666293778,1.4856488267178238,1.4121792761897143,1.516628065257566,0.9367058521474578,1.2889887110730394,1.0213980770208644,1.2852298524819354,1.328698012513239,1.414350220198871,1.06715543861899,1.25029270925525,1.7591747211631874,1.1884933192429084,1.031323660111262,1.1826773380422093,1.0455225958152945,1.4572123008465647,1.2370161276294478,1.5514628615170722,1.6663966162973276,2.6274258199760876,1.4696223123088614,1.0995376908457655,0.980067497231669,1.1173763598506583,1.402223394282942,1.4963490536812891,1.1283196414706336,0.995656278067234,1.2740742459750494,1.1252946201072085,1.300909964693518,1.0881372551576196,1.2131783612950588,0.8585452979462116,1.2203851480057617,1.4682462924212998,1.4755191294521774,1.1800119880290625,1.3432366326105374,1.310923124126643,1.2413936268298338,1.2254359623161681,1.3104570948348222,1.1142400353809845,1.0481258016385064,1.080458833012139,1.3486377806449874,1.4105391390049575,1.1478179849249772,1.5184542432434287,1.422567117569352,1.3501139687983155,1.1055909502616332,0.9599112639375049,1.5552191897507013,1.3782013650460025,1.223412058844663,1.2687114208216341,1.248588537059491,0.8838100853761091,1.3749040909645436,1.4162832086344908,1.2445691420706582,1.1615761924710286,1.0227107404131932,1.2523172942561027,1.2554466541875082,1.2453486143033772,1.0319207664063064,1.315454850244024,1.1789714408814116,1.3064818301868621,1.3758049667576615,1.2243352628295994,1.163908268060047,1.3086740899611844,1.33805997432063,1.6857439024980474,1.2473615300236858,3.3043767392594097,0.8198026610113875,1.101016481659927,2.593767727765672,1.4229833132542058,2.538408749458304,1.341215638550614,1.1913423586290033,1.525982535797806,1.098833983713409,1.3593163927010297,1.667163717183886,2.0747185322923203,1.442007173450059,1.5459322861538534,1.3789534213460921,1.8197129587712335,1.2022953329717287,1.0176525478084013,1.4256861974744075,0.8335462615088166,1.3851250805496411,1.0343325446280383,1.1165017585733925,1.9900636840794972,1.2974322358192747,2.935549894227917,1.1018262112994035,1.603483358905394,0.9978949992768124,1.1384466813649996,1.0820924744430298,1.4087221612471217,1.6986103324699884,1.1850129866386205,1.2192154164721296,1.2266010114487995,1.1031202641404665,1.3668638380906488,2.9231722027054268,1.7524971753533956,2.1699700135369473,2.243422213197229,0.8247004186670825,2.042707529995627,1.7644543612372408,1.5719084975358875,1.3504268566770041,1.5892687171740365,1.5880539305557673,1.6154551751953528,1.4183447379916148,2.293275551032182,1.4242499564765083,1.9546590408490734,1.5531038078433022,1.6241254713388877,2.0743818261828086,3.0057408120343947,1.481680893824375,1.6448645159875266,2.6545661537188217,1.9000626207798588,1.26444490575861,1.300671809906595
1.0,1.0,1.0,1.0,1.0,1.0,1.0,1.0,1.0,1.0,1.0,1.0,1.0,1.0,1.0,1.0,1.0,1.0,1.0,1.0,1.0,1.0,1.0,1.0,1.0,1.0,1.0,1.0,1.0,1.0,1.0,1.0,1.0,1.0,1.0,1.0,1.0,1.0,1.0,1.0,1.0,1.0,1.0,1.0,1.0,1.0,1.0,1.0,1.0,1.0,1.0,1.0,1.0,1.0,1.0,1.0,1.0,1.0,1.0,1.0,1.0,1.0,1.0,1.0,1.0,1.0,1.0,1.0,1.0,1.0,1.0,1.0,1.0,1.0,1.0,1.0,1.0,1.0,1.0,1.0,1.0,1.0,1.0,1.0,1.0,1.0,1.0,1.0,1.0,1.0,1.0,1.0,1.0,1.0,1.0,1.0,1.0,1.0,1.0,1.0,1.0,1.0,1.0,1.0,1.0,1.0,1.0,1.0,1.0,1.0,1.0,1.0,1.0,1.0,1.0,1.0,1.0,1.0,1.0,1.0,1.0,1.0,1.0,1.0,1.0,1.0,1.0,1.0,1.0,1.0,1.0,1.0,1.0,1.0,1.0,1.0,1.0,1.0,1.0,1.0,1.0,1.0,1.0,1.0,1.0,1.0,1.0,1.0,1.0,1.0,1.0,1.0,1.0,1.0,1.0,1.0,1.0,1.0,1.0,1.0,1.0,1.0,1.0,1.0,1.0,1.0,1.0,1.0,1.0,1.0,1.0,1.0,1.0,1.0,1.0,1.0,1.0,1.0,1.0,1.0,1.0,1.0,1.0,1.0,1.0,1.0,1.0,1.0,1.0,1.0,1.0,1.0,1.0,1.0,1.0,1.0,1.0,1.0,1.0,1.0,1.0,1.0,1.0,1.0,1.0,1.0,1.0,1.0,1.0,1.0,1.0,1.0,1.0,1.0,1.0,1.0,1.0,1.0,1.0,1.0,1.0,1.0,1.0,1.0,1.0,1.0,1.0,1.0,1.0,1.0,1.0,1.0,1.0,1.0,1.0,1.0,1.0,1.0,1.0,1.0,1.0,1.0,1.0,1.0,1.0,1.0,1.0,1.0,1.0,1.0,1.0,1.0,1.0,1.0,1.0,1.0,1.0,1.0,1.0,1.0,1.0,1.0,1.0,1.0,1.0,0.8092640468621777,0.7225925122973063,0.7355538570541187,0.8886750458577997,0.7871322141022584,1.0186622405280688,0.9965832173775141,0.7865396490588836,1.140229351420294,0.9068906419681526,0.6828304928655785,0.8401664861012954,1.5769960398824419,1.3132400713836887,0.7883150299537149,0.6762464267633915,0.6724368340315172,0.7333473531689028,0.7247277285202075,0.7187425812019734,0.6326476230177084,0.614726587575833,0.7699698813065144,0.9307092580745217,0.696674182140343,0.6492354318248956,0.6613607422536659,0.7233791227776024,0.8759354132565056,1.1845301019390033,0.7813797569183688,0.9449943046930125,0.6351526262898974,0.7639457231977105,1.0392264032169827,0.6586334930348727,0.9059172468987172,0.8666242950501466,0.7299957371747271,1.2521242127196763,0.7171569392210233,1.0543230224605042,0.9396306496342204,0.8933114077436519,0.9604175887058823,0.5922427563879283,0.814995561918846,0.6455313119665212,0.8123166467979333,0.8405518026510685,0.8944432216270055,0.6748835545361977,0.7909939724534483,1.1132225378987513,0.7512291499181465,0.6515526754610292,0.7475716006045688,0.6612202650189309,0.9218086827432446,0.7826864524411947,0.9811042278514379,1.054428791463669,1.6609412051445358,0.9288257057229085,0.6951935524014283,0.6195966841133325,0.7064968929200071,0.8870518688386435,0.946809881941312,0.7137049569054683,0.6295927570590865,0.8054139320437876,0.7116770822487039,0.8233669098481351,0.6882811066891533,0.7674880796186356,0.5428535035322853,0.7721978402278051,0.9275929409994718,0.9333574438629293,0.7456947557625702,0.8493672488815185,0.8299939698802996,0.7846331913764538,0.774887399839425,0.8283164312796374,0.704656456706459,0.6622171896702307,0.6826270750660548,0.8530313520764896,0.8907686334948888,0.725804218097728,0.9607389954846743,0.900337187367938,0.8538650455171806,0.6990343923065446,0.6070326432406052,0.9833504748085645,0.8716262824794754,0.7737875661947186,0.8019954250591861,0.7890739081654482,0.5587574561073505,0.8695045824057993,0.8969472755706023,0.7870326060789977,0.7340504043482785,0.6461992655686513,0.7920059315614032,0.7937948784730002,0.7875240310179409,0.6529914181254513,0.8309482864203634,0.74555496030834,0.8263346965815901,0.8691713182595016,0.7736181106746307,0.7351665452508025,0.8272345494646207,0.8459754890080822,1.0666695684940513,0.7881510410161918,2.090239432998147,0.5182484608374754,0.696255717679404,1.6421077357757397,0.9004781451741694,1.6063378169105582,0.8480094590325894,0.7529236358558775,0.9652615612570762,0.6947644395659562,0.8592086056423704,1.0554021503507667,1.314678296234128,0.9122917117352857,0.9761615374248136,0.8711870837974224,1.151258780039674,0.7604236285154576,0.6440299037769355,0.9007625200872724,0.5269824731016612,0.8759995722993028,0.65390122700963,0.706257449582644,1.2591831325122227,0.8201994832674611,1.8581323507227228,0.6966957889813834,1.0137409254669534,0.6308829830698751,0.7194584230974019,0.68404996388004,0.8910480915961428,1.074455509664611,0.7498721831238437,0.7713544636702094,0.7761258189861844,0.697852862279559,0.8648756717098988,1.8461496017509902,1.1077557483539797,1.3740792240983215,1.4157698792185764,0.5215607704750468,1.2936551226686959,1.1168025278024647,0.9944863257130167,0.854211797550946,1.005148602745542,1.0036287457702144,1.0213325747131234,0.8968893961696955,1.4507507525160088,0.8998223108449496,1.2374728021471482,0.9829475603018747,1.027342020367699,1.3114541884899453,1.8968301499358706,0.9374799999201524,1.040045142307556,1.6804858265423446,1.2025128269654197,0.8003691788729507,0.8221528369354785
1.0,1.0,1.0,1.0,1.0,1.0,1.0,1.0,1.0,1.0,1.0,1.0,1.0,1.0,1.0,1.0,1.0,1.0,1.0,1.0,1.0,1.0,1.0,1.0,1.0,1.0,1.0,1.0,1.0,1.0,1.0,1.0,1.0,1.0,1.0,1.0,1.0,1.0,1.0,1.0,1.0,1.0,1.0,1.0,1.0,1.0,1.0,1.0,1.0,1.0,1.0,1.0,1.0,1.0,1.0,1.0,1.0,1.0,1.0,1.0,1.0,1.0,1.0,1.0,1.0,1.0,1.0,1.0,1.0,1.0,1.0,1.0,1.0,1.0,1.0,1.0,1.0,1.0,1.0,1.0,1.0,1.0,1.0,1.0,1.0,1.0,1.0,1.0,1.0,1.0,1.0,1.0,1.0,1.0,1.0,1.0,1.0,1.0,1.0,1.0,1.0,1.0,1.0,1.0,1.0,1.0,1.0,1.0,1.0,1.0,1.0,1.0,1.0,1.0,1.0,1.0,1.0,1.0,1.0,1.0,1.0,1.0,1.0,1.0,1.0,1.0,1.0,1.0,1.0,1.0,1.0,1.0,1.0,1.0,1.0,1.0,1.0,1.0,1.0,1.0,1.0,1.0,1.0,1.0,1.0,1.0,1.0,1.0,1.0,1.0,1.0,1.0,1.0,1.0,1.0,1.0,1.0,1.0,1.0,1.0,1.0,1.0,1.0,1.0,1.0,1.0,1.0,1.0,1.0,1.0,1.0,1.0,1.0,1.0,1.0,1.0,1.0,1.0,1.0,1.0,1.0,1.0,1.0,1.0,1.0,1.0,1.0,1.0,1.0,1.0,1.0,1.0,1.0,1.0,1.0,1.0,1.0,1.0,1.0,1.0,1.0,1.0,1.0,1.0,1.0,1.0,1.0,1.0,1.0,1.0,1.0,1.0,1.0,1.0,1.0,1.0,1.0,1.0,1.0,1.0,1.0,1.0,1.0,1.0,1.0,1.0,1.0,1.0,1.0,1.0,1.0,1.0,1.0,1.0,1.0,1.0,1.0,1.0,1.0,1.0,1.0,1.0,1.0,1.0,1.0,1.0,1.0,1.0,1.0,1.0,1.0,1.0,1.0,1.0,1.0,1.0,1.0,1.0,1.0,1.0,1.0,1.0,1.0,1.0,1.0,1.0,0.8917070268233507,0.9077298557673894,1.0973734987890307,0.971704788980114,1.2600242649612152,1.2289462048904023,0.9732861259277754,1.4081115206585173,1.1160133564977188,0.8438143526104787,1.0365949592858392,1.9372897415273203,1.6219904013116437,0.97462255802172,0.8352601381441465,0.8283775628717771,0.9053948468333278,0.8925025469296716,0.887368871578484,0.7800289914601145,0.7590708367020199,0.9521059650062338,1.1478544934442043,0.8609923166628279,0.8002360711982561,0.8162918687746591,0.8939675291683304,1.0833832208611205,1.466820549272763,0.9637267843237344,1.167173661445331,0.784113569781221,0.9446831449073194,1.2746863012498475,0.8119191945972553,1.1177841166869964,1.0717902293433301,0.8996750383284189,1.5520619298680498,0.8854594916227944,1.3038984210537552,1.1614620874828736,1.103189233560121,1.1814355979019293,0.7303496000363711,1.0070271940434843,0.7976229743538484,1.000340012441062,1.037782277933995,1.1046429225204166,0.8330339107936243,0.977961739916892,1.3745778964632351,0.9284260696574034,0.8022572255439788,0.9181489403633983,0.8160011301300252,1.1382991302705607,0.9663223462700605,1.212285272122556,1.3022652008159816,2.04937096003492,1.1444296459330843,0.8578803652689203,0.7635423853131238,0.8720913178703308,1.097953504020072,1.169180655475333,0.8806702767746417,0.7765342172589198,0.9970637571465766,0.8760038251497777,1.0153725374122837,0.8511276409266249,0.9454441584730648,0.6689080076953668,0.958662889542113,1.143957513221632,1.1538725141331443,0.9206595304933725,1.0483483121942645,1.0226579212925402,0.9686331489644584,0.9578916149861738,1.024368922435928,0.8703366939157366,0.8191159983890237,0.8470900727116104,1.0571085383305059,1.0946213942223415,0.895533270857751,1.1858046541856906,1.1164719193036532,1.0549240081769453,0.8608626162289645,0.7481709958186222,1.213840204158774,1.0715327564230723,0.9545545801627918,0.9862080715103079,0.9725763426087259,0.6890244515080439,1.0733634810120187,1.0914142257269677,0.9677613063047196,0.9034117854572117,0.7963783083300147,0.9758528588462595,0.9773325699140922,0.9715013040151423,0.8056017701618812,1.025673605142739,0.9165566342377891,1.0154110951564856,1.0663724900071139,0.9504378815082295,0.9024366199999605,1.019677431879248,1.0415774327371723,1.3188522081684684,0.9716953844938946,2.583806351034842,0.6390441324577055,0.8557533033114371,2.0247155989992662,1.1126923036114895,1.9894196947435772,1.047303709913621,0.9280475470574314,1.1900746207758275,0.8580111784558219,1.0610578379576583,1.29671431261366,1.6071010348675545,1.124355038769624,1.208384837323171,1.074698703757349,1.40767281341566,0.9389713691136531,0.7928316329898973,1.1095446866834924,0.6471318502101366,1.0740873781472975,0.80247122519521,0.8688292886733635,1.546166791986339,1.0098779338504187,2.280594462606489,0.861297773876731,1.2514608510670013,0.7788430501597007,0.8856297229304517,0.84542852023711,1.1003682284568117,1.326070234259071,0.9248422338229627,0.9518483056602607,0.9585240614758503,0.8571206481729696,1.068259646471947,2.2817105660454793,1.3693314278614497,1.709625705292455,1.754644301038454,0.6419865782253305,1.5860722244078385,1.3767288951512535,1.2273135485666962,1.0574415790160887,1.2417020327741977,1.2409680224605415,1.262003981842918,1.110397825932331,1.7846575956001094,1.1069330176450196,1.522488983061733,1.2161296188380728,1.2679166121566823,1.6185255899400093,2.3164491510902048,1.149795961056859,1.284588001653821,2.077005430838656,1.4846336420864612,0.9830856286889588,1.0147463610475989
1.0,1.0,1.0,1.0,1.0,1.0,1.0,1.0,1.0,1.0,1.0,1.0,1.0,1.0,1.0,1.0,1.0,1.0,1.0,1.0,1.0,1.0,1.0,1.0,1.0,1.0,1.0,1.0,1.0,1.0,1.0,1.0,1.0,1.0,1.0,1.0,1.0,1.0,1.0,1.0,1.0,1.0,1.0,1.0,1.0,1.0,1.0,1.0,1.0,1.0,1.0,1.0,1.0,1.0,1.0,1.0,1.0,1.0,1.0,1.0,1.0,1.0,1.0,1.0,1.0,1.0,1.0,1.0,1.0,1.0,1.0,1.0,1.0,1.0,1.0,1.0,1.0,1.0,1.0,1.0,1.0,1.0,1.0,1.0,1.0,1.0,1.0,1.0,1.0,1.0,1.0,1.0,1.0,1.0,1.0,1.0,1.0,1.0,1.0,1.0,1.0,1.0,1.0,1.0,1.0,1.0,1.0,1.0,1.0,1.0,1.0,1.0,1.0,1.0,1.0,1.0,1.0,1.0,1.0,1.0,1.0,1.0,1.0,1.0,1.0,1.0,1.0,1.0,1.0,1.0,1.0,1.0,1.0,1.0,1.0,1.0,1.0,1.0,1.0,1.0,1.0,1.0,1.0,1.0,1.0,1.0,1.0,1.0,1.0,1.0,1.0,1.0,1.0,1.0,1.0,1.0,1.0,1.0,1.0,1.0,1.0,1.0,1.0,1.0,1.0,1.0,1.0,1.0,1.0,1.0,1.0,1.0,1.0,1.0,1.0,1.0,1.0,1.0,1.0,1.0,1.0,1.0,1.0,1.0,1.0,1.0,1.0,1.0,1.0,1.0,1.0,1.0,1.0,1.0,1.0,1.0,1.0,1.0,1.0,1.0,1.0,1.0,1.0,1.0,1.0,1.0,1.0,1.0,1.0,1.0,1.0,1.0,1.0,1.0,1.0,1.0,1.0,1.0,1.0,1.0,1.0,1.0,1.0,1.0,1.0,1.0,1.0,1.0,1.0,1.0,1.0,1.0,1.0,1.0,1.0,1.0,1.0,1.0,1.0,1.0,1.0,1.0,1.0,1.0,1.0,1.0,1.0,1.0,1.0,1.0,1.0,1.0,1.0,1.0,1.0,1.0,1.0,1.0,1.0,1.0,1.0,1.0,1.0,1.0,1.0,1.0,1.0,1.011822192207065,1.2140841330847518,1.0825979888033,1.4018532399192534,1.368315344421931,1.079467857869767,1.5647346198993235,1.2500133649160752,0.9390009694748391,1.1535675017714706,2.1608393561146984,1.8028836995507809,1.0829914944515928,0.9283820528150468,0.923317875563022,1.0067455795666325,0.9982322508143997,0.9886824299991004,0.870250178149836,0.8457155359171743,1.057169724405798,1.2771277525902622,0.9571595456130162,0.8924818717329868,0.911153505825998,0.9957487912463205,1.2031313102326573,1.6258879253606833,1.06964198177827,1.2974011597709665,0.872576170647823,1.0510425622869946,1.4297503579501216,0.9075227252393866,1.2426600134857286,1.1912751109860737,1.0038659288296539,1.71503544517345,0.9849309687754206,1.445698851784794,1.291396076462614,1.226987908125985,1.3177411241213508,0.8148789487015702,1.1206598553467768,0.8887365277769902,1.1200152620255746,1.1549792468050681,1.2302272736211664,0.9278247917710585,1.0825720758740025,1.5268037119884201,1.0347729576243585,0.8990660820221368,1.0303706677213236,0.9077866523620078,1.265858303522059,1.074893252865455,1.3501249943716678,1.4466497314041593,2.286046945997237,1.278273803751173,0.9560453596327338,0.8535969300183139,0.97196724916194,1.217969067336786,1.2991621857816904,0.9813209696057782,0.8658403085206934,1.1063334723017013,0.9792350028501997,1.1298425206260638,0.9464461630759236,1.054863310017534,0.7454527983599494,1.0564833782078624,1.277570459757549,1.2809515963471216,1.0276192665592043,1.1674308651098322,1.1398301159229047,1.0801994021729795,1.0652273727778714,1.1394642720957182,0.9685599361803177,0.9120200612572869,0.940868692311781,1.1698626716586684,1.229190789799347,0.9985432547148442,1.3187703331518612,1.2350183614891908,1.173927610073626,0.9630339243971187,0.8352838082894212,1.3508405454194816,1.1992954760749688,1.0649154570654806,1.1039222047246633,1.0866175181592683,0.7682829785057137,1.1942744941079624,1.2290177547797807,1.083579403926829,1.011627873298594,0.8900620736824358,1.0890526960514233,1.0922999321857414,1.0827024812242678,0.8957752298816493,1.1462493260348927,1.0275916046072382,1.1364756074609752,1.199405090751458,1.0682026767373207,1.0149523419458348,1.1389614740788667,1.164432734527426,1.4646608229379448,1.087104016533573,2.849950318332639,0.7131156268729506,0.9576036760647766,2.256783871690085,1.2344838134740572,2.2044035679388645,1.1675781908448748,1.0388405389780844,1.3258603920725363,0.9553835769577474,1.1836768324447553,1.4484716823389898,1.8110235064832179,1.254035266092345,1.3465599673863318,1.2009982561131205,1.5858457942075872,1.0454786207279145,0.884630967700345,1.240995241504258,0.7254438493725777,1.2067548279508413,0.901196522615749,0.9712122998170724,1.7307826158453656,1.1274173781382604,2.550865463466273,0.9582864621874851,1.3926590067915288,0.867465272195717,0.9900024321118168,0.940805651653316,1.2245193044364946,1.4761384133518263,1.0309338304009097,1.0593029560395641,1.0683075953633834,0.9611234618805102,1.1868937153974533,2.5478139447753008,1.5247014676389936,1.8874220257136947,1.9440082468136979,0.7177661178140855,1.7735433687988915,1.5309456358087892,1.3663542722064839,1.1720043357074865,1.3807880855301096,1.3806402303877785,1.4045211992998223,1.2321331246973826,1.9933918485824509,1.2403047839372365,1.6895155140660316,1.3487201028532696,1.411885866196609,1.8067583514653074,2.6281842194678258,1.2924935176209038,1.4303587329907363,2.31165493621083,1.6520349974583513,1.0996812398415954,1.1313831638343275
1.0,1.0,1.0,1.0,1.0,1.0,1.0,1.0,1.0,1.0,1.0,1.0,1.0,1.0,1.0,1.0,1.0,1.0,1.0,1.0,1.0,1.0,1.0,1.0,1.0,1.0,1.0,1.0,1.0,1.0,1.0,1.0,1.0,1.0,1.0,1.0,1.0,1.0,1.0,1.0,1.0,1.0,1.0,1.0,1.0,1.0,1.0,1.0,1.0,1.0,1.0,1.0,1.0,1.0,1.0,1.0,1.0,1.0,1.0,1.0,1.0,1.0,1.0,1.0,1.0,1.0,1.0,1.0,1.0,1.0,1.0,1.0,1.0,1.0,1.0,1.0,1.0,1.0,1.0,1.0,1.0,1.0,1.0,1.0,1.0,1.0,1.0,1.0,1.0,1.0,1.0,1.0,1.0,1.0,1.0,1.0,1.0,1.0,1.0,1.0,1.0,1.0,1.0,1.0,1.0,1.0,1.0,1.0,1.0,1.0,1.0,1.0,1.0,1.0,1.0,1.0,1.0,1.0,1.0,1.0,1.0,1.0,1.0,1.0,1.0,1.0,1.0,1.0,1.0,1.0,1.0,1.0,1.0,1.0,1.0,1.0,1.0,1.0,1.0,1.0,1.0,1.0,1.0,1.0,1.0,1.0,1.0,1.0,1.0,1.0,1.0,1.0,1.0,1.0,1.0,1.0,1.0,1.0,1.0,1.0,1.0,1.0,1.0,1.0,1.0,1.0,1.0,1.0,1.0,1.0,1.0,1.0,1.0,1.0,1.0,1.0,1.0,1.0,1.0,1.0,1.0,1.0,1.0,1.0,1.0,1.0,1.0,1.0,1.0,1.0,1.0,1.0,1.0,1.0,1.0,1.0,1.0,1.0,1.0,1.0,1.0,1.0,1.0,1.0,1.0,1.0,1.0,1.0,1.0,1.0,1.0,1.0,1.0,1.0,1.0,1.0,1.0,1.0,1.0,1.0,1.0,1.0,1.0,1.0,1.0,1.0,1.0,1.0,1.0,1.0,1.0,1.0,1.0,1.0,1.0,1.0,1.0,1.0,1.0,1.0,1.0,1.0,1.0,1.0,1.0,1.0,1.0,1.0,1.0,1.0,1.0,1.0,1.0,1.0,1.0,1.0,1.0,1.0,1.0,1.0,1.0,1.0,1.0,1.0,1.0,1.0,1.0,1.0,1.2059394125168676,1.069479675081277,1.3854932530926098,1.3531095930592612,1.0690054942111038,1.549382867290178,1.2315799875647906,0.9287082891347966,1.1408324461068062,2.13571104443348,1.7835641912717937,1.0718641951514678,0.9191652863593429,0.9127347609920284,0.9968622942470906,0.9845208100767477,0.9772268864188715,0.859444149250477,0.8356902991239374,1.0465147919178883,1.263130465732161,0.9472356272791118,0.8818431419743845,0.8989975593688883,0.9841222560175107,1.1910299550868388,1.611552897303962,1.0610156219666085,1.283710022209717,0.8634153216605929,1.038950271192995,1.4082157549898537,0.8957152975836002,1.2303975005716543,1.1789510126618596,0.9917514518779631,1.703588913212929,0.9750167056493125,1.4343647397402441,1.2773417360807755,1.2139567853142728,1.3015532380458463,0.8047096052042835,1.108365257276458,0.8781572237993167,1.1035710317942637,1.1420975367054482,1.2156204511426578,0.917307226077535,1.075286621950867,1.5120281327521015,1.0220228723553109,0.8855014518559217,1.0142952471995965,0.8985810077368217,1.252759919838398,1.0631117634200784,1.333560347422233,1.4329054983137475,2.257697674511383,1.2624197756893065,0.9449470951338471,0.8414867155385621,0.9603276767734428,1.2064394254319266,1.2862087646875486,0.969706265617695,0.8553631402300867,1.0960079154004096,0.9659926879068985,1.1178060908442453,0.9360228548448789,1.0417241658045369,0.7375507342697905,1.051212550110979,1.2614191571182545,1.2692544927279084,1.013813488047131,1.1546140133982559,1.1260584264789335,1.0669557682329354,1.053675901540955,1.1273063676404151,0.9579073133792682,0.9013859973251496,0.9305082793968427,1.161229732737815,1.2099722090919023,0.9862617149283454,1.3049505519511908,1.224408941998032,1.1605432967595375,0.9492077684775588,0.8242588070965954,1.336809110885901,1.1821918702343752,1.0512309602838492,1.0885117285398698,1.0722935625708896,0.7592917170042355,1.1816753245791314,1.210585705702542,1.0679427461312592,0.9968259521971672,0.8784641141605982,1.075502006946362,1.0778387071746496,1.070267414157556,0.8866426375906205,1.129980294227729,1.0115766683325278,1.1208409217172608,1.1795416456399164,1.0502076087046843,0.9979132464259992,1.1238545850702328,1.148685543653907,1.4501877975589883,1.0713589889382704,2.8418200401616245,0.7041737298920256,0.9444616874545876,2.2278110858241766,1.223916358452572,2.184505974237556,1.152669302868198,1.023205019368517,1.3109962255939513,0.9445639620489863,1.1683001660518793,1.4301815404599632,1.7744639706399012,1.238190996287893,1.329852885855562,1.1845201879431189,1.5575578185967445,1.0333072260901257,0.8737116517290863,1.2243441836530442,0.7149239554638224,1.1865849130641213,0.8866661217802245,0.9582120134467591,1.707057751070216,1.1138573290277045,2.5172528524756568,0.947521067347737,1.3782639626940751,0.8577780481029662,0.9776899709558771,0.9304168732301118,1.210894439585464,1.459590092698383,1.0181905401029068,1.0476526707258302,1.0545478660863772,0.9460978041535,1.1750732298466988,2.5116331071317983,1.5064340856093041,1.871004854649624,1.9314475922807772,0.7079717923409845,1.7510207640897757,1.5155741549153925,1.3507869968759074,1.1622145182311094,1.3661268840001322,1.3656661330859916,1.389093121414252,1.2206159641518108,1.9682925790081336,1.2220725160121784,1.6787779460008296,1.3356018574121733,1.3955633880210412,1.782634746731741,2.5687122320165607,1.2704747963969374,1.41384983476157,2.283111940582062,1.6333143060384232,1.0846245352095185,1.1178189921758037
1.0,1.0,1.0,1.0,1.0,1.0,1.0,1.0,1.0,1.0,1.0,1.0,1.0,1.0,1.0,1.0,1.0,1.0,1.0,1.0,1.0,1.0,1.0,1.0,1.0,1.0,1.0,1.0,1.0,1.0,1.0,1.0,1.0,1.0,1.0,1.0,1.0,1.0,1.0,1.0,1.0,1.0,1.0,1.0,1.0,1.0,1.0,1.0,1.0,1.0,1.0,1.0,1.0,1.0,1.0,1.0,1.0,1.0,1.0,1.0,1.0,1.0,1.0,1.0,1.0,1.0,1.0,1.0,1.0,1.0,1.0,1.0,1.0,1.0,1.0,1.0,1.0,1.0,1.0,1.0,1.0,1.0,1.0,1.0,1.0,1.0,1.0,1.0,1.0,1.0,1.0,1.0,1.0,1.0,1.0,1.0,1.0,1.0,1.0,1.0,1.0,1.0,1.0,1.0,1.0,1.0,1.0,1.0,1.0,1.0,1.0,1.0,1.0,1.0,1.0,1.0,1.0,1.0,1.0,1.0,1.0,1.0,1.0,1.0,1.0,1.0,1.0,1.0,1.0,1.0,1.0,1.0,1.0,1.0,1.0,1.0,1.0,1.0,1.0,1.0,1.0,1.0,1.0,1.0,1.0,1.0,1.0,1.0,1.0,1.0,1.0,1.0,1.0,1.0,1.0,1.0,1.0,1.0,1.0,1.0,1.0,1.0,1.0,1.0,1.0,1.0,1.0,1.0,1.0,1.0,1.0,1.0,1.0,1.0,1.0,1.0,1.0,1.0,1.0,1.0,1.0,1.0,1.0,1.0,1.0,1.0,1.0,1.0,1.0,1.0,1.0,1.0,1.0,1.0,1.0,1.0,1.0,1.0,1.0,1.0,1.0,1.0,1.0,1.0,1.0,1.0,1.0,1.0,1.0,1.0,1.0,1.0,1.0,1.0,1.0,1.0,1.0,1.0,1.0,1.0,1.0,1.0,1.0,1.0,1.0,1.0,1.0,1.0,1.0,1.0,1.0,1.0,1.0,1.0,1.0,1.0,1.0,1.0,1.0,1.0,1.0,1.0,1.0,1.0,1.0,1.0,1.0,1.0,1.0,1.0,1.0,1.0,1.0,1.0,1.0,1.0,1.0,1.0,1.0,1.0,1.0,1.0,1.0,1.0,1.0,1.0,1.0,1.0,1.0,0.8777029055845226,1.1384904364408088,1.1112715922592922,0.8831208646366306,1.2743520677184341,1.004048944909421,0.762447588835247,0.9371858530291404,1.7491788725625952,1.4675575039157192,0.8825546316137105,0.7559101040180041,0.7483462907515857,0.8192835942888187,0.8040120362017773,0.8011838137789741,0.7039081747553024,0.6860457845752412,0.8626363867312046,1.0385784842968062,0.7785299877536631,0.7217456705220417,0.7364253667358245,0.8067271411328092,0.9811151766097217,1.3292664556978537,0.8744561484485041,1.0557457663049785,0.7091114432678058,0.8547685220342334,1.1448311027385076,0.7312307898747106,1.0122787134865696,0.969479545959839,0.8118204203167032,1.4114009397019296,0.8006634808066708,1.1828432029146598,1.0504177826608057,0.9978183295717886,1.0674693092599634,0.6588100571440749,0.9100711410619834,0.7197844425005304,0.9001067708002348,0.9384178780096251,0.9977149256713935,0.7528758853588913,0.8867198209565397,1.2442657800970698,0.8382582946833793,0.7209461362355634,0.8246385333631823,0.7377078565593836,1.0297176028524442,0.873852404353826,1.094696329247634,1.1792434627835686,1.8486354846498965,1.0314016148883662,0.7744458384739483,0.6874752394291419,0.7875869606282986,0.9946627478661609,1.0586908926334733,0.7957827394308696,0.7009459974822482,0.9025542445060095,0.7895352973861303,0.9185879548859057,0.770318067421156,0.8533282555924488,0.6041416394582576,0.872352888235792,1.0300744051635338,1.0458138083012247,0.8293725453100433,0.947161841992451,0.9253000635541506,0.8741628497818094,0.8659373779856578,0.9256353573067171,0.7866856155445376,0.7394969409896814,0.7668999567624603,0.9597002138002158,0.9825499538025733,0.8079634131581503,1.072435537212124,1.0136842683937193,0.9533524885703238,0.7755459798497828,0.6744609465949478,1.0968129745346267,0.9645721101762091,0.8619856859870062,0.8870002648603457,0.8759495485888773,0.6217755803952993,0.9700112716593184,0.9798757426543004,0.8712994125454114,0.8119068021189302,0.7172877748254265,0.8806991595459996,0.8808532931900266,0.8774420685188153,0.7291840026647267,0.9227242002656824,0.824322286727311,0.9144780325568569,0.9552362366460719,0.8519787273376846,0.8085232823200716,0.9190627307628987,0.9382000228498469,1.1964586076871213,0.8741887936535988,2.345857673130663,0.5761236698793012,0.770439107073601,1.8297251631237428,1.008797336844486,1.8050855799990628,0.9449754750581834,0.8351962005643525,1.0747824991804609,0.7750435822664878,0.9568332947968996,1.1707342755617547,1.4415154410801123,1.0144511097377458,1.0895081295069007,0.9674061984982263,1.2611568133467315,0.8482946336593149,0.7158725804862021,0.9997320588159038,0.5818149302394544,0.9635714405614356,0.7202065334551191,0.7831200640667606,1.3938879894443523,0.9102736396219155,2.0562629714500407,0.7783373810727565,1.1307885966551798,0.7034220059064653,0.7982204947390054,0.7637677048957904,0.9947299222868458,1.1982606335409178,0.8358432721087572,0.8604430990306865,0.8667942075410824,0.7711151601354325,0.9670109564229087,2.052007330777124,1.2354171557976177,1.55811787052997,1.5863232718823825,0.578453310431324,1.4309680628084833,1.2461021958515621,1.109370950721641,0.958906471097474,1.123042952330166,1.1208832280103542,1.140224957820569,1.005978671618068,1.609782881770509,0.9950647861155076,1.3800032097089519,1.1023541790389304,1.145487931795359,1.459933749060657,2.0544660880020595,1.0334289006237074,1.1601407272590056,1.880264081177288,1.3436198506002173,0.8868152553803037,0.9155430667283184
1.0,1.0,1.0,1.0,1.0,1.0,1.0,1.0,1.0,1.0,1.0,1.0,1.0,1.0,1.0,1.0,1.0,1.0,1.0,1.0,1.0,1.0,1.0,1.0,1.0,1.0,1.0,1.0,1.0,1.0,1.0,1.0,1.0,1.0,1.0,1.0,1.0,1.0,1.0,1.0,1.0,1.0,1.0,1.0,1.0,1.0,1.0,1.0,1.0,1.0,1.0,1.0,1.0,1.0,1.0,1.0,1.0,1.0,1.0,1.0,1.0,1.0,1.0,1.0,1.0,1.0,1.0,1.0,1.0,1.0,1.0,1.0,1.0,1.0,1.0,1.0,1.0,1.0,1.0,1.0,1.0,1.0,1.0,1.0,1.0,1.0,1.0,1.0,1.0,1.0,1.0,1.0,1.0,1.0,1.0,1.0,1.0,1.0,1.0,1.0,1.0,1.0,1.0,1.0,1.0,1.0,1.0,1.0,1.0,1.0,1.0,1.0,1.0,1.0,1.0,1.0,1.0,1.0,1.0,1.0,1.0,1.0,1.0,1.0,1.0,1.0,1.0,1.0,1.0,1.0,1.0,1.0,1.0,1.0,1.0,1.0,1.0,1.0,1.0,1.0,1.0,1.0,1.0,1.0,1.0,1.0,1.0,1.0,1.0,1.0,1.0,1.0,1.0,1.0,1.0,1.0,1.0,1.0,1.0,1.0,1.0,1.0,1.0,1.0,1.0,1.0,1.0,1.0,1.0,1.0,1.0,1.0,1.0,1.0,1.0,1.0,1.0,1.0,1.0,1.0,1.0,1.0,1.0,1.0,1.0,1.0,1.0,1.0,1.0,1.0,1.0,1.0,1.0,1.0,1.0,1.0,1.0,1.0,1.0,1.0,1.0,1.0,1.0,1.0,1.0,1.0,1.0,1.0,1.0,1.0,1.0,1.0,1.0,1.0,1.0,1.0,1.0,1.0,1.0,1.0,1.0,1.0,1.0,1.0,1.0,1.0,1.0,1.0,1.0,1.0,1.0,1.0,1.0,1.0,1.0,1.0,1.0,1.0,1.0,1.0,1.0,1.0,1.0,1.0,1.0,1.0,1.0,1.0,1.0,1.0,1.0,1.0,1.0,1.0,1.0,1.0,1.0,1.0,1.0,1.0,1.0,1.0,1.0,1.0,1.0,1.0,1.0,1.0,1.0,1.0,1.2943899715847003,1.2632673777751797,0.999598266965857,1.4466375409280512,1.1489983309312644,0.8669043850829191,1.0659719213523413,1.994088112273306,1.666203831340553,1.0012381917973492,0.8583065173444305,0.8518809700506552,0.9306228558290821,0.9185383587210215,0.9122054628275487,0.8023464241453495,0.7801455947649509,0.9778317454816126,1.1800033846312838,0.8847742781509306,0.8231357385844043,0.8395687106396694,0.9189396807453712,1.1127867517381573,1.5062382976954851,0.9903544288674327,1.1999470358769082,0.805867462892449,0.9707990653551563,1.3123081096694484,0.8354793811955394,1.1488563369187617,1.1007219851760246,0.9254356233629019,1.592561641877569,0.9100597991117934,1.338858815566145,1.1933149836003751,1.1333764813474028,1.214669886856492,0.7510657695780214,1.0345560140121124,0.8197865769884751,1.0297554122174486,1.0663243336043098,1.1351773669500131,0.8563627996285816,1.0035165550510352,1.412778437381959,0.9543446705691676,0.8254830341267332,0.9454347157320261,0.8387825019481875,1.169724078175602,0.9930601924195015,1.2458591088510746,1.3382490190773408,2.106632404387927,1.177438363063848,0.8820448545692523,0.7856475045188098,0.8966291751756055,1.1273136634605991,1.2013837982569637,0.9053153621211515,0.7986254882771222,1.0239892800513788,0.9013303642307101,1.0434220180266238,0.8744662348110861,0.9725910198134403,0.6879645205444492,0.9835116168548055,1.1766624274879587,1.185575461094961,0.9471526910574117,1.0774413793249273,1.05140235246232,0.9961100429352603,0.9840841862634947,1.0520028106424717,0.8945209874841511,0.8419134780677262,0.8698497519529381,1.085312735729977,1.1284779688733526,0.9205882950034636,1.2188025123487853,1.1459447531185298,1.0839748714930153,0.8861741728892965,0.7694139802301296,1.2479880296106214,1.103527033617401,0.9815894066121662,1.0151186741798879,1.0010759080415585,0.708824274975437,1.1032556623914767,1.1270326992252901,0.9961000321343446,0.9304948016589478,0.8200002169348014,1.0037345523158652,1.005731162106378,0.9988415099112029,0.8283406913924178,1.0555938110111724,0.943710138123879,1.0455031637387635,1.0990837832248326,0.9787532899818637,0.9302550384426004,1.0495530083535634,1.0713635266151988,1.3555210163913924,1.0001429235677433,2.651588875341763,0.6572312865744063,0.8815526194260833,2.0801028291578163,1.1430206468714355,2.041795368774097,1.0761942332298664,0.9550012763321519,1.2239831849422234,0.8819513380815527,1.090561956089049,1.3344666712233892,1.6599283566190512,1.1558221865465577,1.2419457140920889,1.1063298730572648,1.4508238479835023,0.9649022521863082,0.8153962173752609,1.1428644534132992,0.6665093458369842,1.1069538732524125,0.826825392399976,0.8940672695279199,1.592378290189548,1.0391382906459266,2.3497489018431246,0.8850289409771007,1.2867241749394818,0.8006630888634765,0.9120315555222716,0.8687918653731517,1.1310009958554534,1.363043840768958,0.9505721565272497,0.9784928054217801,0.9854328778203938,0.8828027249555053,1.0971873355005692,2.3476424088909353,1.406850721812132,1.7535053909202767,1.8035299893021484,0.6607297004895714,1.6328728295558985,1.4158729005144846,1.2614727002770012,1.0857046282181637,1.2761281570768002,1.2748276252994302,1.2965446486788816,1.1405427870096299,1.8361262257843052,1.1392723883528184,1.5641931833516733,1.2492037074733735,1.3033428086610626,1.6646529443478262,2.3939289736286016,1.184856771176848,1.3203357508279119,2.133361683467565,1.5255519827876212,1.0118649563775195,1.0433469181514692
1.0,1.0,1.0,1.0,1.0,1.0,1.0,1.0,1.0,1.0,1.0,1.0,1.0,1.0,1.0,1.0,1.0,1.0,1.0,1.0,1.0,1.0,1.0,1.0,1.0,1.0,1.0,1.0,1.0,1.0,1.0,1.0,1.0,1.0,1.0,1.0,1.0,1.0,1.0,1.0,1.0,1.0,1.0,1.0,1.0,1.0,1.0,1.0,1.0,1.0,1.0,1.0,1.0,1.0,1.0,1.0,1.0,1.0,1.0,1.0,1.0,1.0,1.0,1.0,1.0,1.0,1.0,1.0,1.0,1.0,1.0,1.0,1.0,1.0,1.0,1.0,1.0,1.0,1.0,1.0,1.0,1.0,1.0,1.0,1.0,1.0,1.0,1.0,1.0,1.0,1.0,1.0,1.0,1.0,1.0,1.0,1.0,1.0,1.0,1.0,1.0,1.0,1.0,1.0,1.0,1.0,1.0,1.0,1.0,1.0,1.0,1.0,1.0,1.0,1.0,1.0,1.0,1.0,1.0,1.0,1.0,1.0,1.0,1.0,1.0,1.0,1.0,1.0,1.0,1.0,1.0,1.0,1.0,1.0,1.0,1.0,1.0,1.0,1.0,1.0,1.0,1.0,1.0,1.0,1.0,1.0,1.0,1.0,1.0,1.0,1.0,1.0,1.0,1.0,1.0,1.0,1.0,1.0,1.0,1.0,1.0,1.0,1.0,1.0,1.0,1.0,1.0,1.0,1.0,1.0,1.0,1.0,1.0,1.0,1.0,1.0,1.0,1.0,1.0,1.0,1.0,1.0,1.0,1.0,1.0,1.0,1.0,1.0,1.0,1.0,1.0,1.0,1.0,1.0,1.0,1.0,1.0,1.0,1.0,1.0,1.0,1.0,1.0,1.0,1.0,1.0,1.0,1.0,1.0,1.0,1.0,1.0,1.0,1.0,1.0,1.0,1.0,1.0,1.0,1.0,1.0,1.0,1.0,1.0,1.0,1.0,1.0,1.0,1.0,1.0,1.0,1.0,1.0,1.0,1.0,1.0,1.0,1.0,1.0,1.0,1.0,1.0,1.0,1.0,1.0,1.0,1.0,1.0,1.0,1.0,1.0,1.0,1.0,1.0,1.0,1.0,1.0,1.0,1.0,1.0,1.0,1.0,1.0,1.0,1.0,1.0,1.0,1.0,1.0,1.0,1.0,0.9737323884787958,0.7726066693769771,1.1162825665236813,0.8835211375927429,0.6692687456293371,0.8214833239978544,1.5315551981894813,1.2858131977267053,0.7733009883193325,0.6622911263357101,0.6559967052976271,0.7178162030435784,0.706892004897312,0.703555152450404,0.6180390078250304,0.6019860313482273,0.7553376385943298,0.9094659228944593,0.6828547059842638,0.6338361920410547,0.647210550481486,0.7090796581126102,0.8595751448432567,1.164261498824743,0.7636288684330144,0.9253988046726918,0.6216541522893534,0.7497384217491698,1.0071105879714821,0.6434699606536696,0.8860340284535642,0.8504153554791021,0.7127084914724057,1.232842886983429,0.7020195306777901,1.0346439178092868,0.9212630977607952,0.874620677182584,0.9349125469109665,0.5786971300312047,0.7986963700705353,0.6326110787197714,0.792258432768548,0.8228182944065564,0.8758596702865297,0.660438105285386,0.7755518610797049,1.0896217697273802,0.7365758278562595,0.6352836663725069,0.7261006349030815,0.6467084608296433,0.902466327626621,0.7659736667550441,0.9614311043583365,1.0325622771904226,1.6243750419866338,0.9065585270816257,0.6799817545124116,0.6047739176767138,0.6914116040538605,0.871455284230428,0.9269084110854612,0.6980891396214584,0.6153415398063079,0.791423425424973,0.6935688586425773,0.8045164145902024,0.6754036706178925,0.7486967311952515,0.5298185289273443,0.7617345570649763,0.9064407305734672,0.9155135357597011,0.729909804835805,0.8310298942982962,0.8101154151831178,0.7680832101940691,0.7598135685027323,0.8127608769937893,0.6901347886398899,0.6500212579869847,0.6735451848840297,0.8395828542959771,0.8661884376671671,0.7097048952237294,0.9397864165141969,0.8867272279146425,0.8365669963446299,0.6817954502662691,0.5926036454171684,0.9622804872620737,0.8477049321359825,0.7567218740928554,0.780248663577104,0.7705322673474835,0.5459819100187997,0.8507331411395032,0.8588943215879021,0.7657822363773306,0.7151800392990777,0.6310233338076721,0.7728930963927578,0.7738479579191297,0.7699739104152729,0.6383952266252819,0.8130107775375601,0.7253862186998516,0.8032690974042644,0.8430260677782935,0.7518901653336826,0.713570161095359,0.8079373088089468,0.8246072761940839,1.0466406101777492,0.7699046965311461,2.047492470041757,0.5063281678242953,0.676979613980126,1.6041234549070484,0.8824411528614795,1.5795273303512325,0.8304008053388976,0.7354615411743151,0.9428228620894338,0.6803406238900958,0.84133867411612,1.0257957082303673,1.2679557152802199,0.890523132276487,0.9593882160801186,0.8517097693936813,1.110521104167582,0.7444245903765764,0.6276472855493093,0.8790755654992393,0.5117405059403831,0.8484604538765956,0.6343284267328522,0.6875713722277156,1.2230947228158369,0.7995145785167124,1.8027928606782821,0.6832327716714972,0.9920792755775829,0.6174825365133847,0.7013229233997895,0.670585125889848,0.8724460417665487,1.0510214047924094,0.7329869209325919,0.7542222783396212,0.7603897983824682,0.6779453321148202,0.8469715418538857,1.809382019254179,1.086013506762864,1.361170930298271,1.3933023668042672,0.5082765395812046,1.2532655599451257,1.0904468542724446,0.9728009419206705,0.8394477429933549,0.984621067554377,0.9846260016133572,1.000900476612173,0.8815991374438583,1.4122613139649358,0.8761477172853891,1.204758798577426,0.9650422347347642,1.004909600695292,1.2831505073279483,1.825632528723388,0.9091081808231366,1.0185720129840092,1.6480983650029009,1.177098012611057,0.7774462817381802,0.8043934884950825
1.0,1.0,1.0,1.0,1.0,1.0,1.0,1.0,1.0,1.0,1.0,1.0,1.0,1.0,1.0,1.0,1.0,1.0,1.0,1.0,1.0,1.0,1.0,1.0,1.0,1.0,1.0,1.0,1.0,1.0,1.0,1.0,1.0,1.0,1.0,1.0,1.0,1.0,1.0,1.0,1.0,1.0,1.0,1.0,1.0,1.0,1.0,1.0,1.0,1.0,1.0,1.0,1.0,1.0,1.0,1.0,1.0,1.0,1.0,1.0,1.0,1.0,1.0,1.0,1.0,1.0,1.0,1.0,1.0,1.0,1.0,1.0,1.0,1.0,1.0,1.0,1.0,1.0,1.0,1.0,1.0,1.0,1.0,1.0,1.0,1.0,1.0,1.0,1.0,1.0,1.0,1.0,1.0,1.0,1.0,1.0,1.0,1.0,1.0,1.0,1.0,1.0,1.0,1.0,1.0,1.0,1.0,1.0,1.0,1.0,1.0,1.0,1.0,1.0,1.0,1.0,1.0,1.0,1.0,1.0,1.0,1.0,1.0,1.0,1.0,1.0,1.0,1.0,1.0,1.0,1.0,1.0,1.0,1.0,1.0,1.0,1.0,1.0,1.0,1.0,1.0,1.0,1.0,1.0,1.0,1.0,1.0,1.0,1.0,1.0,1.0,1.0,1.0,1.0,1.0,1.0,1.0,1.0,1.0,1.0,1.0,1.0,1.0,1.0,1.0,1.0,1.0,1.0,1.0,1.0,1.0,1.0,1.0,1.0,1.0,1.0,1.0,1.0,1.0,1.0,1.0,1.0,1.0,1.0,1.0,1.0,1.0,1.0,1.0,1.0,1.0,1.0,1.0,1.0,1.0,1.0,1.0,1.0,1.0,1.0,1.0,1.0,1.0,1.0,1.0,1.0,1.0,1.0,1.0,1.0,1.0,1.0,1.0,1.0,1.0,1.0,1.0,1.0,1.0,1.0,1.0,1.0,1.0,1.0,1.0,1.0,1.0,1.0,1.0,1.0,1.0,1.0,1.0,1.0,1.0,1.0,1.0,1.0,1.0,1.0,1.0,1.0,1.0,1.0,1.0,1.0,1.0,1.0,1.0,1.0,1.0,1.0,1.0,1.0,1.0,1.0,1.0,1.0,1.0,1.0,1.0,1.0,1.0,1.0,1.0,1.0,1.0,1.0,1.0,1.0,1.0,1.0,0.7895973051333378,1.14368883033121,0.9089057118998949,0.6850915408243208,0.8428101353444988,1.5815560134649331,1.3176962816434514,0.7911115740619745,0.6784802442462309,0.6743827519569088,0.7356560144290278,0.7265675912073768,0.7210039928956546,0.634536212877213,0.6167079279280653,0.7727644333222031,0.9336690472254591,0.6990094541488306,0.6511314536065337,0.6633201399808876,0.7256031659202717,0.8789766776004089,1.1890511641938928,0.7838818474262264,0.9481891877549429,0.637059144323166,0.766503126947081,1.0417539383364498,0.6604116881581787,0.9089868344167246,0.8695944020612019,0.7320190333394241,1.2574007408166223,0.7193582364293405,1.0579167994223777,0.9429065142257183,0.8962807095264523,0.9635724837043649,0.5940098479523901,0.8177500942404603,0.6476063757157186,0.8142629812678954,0.843415719274631,0.8974490688289365,0.6769577137632865,0.7940328863384252,1.1169866073119272,0.7535981146975756,0.653196357096854,0.7492645338840649,0.6632524408173627,0.9247703712847751,0.785273048967223,0.9844567103501731,1.0577015018231457,1.6662516310116307,0.9312084158350658,0.6972616345384097,0.6213216872587295,0.7086698911446829,0.8903290423465361,0.9502196989754279,0.7158729442757567,0.6315061649639969,0.808563342224593,0.713630454687037,0.8258804806234692,0.6906545215223345,0.7698634473460808,0.5443695242006232,0.7753569510265323,0.9302666990822334,0.9364412890274855,0.7479791255484296,0.8519906296068769,0.832307931393072,0.7870122225532473,0.7776163753487537,0.8311262179292939,0.7069137987502558,0.6645168373680901,0.6853192979917901,0.8561512596359526,0.8926526007319777,0.7280462996011774,0.9638723682160013,0.9040478981622482,0.8567686844130726,0.7007584458473105,0.6088415794184905,0.9863785703292819,0.8738538578483254,0.7764108016466599,0.8040520331949247,0.7913115088213527,0.5603332608909058,0.8722226003197384,0.8979396654733024,0.7890487716581173,0.7357923001915041,0.6478093168008796,0.7943260818521273,0.7959951705798625,0.7898381478455216,0.6550740012608253,0.8333870076334684,0.7473122381371838,0.8283729673783373,0.8704233740216882,0.7751657754458527,0.7364861029523717,0.8295778940042482,0.8485370078520621,1.0703013762761158,0.7900539500330739,2.09757536315786,0.5198077768258221,0.6978981780980835,1.6480733175142321,0.9034706599405978,1.6127926786287803,0.8508854378501813,0.7551346733615478,0.9681686911983542,0.6969980101312574,0.8622266381685202,1.0586946077332193,1.3165274171435004,0.9154236288562074,0.9795533266742655,0.8735680506347769,1.1533328143097181,0.7630069375175141,0.6459050069434749,0.9029692248956372,0.5281130840655521,0.8779303367437629,0.6552382399020005,0.7081669622495387,1.2627430182004316,0.8225534550252195,1.8626065783283083,0.6989464359919515,1.0170203042845978,0.6327993975623463,0.7210921580229331,0.6863553346429061,0.893932059457532,1.0779632700894743,0.752261629715707,0.7736956324538115,0.778610882165145,0.6995071588237552,0.8678848562891462,1.852216945723074,1.1116406015381168,1.380294572846681,1.4213185666135253,0.522832492057837,1.297347083468179,1.1203412139564466,0.9976240643105944,0.8574403469301046,1.0086449477791402,1.0070286204479437,1.0247122604881729,0.9000039447642622,1.4545749164050918,0.902428181241427,1.241333305577312,0.9865554150660205,1.030587059479909,1.3153836063224378,1.8986210294288255,0.9394206570449637,1.043451167650613,1.6865809505929232,1.2065239872500397,0.8023235052037794,0.8246511275758471
1.0,1.0,1.0,1.0,1.0,1.0,1.0,1.0,1.0,1.0,1.0,1.0,1.0,1.0,1.0,1.0,1.0,1.0,1.0,1.0,1.0,1.0,1.0,1.0,1.0,1.0,1.0,1.0,1.0,1.0,1.0,1.0,1.0,1.0,1.0,1.0,1.0,1.0,1.0,1.0,1.0,1.0,1.0,1.0,1.0,1.0,1.0,1.0,1.0,1.0,1.0,1.0,1.0,1.0,1.0,1.0,1.0,1.0,1.0,1.0,1.0,1.0,1.0,1.0,1.0,1.0,1.0,1.0,1.0,1.0,1.0,1.0,1.0,1.0,1.0,1.0,1.0,1.0,1.0,1.0,1.0,1.0,1.0,1.0,1.0,1.0,1.0,1.0,1.0,1.0,1.0,1.0,1.0,1.0,1.0,1.0,1.0,1.0,1.0,1.0,1.0,1.0,1.0,1.0,1.0,1.0,1.0,1.0,1.0,1.0,1.0,1.0,1.0,1.0,1.0,1.0,1.0,1.0,1.0,1.0,1.0,1.0,1.0,1.0,1.0,1.0,1.0,1.0,1.0,1.0,1.0,1.0,1.0,1.0,1.0,1.0,1.0,1.0,1.0,1.0,1.0,1.0,1.0,1.0,1.0,1.0,1.0,1.0,1.0,1.0,1.0,1.0,1.0,1.0,1.0,1.0,1.0,1.0,1.0,1.0,1.0,1.0,1.0,1.0,1.0,1.0,1.0,1.0,1.0,1.0,1.0,1.0,1.0,1.0,1.0,1.0,1.0,1.0,1.0,1.0,1.0,1.0,1.0,1.0,1.0,1.0,1.0,1.0,1.0,1.0,1.0,1.0,1.0,1.0,1.0,1.0,1.0,1.0,1.0,1.0,1.0,1.0,1.0,1.0,1.0,1.0,1.0,1.0,1.0,1.0,1.0,1.0,1.0,1.0,1.0,1.0,1.0,1.0,1.0,1.0,1.0,1.0,1.0,1.0,1.0,1.0,1.0,1.0,1.0,1.0,1.0,1.0,1.0,1.0,1.0,1.0,1.0,1.0,1.0,1.0,1.0,1.0,1.0,1.0,1.0,1.0,1.0,1.0,1.0,1.0,1.0,1.0,1.0,1.0,1.0,1.0,1.0,1.0,1.0,1.0,1.0,1.0,1.0,1.0,1.0,1.0,1.0,1.0,1.0,1.0,1.0,1.0,1.0,1.4409666100988459,1.1353261943534676,0.8631932979922724,1.0594248258453471,1.9707443664364108,1.659497717098244,0.9985868723609657,0.8546537744738667,0.8450973703233079,0.9260854732657819,0.9094250823872779,0.9067620981849015,0.796014941131542,0.7765084260929603,0.9760462549244223,1.1734522855824467,0.8810404382964983,0.8160044228231191,0.8340926787931086,0.9140332313742339,1.1105172142345963,1.5049561935823172,0.98644849600545,1.1938125997758755,0.8021823600997404,0.9682259852536068,1.2913728467253804,0.8275165126365229,1.1435957657347928,1.0977089546520715,0.9178716568617702,1.59619272991963,0.9054625343282574,1.3378184015202135,1.1889731605951122,1.1283747596488043,1.2042415428703082,0.7453675633452487,1.030188183471306,0.8153823201316702,1.018336849277532,1.0616012022708037,1.1293889607441976,0.8517186396183012,1.0023912950992968,1.4061738715138172,0.9495791206044192,0.8160724099960441,0.9317076519914431,0.833888378624119,1.1646836142943167,0.9882602277491404,1.2397455376977287,1.3333670782006712,2.091331365281171,1.1662422030944486,0.8762012000476691,0.7780547924172287,0.8911991198139207,1.126184503143056,1.1968968649615734,0.9001442070094563,0.7927137192864169,1.0221388889108183,0.8922109246160222,1.0380694555441692,0.8722483714981917,0.96428863324479,0.682511676076341,0.9874448164770813,1.1660885715842066,1.1828841542430275,0.9395014044448393,1.0713808968287069,1.0450623921176592,0.9897961847315373,0.9803614017069757,1.0488348052127385,0.8901499782505975,0.8381338034264212,0.8710305150543872,1.08613452143498,1.1111147811353463,0.91439785617383,1.2120462850118014,1.1481535924118784,1.0791231801862244,0.8770014654946893,0.7629865761512868,1.2402388886756244,1.0894330744284588,0.9754130720876528,1.0021741418046464,0.9911722508866663,0.7032386409772129,1.0969987165948631,1.0982234696711581,0.9842314796016187,0.9183782356912353,0.8119119378116268,0.995211197456253,0.995494437993903,0.9924098233514969,0.8237083694153989,1.0454063587305031,0.9320296636348218,1.032569196491109,1.0791315449676993,0.9638105369336638,0.9141032720768121,1.039908354379211,1.0603972199459584,1.3526513901948976,0.9897335047947118,2.6452370646734433,0.651763397779928,0.8695157293379522,2.0685953009247138,1.1403432906474125,2.043358707241591,1.0703089498558622,0.9460862358000475,1.2145950837980801,0.8770799327139982,1.0843470960440293,1.3198666472147154,1.62493938506899,1.1468645771432793,1.236161402289956,1.095419921098526,1.4209571253072462,0.96001776010586,0.8083106073243685,1.1308270489621943,0.6568826000339854,1.0869777415326998,0.8134173827356872,0.8847051168440131,1.572363854799215,1.028476745098894,2.317741789381553,0.8816072843404856,1.2790235830592995,0.7960415852587792,0.9021357082555249,0.8647672112778608,1.1256579202669355,1.3553694861603374,0.9455249079205492,0.9728760212206364,0.981174264083287,0.8709137456004239,1.093597843092782,2.3281462131688246,1.3996991491500865,1.7698712580786609,1.7975861429373052,0.6538517087359533,1.6109580122751204,1.4067866583311648,1.2547259277690412,1.0850098943328645,1.2705064035879852,1.269389445811083,1.2908518296281883,1.1390535602340692,1.8169913569957115,1.1251027605316357,1.5546032393623195,1.2473636373960078,1.2956896618197786,1.6531549835489565,2.3206092959604323,1.166475791719917,1.313288867468275,2.1315320282416073,1.5199422853087465,1.0001557788894428,1.0363186610279294
1.0,1.0,1.0,1.0,1.0,1.0,1.0,1.0,1.0,1.0,1.0,1.0,1.0,1.0,1.0,1.0,1.0,1.0,1.0,1.0,1.0,1.0,1.0,1.0,1.0,1.0,1.0,1.0,1.0,1.0,1.0,1.0,1.0,1.0,1.0,1.0,1.0,1.0,1.0,1.0,1.0,1.0,1.0,1.0,1.0,1.0,1.0,1.0,1.0,1.0,1.0,1.0,1.0,1.0,1.0,1.0,1.0,1.0,1.0,1.0,1.0,1.0,1.0,1.0,1.0,1.0,1.0,1.0,1.0,1.0,1.0,1.0,1.0,1.0,1.0,1.0,1.0,1.0,1.0,1.0,1.0,1.0,1.0,1.0,1.0,1.0,1.0,1.0,1.0,1.0,1.0,1.0,1.0,1.0,1.0,1.0,1.0,1.0,1.0,1.0,1.0,1.0,1.0,1.0,1.0,1.0,1.0,1.0,1.0,1.0,1.0,1.0,1.0,1.0,1.0,1.0,1.0,1.0,1.0,1.0,1.0,1.0,1.0,1.0,1.0,1.0,1.0,1.0,1.0,1.0,1.0,1.0,1.0,1.0,1.0,1.0,1.0,1.0,1.0,1.0,1.0,1.0,1.0,1.0,1.0,1.0,1.0,1.0,1.0,1.0,1.0,1.0,1.0,1.0,1.0,1.0,1.0,1.0,1.0,1.0,1.0,1.0,1.0,1.0,1.0,1.0,1.0,1.0,1.0,1.0,1.0,1.0,1.0,1.0,1.0,1.0,1.0,1.0,1.0,1.0,1.0,1.0,1.0,1.0,1.0,1.0,1.0,1.0,1.0,1.0,1.0,1.0,1.0,1.0,1.0,1.0,1.0,1.0,1.0,1.0,1.0,1.0,1.0,1.0,1.0,1.0,1.0,1.0,1.0,1.0,1.0,1.0,1.0,1.0,1.0,1.0,1.0,1.0,1.0,1.0,1.0,1.0,1.0,1.0,1.0,1.0,1.0,1.0,1.0,1.0,1.0,1.0,1.0,1.0,1.0,1.0,1.0,1.0,1.0,1.0,1.0,1.0,1.0,1.0,1.0,1.0,1.0,1.0,1.0,1.0,1.0,1.0,1.0,1.0,1.0,1.0,1.0,1.0,1.0,1.0,1.0,1.0,1.0,1.0,1.0,1.0,1.0,1.0,1.0,1.0,1.0,1.0,1.0,1.0,0.7913272342995136,0.5987019723369937,0.7351346904053528,1.3731407760079293,1.1504596229074417,0.6914511240661534,0.5927296877113154,0.5876176729527525,0.642660015273149,0.6329656568375388,0.6294462927912501,0.5531150876398372,0.538454077620854,0.6755289778226343,0.8141472489087711,0.6108367266540761,0.5674974157381354,0.5787813731868661,0.634225264170992,0.7688175378137898,1.040910304192343,0.6844668892552495,0.8275805129187184,0.5566593379860321,0.6701098414458029,0.9029397494389619,0.5758368270555312,0.793192175987356,0.7605799688430099,0.6382425169736108,1.101864392599499,0.6285370682931666,0.9265755526952614,0.8237471378121795,0.782692827101799,0.8373436710252203,0.5179763871026112,0.7144390306827587,0.565738240835258,0.7091768945374954,0.7361166004562207,0.7832958579650176,0.5910320395681663,0.6947936055395135,0.9749715822449057,0.658441248347054,0.568675207564792,0.6506639799814906,0.5791403281455316,0.8078675954034168,0.6854007159660744,0.8593555929538664,0.9247356872539072,1.452979005819199,0.8118727472961496,0.6085990440804465,0.5411231794976202,0.618574126289175,0.7790864923431067,0.8294570132429246,0.6247415865608535,0.5506607980867163,0.707334957964938,0.6209965352182216,0.7206903853122612,0.603823284773275,0.6701926598663983,0.47481514296376326,0.6811607308866359,0.8113283178537918,0.8192965202893874,0.6523369770368569,0.7439175456170395,0.725539120805543,0.6870215926066379,0.6793954949555536,0.7270810288702829,0.6174251901936328,0.5808199405736624,0.600977258400526,0.7508114363228922,0.7756435105502215,0.6351441591643623,0.8411676310054632,0.7920708539447345,0.7481264837383137,0.6102791901446998,0.5303895751492913,0.861197383909411,0.7592704065279139,0.6766273884202814,0.6990452663309422,0.68940393891515,0.48881123704086205,0.7617451732835243,0.7735451346705619,0.6859135757022349,0.64012111075132,0.5648456833551614,0.6920467991370087,0.6929042563652303,0.689354066668704,0.5714795805625528,0.7265605652241491,0.6494024130756701,0.7199034595884226,0.7556356490533769,0.6734126345862264,0.6393903306254454,0.7227676271892696,0.7382695500817043,0.9357927490105971,0.6889227511415013,1.837589447216795,0.45310339368674546,0.6063983888641249,1.4346800679564586,0.7901966352156689,1.4116647244429597,0.7424373452087697,0.657470999925134,0.8440714762021256,0.6085730654780043,0.7523557320515762,0.918924949603731,1.1357370652807321,0.7967841450926182,0.8566591277560907,0.7616022942889066,0.9965168983556585,0.6658533446609834,0.5622010840227449,0.7868333079017258,0.45876393203662513,0.7601356566565785,0.5685183086991175,0.6160117114014683,1.0956712963302444,0.7162333162882336,1.6164298924016296,0.6111021738316923,0.8879531260061415,0.5526637610089972,0.6284870697697496,0.5996912435298349,0.7806292575560666,0.9405735466168827,0.6559192358330511,0.6753747363373039,0.679502855612445,0.6071977157583694,0.7581667275513723,1.6158737836144796,0.9707210087827729,1.2134357913705718,1.2457808659687244,0.4552212521686179,1.1240730066360682,0.976681530305906,0.8706198573514988,0.7506018176643514,0.8807577911369128,0.8803500504833008,0.895449844495869,0.7881306562137482,1.2656803950482938,0.7841568685568175,1.0821551538068654,0.8625415778173895,0.8992558640636555,1.1474662466613963,1.6362901803884298,0.814095631377806,0.9111046349240118,1.4736071634553798,1.0532404729327425,0.6970570748777507,0.719771315833257
1.0,1.0,1.0,1.0,1.0,1.0,1.0,1.0,1.0,1.0,1.0,1.0,1.0,1.0,1.0,1.0,1.0,1.0,1.0,1.0,1.0,1.0,1.0,1.0,1.0,1.0,1.0,1.0,1.0,1.0,1.0,1.0,1.0,1.0,1.0,1.0,1.0,1.0,1.0,1.0,1.0,1.0,1.0,1.0,1.0,1.0,1.0,1.0,1.0,1.0,1.0,1.0,1.0,1.0,1.0,1.0,1.0,1.0,1.0,1.0,1.0,1.0,1.0,1.0,1.0,1.0,1.0,1.0,1.0,1.0,1.0,1.0,1.0,1.0,1.0,1.0,1.0,1.0,1.0,1.0,1.0,1.0,1.0,1.0,1.0,1.0,1.0,1.0,1.0,1.0,1.0,1.0,1.0,1.0,1.0,1.0,1.0,1.0,1.0,1.0,1.0,1.0,1.0,1.0,1.0,1.0,1.0,1.0,1.0,1.0,1.0,1.0,1.0,1.0,1.0,1.0,1.0,1.0,1.0,1.0,1.0,1.0,1.0,1.0,1.0,1.0,1.0,1.0,1.0,1.0,1.0,1.0,1.0,1.0,1.0,1.0,1.0,1.0,1.0,1.0,1.0,1.0,1.0,1.0,1.0,1.0,1.0,1.0,1.0,1.0,1.0,1.0,1.0,1.0,1.0,1.0,1.0,1.0,1.0,1.0,1.0,1.0,1.0,1.0,1.0,1.0,1.0,1.0,1.0,1.0,1.0,1.0,1.0,1.0,1.0,1.0,1.0,1.0,1.0,1.0,1.0,1.0,1.0,1.0,1.0,1.0,1.0,1.0,1.0,1.0,1.0,1.0,1.0,1.0,1.0,1.0,1.0,1.0,1.0,1.0,1.0,1.0,1.0,1.0,1.0,1.0,1.0,1.0,1.0,1.0,1.0,1.0,1.0,1.0,1.0,1.0,1.0,1.0,1.0,1.0,1.0,1.0,1.0,1.0,1.0,1.0,1.0,1.0,1.0,1.0,1.0,1.0,1.0,1.0,1.0,1.0,1.0,1.0,1.0,1.0,1.0,1.0,1.0,1.0,1.0,1.0,1.0,1.0,1.0,1.0,1.0,1.0,1.0,1.0,1.0,1.0,1.0,1.0,1.0,1.0,1.0,1.0,1.0,1.0,1.0,1.0,1.0,1.0,1.0,1.0,1.0,1.0,1.0,1.0,1.0,0.7480669320075091,0.9207269847887929,1.7333475150486621,1.436997219859549,0.8622105487897741,0.7403570773721477,0.7382218556527751,0.8033796013101978,0.7978005558633122,0.7883862490662106,0.6949038480615769,0.6737658034290497,0.8414058195680618,1.0196230671001756,0.7627619022638069,0.713199002482666,0.7260695340193488,0.7933877970279162,0.9575156337682824,1.2930887315951993,0.8548904082983413,1.0346984962096069,0.6958502741853086,0.8360074738498915,1.148058907197881,0.7249704834825197,0.9918690137056736,0.9481757376724316,0.8021539712653287,1.3627949989480186,0.7858642833701988,1.1519839663499423,1.028426616406915,0.978266629742992,1.054384092529311,0.6504957744134496,0.892777372576949,0.7079839793585172,0.8950665844920015,0.920685550964035,0.9802925327621868,0.7399646752402143,0.863850953996122,1.2181897342483845,0.8236979509599478,0.7184289401398505,0.8257799782359329,0.7248110206848943,1.0095054533589016,0.8571143787361524,1.0750273025778063,1.1538337677360224,1.8238747550875645,1.0218843729697618,0.7628877410369649,0.681686973265013,0.7750550493168455,0.9686810381287345,1.0359921795934337,0.782670086305465,0.6911694258730843,0.8803096658186489,0.7831091981058059,0.9021109111086694,0.7529175812159852,0.8430777040669184,0.5962321979865284,0.8392975280140924,1.0202901154088608,1.0204874114147588,0.8193418552242696,0.9314230167976727,0.9099530442532461,0.8611761901117638,0.8483456468464657,0.9070033992299226,0.7720751698735075,0.7258044481764336,0.7454238235292721,0.9300273691611323,0.9850067631897464,0.7965979349261622,1.0524608300003069,0.9801270452038882,0.9351916739281021,0.7695534236700925,0.6670280866535978,1.0782297304302082,0.9607311536787433,0.8489471015575188,0.8842518608099368,0.8681317240030292,0.6136855836490449,0.9530763037741526,0.9966132855816981,0.8673046809091063,0.8095367449209134,0.7112344308754532,0.8703416877584182,0.8734822864742449,0.864104615716862,0.7152169214814013,0.914017922027242,0.8221020821666085,0.9106795279592454,0.9628932595658941,0.8554073792465823,0.8140480108117192,0.9096434446146767,0.9312362151697202,1.1657901261949042,0.8679722751798612,2.2818199810754627,0.5694792964645233,0.7676873676315885,1.7995018394914208,0.9843279274202528,1.7516506594578196,0.9300090005562491,0.8287115654875549,1.0591932077958013,0.7616625483221326,0.9427567144851485,1.160766731528961,1.4554042715638202,1.0013627252726198,1.0704423868579274,0.9585803076859617,1.2763820933665435,0.833273022270474,0.7073868347132635,0.992215735869109,0.5818413298638823,0.9690672642461624,0.7228911545342693,0.7771655004609572,1.3873388489869525,0.9024990870934065,2.0470340539829754,0.7629144115716667,1.111716126477106,0.6919342393599222,0.7925439263946679,0.7495101493971572,0.9761222759200106,1.1777077607098965,0.8220825670148796,0.8453300363427259,0.8501958043304868,0.7697906686717653,0.9461992766693283,2.0284817665470465,1.2141947638912884,1.4891593728643038,1.5497021595518061,0.5740581445533467,1.4249262658699497,1.2237321388750078,1.0898109126524438,0.9325954440207909,1.1006678363231173,1.0996348848625037,1.1190844265186046,0.9800754950457347,1.596251070602245,0.9925892201835931,1.3563875744725657,1.0730589702249362,1.126289039926803,1.4400658956623733,2.1196087202615943,1.0356822149852105,1.140037022530668,1.836964569639537,1.3161597885207634,0.8813462748666958,0.9024961225099781
1.0,1.0,1.0,1.0,1.0,1.0,1.0,1.0,1.0,1.0,1.0,1.0,1.0,1.0,1.0,1.0,1.0,1.0,1.0,1.0,1.0,1.0,1.0,1.0,1.0,1.0,1.0,1.0,1.0,1.0,1.0,1.0,1.0,1.0,1.0,1.0,1.0,1.0,1.0,1.0,1.0,1.0,1.0,1.0,1.0,1.0,1.0,1.0,1.0,1.0,1.0,1.0,1.0,1.0,1.0,1.0,1.0,1.0,1.0,1.0,1.0,1.0,1.0,1.0,1.0,1.0,1.0,1.0,1.0,1.0,1.0,1.0,1.0,1.0,1.0,1.0,1.0,1.0,1.0,1.0,1.0,1.0,1.0,1.0,1.0,1.0,1.0,1.0,1.0,1.0,1.0,1.0,1.0,1.0,1.0,1.0,1.0,1.0,1.0,1.0,1.0,1.0,1.0,1.0,1.0,1.0,1.0,1.0,1.0,1.0,1.0,1.0,1.0,1.0,1.0,1.0,1.0,1.0,1.0,1.0,1.0,1.0,1.0,1.0,1.0,1.0,1.0,1.0,1.0,1.0,1.0,1.0,1.0,1.0,1.0,1.0,1.0,1.0,1.0,1.0,1.0,1.0,1.0,1.0,1.0,1.0,1.0,1.0,1.0,1.0,1.0,1.0,1.0,1.0,1.0,1.0,1.0,1.0,1.0,1.0,1.0,1.0,1.0,1.0,1.0,1.0,1.0,1.0,1.0,1.0,1.0,1.0,1.0,1.0,1.0,1.0,1.0,1.0,1.0,1.0,1.0,1.0,1.0,1.0,1.0,1.0,1.0,1.0,1.0,1.0,1.0,1.0,1.0,1.0,1.0,1.0,1.0,1.0,1.0,1.0,1.0,1.0,1.0,1.0,1.0,1.0,1.0,1.0,1.0,1.0,1.0,1.0,1.0,1.0,1.0,1.0,1.0,1.0,1.0,1.0,1.0,1.0,1.0,1.0,1.0,1.0,1.0,1.0,1.0,1.0,1.0,1.0,1.0,1.0,1.0,1.0,1.0,1.0,1.0,1.0,1.0,1.0,1.0,1.0,1.0,1.0,1.0,1.0,1.0,1.0,1.0,1.0,1.0,1.0,1.0,1.0,1.0,1.0,1.0,1.0,1.0,1.0,1.0,1.0,1.0,1.0,1.0,1.0,1.0,1.0,1.0,1.0,1.0,1.0,1.0,1.0,1.2271005156258092,2.2900210255897937,1.920065575353136,1.1547010098014412,0.9895839537126454,0.9808024185147766,1.0729409412806579,1.057348116308678,1.0514249731940741,0.9237650270564952,0.8994355059536243,1.1276844631824803,1.3585529040780826,1.020017588027492,0.9476135033182249,0.9669959666837624,1.0594948815983782,1.2836086383471046,1.7380261258099017,1.1419197061249506,1.3816253223518005,0.9294121160744735,1.1193492186831797,1.507519766637917,0.962415750681276,1.3239404498041702,1.2703422101079782,1.065857832713478,1.8392551763712275,1.0494623059683619,1.5465829219584952,1.3756171620210838,1.3067438737993475,1.3971077063793302,0.8651032676185721,1.193344201242322,0.9452323051472453,1.1848037907203395,1.2291353095410331,1.3082003563670552,0.9870448972415427,1.1591054974758714,1.6273234847764917,1.100267738774843,0.9504628051728494,1.0868579107281184,0.9668296691500666,1.348599888705788,1.144109531039149,1.4353898614377698,1.5431265875278608,2.4274615159699353,1.3562967198194467,1.0164119845126716,0.9038339965927213,1.0331879443328975,1.3008375170174316,1.3845817328096939,1.0432141882382886,0.9196291088987778,1.1815041551517882,1.0370225348730995,1.202528995326802,1.0084781491351529,1.1189455973245381,0.792758533021864,1.1364855156141869,1.3557071195311792,1.3677778147576607,1.0900692203947657,1.2423302486152747,1.2106817223772492,1.1478699288544432,1.1347193959619166,1.2145888728851348,1.0310794307825861,0.9707705643080357,1.004806323628869,1.2534929444508354,1.2966525046339896,1.0606627349890494,1.4040021461713814,1.3219930095784436,1.2493599028212838,1.0193047915757378,0.8856858762857093,1.43827572875412,1.2677078414988108,1.130339720488653,1.1674696938500695,1.1518292269164456,0.81631536462125,1.2716261155708235,1.2893190850000567,1.1455202869653516,1.0694178528317935,0.9438368185047539,1.155557491253095,1.1572540320309956,1.1511526149397269,0.9538028930733492,1.2144543738838038,1.0848011809897078,1.2019428088258615,1.2626342363487053,1.1253344642221204,1.068531939404723,1.2074156028150145,1.2331009505564143,1.5626840318696815,1.1510594108847365,3.0635273989096854,0.7568322251213622,1.0125656662425386,2.394904629560262,1.318647394125211,2.35676296273141,1.2402597665113326,1.0990160656224288,1.4092210083721202,1.0164917218572862,1.2569819335100902,1.5336408187094523,1.8943491338185225,1.3303679023260608,1.4326426088499802,1.272811760374903,1.6634876358727628,1.111933701090333,0.9383259909930856,1.3149135183202108,0.7661269157738755,1.2693236748699352,0.9494470741049527,1.028406315972736,1.8294976426636371,1.196012091529,2.69708250151705,1.0205778303261397,1.4829264430379197,0.9230225117119689,1.0498251451803602,1.0017567003709347,1.3033743220727003,1.5702910720285868,1.0951001066237827,1.1271726601209673,1.1350521822502815,1.013915625512798,1.2653633658667176,2.7011513233399005,1.6216734909073562,2.0261443173128075,2.08239790555863,0.760086260744532,1.8751665851661508,1.6295519247161636,1.4533573503742823,1.2533526963097021,1.4706629305706556,1.4708036875471162,1.4956164966462135,1.3163124316042527,2.1126188857837156,1.3106072474328438,1.8042969758078566,1.4397039716590068,1.50133426209949,1.917120856869298,2.7353309275707605,1.3600064751374896,1.5216469978643217,2.4600572213750143,1.7581747171265734,1.1631116032152446,1.2023723150334464
1.0,1.0,1.0,1.0,1.0,1.0,1.0,1.0,1.0,1.0,1.0,1.0,1.0,1.0,1.0,1.0,1.0,1.0,1.0,1.0,1.0,1.0,1.0,1.0,1.0,1.0,1.0,1.0,1.0,1.0,1.0,1.0,1.0,1.0,1.0,1.0,1.0,1.0,1.0,1.0,1.0,1.0,1.0,1.0,1.0,1.0,1.0,1.0,1.0,1.0,1.0,1.0,1.0,1.0,1.0,1.0,1.0,1.0,1.0,1.0,1.0,1.0,1.0,1.0,1.0,1.0,1.0,1.0,1.0,1.0,1.0,1.0,1.0,1.0,1.0,1.0,1.0,1.0,1.0,1.0,1.0,1.0,1.0,1.0,1.0,1.0,1.0,1.0,1.0,1.0,1.0,1.0,1.0,1.0,1.0,1.0,1.0,1.0,1.0,1.0,1.0,1.0,1.0,1.0,1.0,1.0,1.0,1.0,1.0,1.0,1.0,1.0,1.0,1.0,1.0,1.0,1.0,1.0,1.0,1.0,1.0,1.0,1.0,1.0,1.0,1.0,1.0,1.0,1.0,1.0,1.0,1.0,1.0,1.0,1.0,1.0,1.0,1.0,1.0,1.0,1.0,1.0,1.0,1.0,1.0,1.0,1.0,1.0,1.0,1.0,1.0,1.0,1.0,1.0,1.0,1.0,1.0,1.0,1.0,1.0,1.0,1.0,1.0,1.0,1.0,1.0,1.0,1.0,1.0,1.0,1.0,1.0,1.0,1.0,1.0,1.0,1.0,1.0,1.0,1.0,1.0,1.0,1.0,1.0,1.0,1.0,1.0,1.0,1.0,1.0,1.0,1.0,1.0,1.0,1.0,1.0,1.0,1.0,1.0,1.0,1.0,1.0,1.0,1.0,1.0,1.0,1.0,1.0,1.0,1.0,1.0,1.0,1.0,1.0,1.0,1.0,1.0,1.0,1.0,1.0,1.0,1.0,1.0,1.0,1.0,1.0,1.0,1.0,1.0,1.0,1.0,1.0,1.0,1.0,1.0,1.0,1.0,1.0,1.0,1.0,1.0,1.0,1.0,1.0,1.0,1.0,1.0,1.0,1.0,1.0,1.0,1.0,1.0,1.0,1.0,1.0,1.0,1.0,1.0,1.0,1.0,1.0,1.0,1.0,1.0,1.0,1.0,1.0,1.0,1.0,1.0,1.0,1.0,1.0,1.0,1.0,1.0,1.8745734647692218,1.563207414604495,0.9385887380753521,0.8048607014481001,0.7994697221909599,0.8725662724010719,0.8611422028768598,0.855119207840992,0.7524324051208678,0.7312794865026062,0.9168761123051066,1.107369446612049,0.8294286078772135,0.7721743542874837,0.7867121975111682,0.8609487913193667,1.043056842852486,1.4115405354211412,0.9293862594882809,1.1254476791988803,0.7554669665810695,0.909524359568995,1.2334022988917361,0.782955328929047,1.0777204742804525,1.0316467567065155,0.8677868413492111,1.4929571244835058,0.8532222092039069,1.2547863337302694,1.1187444528099095,1.063028091127065,1.1414157801214608,0.7042558137591088,0.969900708193357,0.7682009996989393,0.9653964199527854,1.0000943728443978,1.0644101662946257,0.802808386097609,0.9415821811688971,1.3255821059272723,0.8940168740435951,0.774002348473719,0.8873776618052298,0.7866523507221644,1.0968734197230998,0.9314871801185634,1.1679645337120823,1.2547189490612936,1.9757688970677079,1.103948471833004,0.8269346341174384,0.7367918938169258,0.8405072860713416,1.056633117250028,1.1269074565313306,0.8488979497257427,0.7489299363184448,0.9596440375324324,0.8457690449648337,0.9791056617493926,0.8194701886790147,0.9126552979363147,0.6452760664785638,0.9213141789205046,1.1029183551124238,1.1111048563248784,0.8876626262113653,1.010279920966899,0.9866496766889106,0.9333954586527891,0.9225401949916463,0.9857747492636718,0.838627425912406,0.7885942809024737,0.81351390499732,1.0167289882743118,1.057804642636631,0.8632768648355911,1.1434491954415917,1.0739938867879717,1.0163669314837986,0.8308418232707109,0.7217913863213721,1.1701945711620654,1.0356966565519348,0.920361311807378,0.9527196082376501,0.9384917619291087,0.6645248483182168,1.0345668831140564,1.0616705752392737,0.9348738871236997,0.8726329320368386,0.7681979378939237,0.9416182344677534,0.9434428720873298,0.9365360285567608,0.777092448005168,0.9891017880618562,0.8854170887993986,0.9813503948911325,1.0312862297369665,0.91827149487,0.8724894307103913,0.9839524904632506,1.0054337816351153,1.2701783749928421,0.937156465433056,2.4892516826436895,0.6163696336994448,0.8274763922555273,1.9529450201925784,1.071854763993871,1.9139707990675723,1.009047846073879,0.8951380613502882,1.1481967394999129,0.8268476464861587,1.02212272848455,1.2537441620735024,1.5605977771537094,1.0850022873189142,1.162663548095282,1.0366445809356666,1.3646943611915483,0.9049007112464141,0.7655180937255702,1.0707034985003567,0.6256045326430156,1.0401349811850995,0.7761763455927141,0.8390537856309684,1.4952527829185591,0.9749466531070985,2.2072880336393848,0.8293099856764592,1.2062848194683,0.7505202077847302,0.854796162618026,0.8143110351494387,1.060364004453238,1.2784164231119286,0.8916330169127162,0.9177504003804903,0.9236195885753025,0.8287033027307105,1.0292461188242803,2.199330217681717,1.3188593893774212,1.640203183820209,1.687957516557975,0.6198163185343561,1.535407309441328,1.3287563960555444,1.1831505091222267,1.0176430855953762,1.196560296524319,1.194839642784582,1.215417906488479,1.0683712350305634,1.7237793002632844,1.0690062444090094,1.469814896268258,1.1713200505627015,1.2224177230678195,1.5601268599957023,2.2489729963901195,1.1124900369264732,1.2377976721677122,1.9990043208380674,1.4306367470761847,0.9503809975460866,0.977976298274271
1.0,1.0,1.0,1.0,1.0,1.0,1.0,1.0,1.0,1.0,1.0,1.0,1.0,1.0,1.0,1.0,1.0,1.0,1.0,1.0,1.0,1.0,1.0,1.0,1.0,1.0,1.0,1.0,1.0,1.0,1.0,1.0,1.0,1.0,1.0,1.0,1.0,1.0,1.0,1.0,1.0,1.0,1.0,1.0,1.0,1.0,1.0,1.0,1.0,1.0,1.0,1.0,1.0,1.0,1.0,1.0,1.0,1.0,1.0,1.0,1.0,1.0,1.0,1.0,1.0,1.0,1.0,1.0,1.0,1.0,1.0,1.0,1.0,1.0,1.0,1.0,1.0,1.0,1.0,1.0,1.0,1.0,1.0,1.0,1.0,1.0,1.0,1.0,1.0,1.0,1.0,1.0,1.0,1.0,1.0,1.0,1.0,1.0,1.0,1.0,1.0,1.0,1.0,1.0,1.0,1.0,1.0,1.0,1.0,1.0,1.0,1.0,1.0,1.0,1.0,1.0,1.0,1.0,1.0,1.0,1.0,1.0,1.0,1.0,1.0,1.0,1.0,1.0,1.0,1.0,1.0,1.0,1.0,1.0,1.0,1.0,1.0,1.0,1.0,1.0,1.0,1.0,1.0,1.0,1.0,1.0,1.0,1.0,1.0,1.0,1.0,1.0,1.0,1.0,1.0,1.0,1.0,1.0,1.0,1.0,1.0,1.0,1.0,1.0,1.0,1.0,1.0,1.0,1.0,1.0,1.0,1.0,1.0,1.0,1.0,1.0,1.0,1.0,1.0,1.0,1.0,1.0,1.0,1.0,1.0,1.0,1.0,1.0,1.0,1.0,1.0,1.0,1.0,1.0,1.0,1.0,1.0,1.0,1.0,1.0,1.0,1.0,1.0,1.0,1.0,1.0,1.0,1.0,1.0,1.0,1.0,1.0,1.0,1.0,1.0,1.0,1.0,1.0,1.0,1.0,1.0,1.0,1.0,1.0,1.0,1.0,1.0,1.0,1.0,1.0,1.0,1.0,1.0,1.0,1.0,1.0,1.0,1.0,1.0,1.0,1.0,1.0,1.0,1.0,1.0,1.0,1.0,1.0,1.0,1.0,1.0,1.0,1.0,1.0,1.0,1.0,1.0,1.0,1.0,1.0,1.0,1.0,1.0,1.0,1.0,1.0,1.0,1.0,1.0,1.0,1.0,1.0,1.0,1.0,1.0,1.0,1.0,1.0,0.8207301613611112,0.490469779963,0.4215791720853116,0.4216425936427257,0.4571480255811495,0.4536873606328237,0.4485141417004996,0.39595750634696936,0.38314357694459783,0.47957440457596906,0.582888756376361,0.43419490861570736,0.40707717467756577,0.41269565919636897,0.4502069354933006,0.5447087051188024,0.7359448295922355,0.4877851544006673,0.5906345533503468,0.39578510806791134,0.4748515940486676,0.6589991396524104,0.41130402013084666,0.5658173157550457,0.5388005164989291,0.45653257851332474,0.7761643075709932,0.4470560689007231,0.6535821730879016,0.5856213471871757,0.557558862954614,0.6055743279807702,0.3703536325894334,0.507891098178157,0.40219297025103534,0.5093438615506991,0.5247049045693426,0.5584477306713986,0.420937838398485,0.49198160947081415,0.6963088794478645,0.4675634579327896,0.4084160650068023,0.47149355418018296,0.41291384216249444,0.5749780621507163,0.48919151403468863,0.6124930769581022,0.6566565310432264,1.0389270162365953,0.581037883500492,0.4340948263891171,0.38854026042490697,0.440833010472063,0.5511117432240453,0.5912859868026661,0.44561126389747596,0.39382834747059836,0.5006189441530774,0.4469818480357546,0.5147936961066201,0.4280120594905847,0.4818893528171846,0.33948713087682914,0.47663474193067684,0.5800845555147799,0.5799099563116034,0.4661409128805766,0.5299206375973549,0.5197889234000784,0.4891468593477498,0.48277392654760265,0.5146908886085986,0.4394904940123649,0.4117868548861836,0.42067711384387346,0.5277479003353698,0.5601302990787462,0.45375832685386497,0.6008900541631725,0.5587703076840215,0.5327669987805103,0.4381158447955388,0.3805441375858518,0.6139791133717334,0.5494435256773258,0.484077115040516,0.5049519365337418,0.49443365861502087,0.3491569833516592,0.542955382709823,0.5767956872380666,0.49545848706462375,0.4613885655006028,0.40377116568249527,0.49637189423637373,0.49826897617480115,0.4917695879096058,0.4085298045339373,0.5200032192805508,0.46912745234869235,0.5204348314134339,0.5484693016593738,0.4872182460342288,0.4635125538288233,0.5180373494884796,0.5316284531238691,0.6630706181295972,0.49308737259963514,1.3008816740368467,0.32444520981062386,0.4391171481917465,1.030920455864612,0.5603751238756478,0.997153915574845,0.5295898942584113,0.47140308241266493,0.6046946883132943,0.4334718179630922,0.5361968125720882,0.6664284711446002,0.8426876404213359,0.5731958467585248,0.6059060231959887,0.5449686361829806,0.7343401898108953,0.4750072857126253,0.4047696410138375,0.5627230335992581,0.33220696677760014,0.5564177879824415,0.41340797459536205,0.44402042191545943,0.7949516812579456,0.5146682755261665,1.1760796104424092,0.43358490719122245,0.6323233189964226,0.393382921260168,0.44992398783819637,0.42614818968053736,0.5558739711371916,0.6715841553712761,0.4688041551992036,0.4821737028464472,0.48386651937193703,0.44050072300896803,0.5396433975779772,1.1554925936581144,0.6911651149094126,0.8433298044940135,0.8766732738601541,0.3271776809267119,0.820287905541395,0.7000525739503936,0.6215250569636295,0.5301593128003554,0.6271038163635894,0.6241421129191109,0.636303884134324,0.5557245292799862,0.9117074107452736,0.5661072575116575,0.7752190640846597,0.6122053429003377,0.6422084017788217,0.8185809699540452,1.2176284163258466,0.5932485428533091,0.6490602698307828,1.0448254840367455,0.7508056698929585,0.5046331056912196,0.513127147869797
1.0,1.0,1.0,1.0,1.0,1.0,1.0,1.0,1.0,1.0,1.0,1.0,1.0,1.0,1.0,1.0,1.0,1.0,1.0,1.0,1.0,1.0,1.0,1.0,1.0,1.0,1.0,1.0,1.0,1.0,1.0,1.0,1.0,1.0,1.0,1.0,1.0,1.0,1.0,1.0,1.0,1.0,1.0,1.0,1.0,1.0,1.0,1.0,1.0,1.0,1.0,1.0,1.0,1.0,1.0,1.0,1.0,1.0,1.0,1.0,1.0,1.0,1.0,1.0,1.0,1.0,1.0,1.0,1.0,1.0,1.0,1.0,1.0,1.0,1.0,1.0,1.0,1.0,1.0,1.0,1.0,1.0,1.0,1.0,1.0,1.0,1.0,1.0,1.0,1.0,1.0,1.0,1.0,1.0,1.0,1.0,1.0,1.0,1.0,1.0,1.0,1.0,1.0,1.0,1.0,1.0,1.0,1.0,1.0,1.0,1.0,1.0,1.0,1.0,1.0,1.0,1.0,1.0,1.0,1.0,1.0,1.0,1.0,1.0,1.0,1.0,1.0,1.0,1.0,1.0,1.0,1.0,1.0,1.0,1.0,1.0,1.0,1.0,1.0,1.0,1.0,1.0,1.0,1.0,1.0,1.0,1.0,1.0,1.0,1.0,1.0,1.0,1.0,1.0,1.0,1.0,1.0,1.0,1.0,1.0,1.0,1.0,1.0,1.0,1.0,1.0,1.0,1.0,1.0,1.0,1.0,1.0,1.0,1.0,1.0,1.0,1.0,1.0,1.0,1.0,1.0,1.0,1.0,1.0,1.0,1.0,1.0,1.0,1.0,1.0,1.0,1.0,1.0,1.0,1.0,1.0,1.0,1.0,1.0,1.0,1.0,1.0,1.0,1.0,1.0,1.0,1.0,1.0,1.0,1.0,1.0,1.0,1.0,1.0,1.0,1.0,1.0,1.0,1.0,1.0,1.0,1.0,1.0,1.0,1.0,1.0,1.0,1.0,1.0,1.0,1.0,1.0,1.0,1.0,1.0,1.0,1.0,1.0,1.0,1.0,1.0,1.0,1.0,1.0,1.0,1.0,1.0,1.0,1.0,1.0,1.0,1.0,1.0,1.0,1.0,1.0,1.0,1.0,1.0,1.0,1.0,1.0,1.0,1.0,1.0,1.0,1.0,1.0,1.0,1.0,1.0,1.0,1.0,1.0,1.0,1.0,1.0,1.0,1.0,0.6003030835584995,0.5145147652951578,0.510525203837982,0.5576032899141079,0.5494331540233391,0.5463888799661104,0.4804296624046641,0.46745947471168126,0.5867657680383042,0.7076382157360157,0.5302731278934042,0.49296373044449826,0.502544571225712,0.5501696277913922,0.6673871822444466,0.9036012612203465,0.5939400441052991,0.7192027607455349,0.48289743100549654,0.5817282916778943,0.7859133847665442,0.4995089589545533,0.6887602593739032,0.6599914498407743,0.5539812206618013,0.9565190203870491,0.5452968698663889,0.8027570950297108,0.715456592279515,0.6797324784475546,0.7289337018556472,0.4497438810701343,0.6201652875006967,0.49099345801820626,0.6159299190257213,0.6393454485411009,0.6804530446707356,0.5130019518094362,0.6023605225673879,0.8472776320242019,0.5715497288106677,0.4937556356231408,0.5655299213500554,0.5026057698239164,0.701194352061506,0.5955159069704377,0.7468068499531482,0.8022406557374492,1.262297035146053,0.704470542360458,0.5282754842617134,0.4702764502508133,0.537043087502228,0.6763439399300067,0.7204603602718771,0.5424793046319425,0.4782733817770053,0.6139173224105922,0.5397074370080119,0.6257834930289201,0.5242212489960086,0.5826353794563284,0.41187290336806315,0.5904498712680394,0.7040532123321636,0.7106520988280017,0.5667880861647687,0.6455630022738075,0.6306100012976863,0.596217128682634,0.589928112714942,0.6305323915140878,0.5360477118180862,0.5040448003138114,0.5209539547043553,0.6509957095383339,0.6733126239408631,0.5515915509115245,0.7308102008761941,0.6882236070067418,0.6498696750265631,0.5301654416434948,0.46089660604179583,0.7475075036615721,0.6602299555615014,0.5880240373549896,0.6074442623761551,0.5987447139969106,0.42420988349188715,0.6611882960098805,0.6736789639863088,0.5962903572193234,0.5561867256154551,0.48991688907421116,0.6011928346459207,0.6020023607940578,0.5982879213129951,0.4965155805964614,0.6313822387995904,0.5645895974439201,0.6255610196800409,0.6563837396452062,0.5851187896644081,0.5553699922632133,0.6278511755427089,0.6416296061930403,0.8124979990033814,0.5981148884391714,1.5913573239516254,0.39352849726286954,0.5272803705799181,1.2488990733721033,0.6854544662268218,1.2258816109681239,0.6450476827444872,0.5712431775456479,0.7332540320298294,0.5283756724722681,0.6531624126174453,0.7997310891013144,0.9929713076562654,0.6931242036529426,0.7431929516913434,0.6614147280659599,0.868183795762895,0.5784682496815268,0.48879517916760207,0.6824768133937791,0.39857656552990284,0.6621788009560654,0.4943899010348911,0.5353477285338447,0.9529617256296841,0.6218352159259743,1.4066633276330736,0.5303732550858389,0.7703746462121714,0.47952211591452143,0.5448825467222034,0.5205279218760821,0.6777583904226265,0.8169375589824044,0.5699058327635416,0.5865366665235069,0.5905196332209702,0.528250589787822,0.6583462589094307,1.4045889115599375,0.8432759365067075,1.0530057817885707,1.0782047436533821,0.3954073579455377,0.978561667311687,0.8486794699401925,0.7562752246004709,0.6512454081377727,0.7648440237017089,0.7638472064477517,0.7771193968517245,0.6835834505807188,1.0996631370227972,0.6814936685585462,0.937982190851465,0.7496201330341741,0.7811713576489205,0.9965012710160339,1.4267951462468966,0.7088169808575056,0.7911318813130013,1.2796159835253085,0.9150110368564349,0.6061640007695135,0.6246980899510379
1.0,1.0,1.0,1.0,1.0,1.0,1.0,1.0,1.0,1.0,1.0,1.0,1.0,1.0,1.0,1.0,1.0,1.0,1.0,1.0,1.0,1.0,1.0,1.0,1.0,1.0,1.0,1.0,1.0,1.0,1.0,1.0,1.0,1.0,1.0,1.0,1.0,1.0,1.0,1.0,1.0,1.0,1.0,1.0,1.0,1.0,1.0,1.0,1.0,1.0,1.0,1.0,1.0,1.0,1.0,1.0,1.0,1.0,1.0,1.0,1.0,1.0,1.0,1.0,1.0,1.0,1.0,1.0,1.0,1.0,1.0,1.0,1.0,1.0,1.0,1.0,1.0,1.0,1.0,1.0,1.0,1.0,1.0,1.0,1.0,1.0,1.0,1.0,1.0,1.0,1.0,1.0,1.0,1.0,1.0,1.0,1.0,1.0,1.0,1.0,1.0,1.0,1.0,1.0,1.0,1.0,1.0,1.0,1.0,1.0,1.0,1.0,1.0,1.0,1.0,1.0,1.0,1.0,1.0,1.0,1.0,1.0,1.0,1.0,1.0,1.0,1.0,1.0,1.0,1.0,1.0,1.0,1.0,1.0,1.0,1.0,1.0,1.0,1.0,1.0,1.0,1.0,1.0,1.0,1.0,1.0,1.0,1.0,1.0,1.0,1.0,1.0,1.0,1.0,1.0,1.0,1.0,1.0,1.0,1.0,1.0,1.0,1.0,1.0,1.0,1.0,1.0,1.0,1.0,1.0,1.0,1.0,1.0,1.0,1.0,1.0,1.0,1.0,1.0,1.0,1.0,1.0,1.0,1.0,1.0,1.0,1.0,1.0,1.0,1.0,1.0,1.0,1.0,1.0,1.0,1.0,1.0,1.0,1.0,1.0,1.0,1.0,1.0,1.0,1.0,1.0,1.0,1.0,1.0,1.0,1.0,1.0,1.0,1.0,1.0,1.0,1.0,1.0,1.0,1.0,1.0,1.0,1.0,1.0,1.0,1.0,1.0,1.0,1.0,1.0,1.0,1.0,1.0,1.0,1.0,1.0,1.0,1.0,1.0,1.0,1.0,1.0,1.0,1.0,1.0,1.0,1.0,1.0,1.0,1.0,1.0,1.0,1.0,1.0,1.0,1.0,1.0,1.0,1.0,1.0,1.0,1.0,1.0,1.0,1.0,1.0,1.0,1.0,1.0,1.0,1.0,1.0,1.0,1.0,1.0,1.0,1.0,1.0,1.0,1.0,0.8563653658070571,0.8477386797605823,0.9282966336957319,0.9130835237985071,0.9090719333158206,0.7984933718629844,0.77798125644541,0.976494362640456,1.1754117412068683,0.8825777411465842,0.8187575568670642,0.8360326373172904,0.916164923957685,1.1113947803879174,1.505264756130913,0.9882540409582348,1.1959218511461647,0.8037237015750474,0.9690358339282314,1.2994046749563883,0.8312998915440871,1.1456703644780712,1.0993392302551879,0.9209642901755092,1.5952261079756265,0.907568090667583,1.338736379185303,1.1905528983897216,1.1305129223322785,1.2075033549958047,0.7476074364174662,1.0321900800704336,0.8173065211423043,1.023079206651302,1.0633376813930535,1.131473248261449,0.8536421379089558,1.0030364447374862,1.4085744133742328,0.9517929248374695,0.8202412947335709,0.9371299201980439,0.8360082766442652,1.1667004634483775,0.9898206951383599,1.241743346030465,1.335228917756355,2.0982051781711215,1.1712583328093065,0.878635851513061,0.780821492645837,0.8934357640390982,1.1266202315103409,1.1981973876919887,0.9021276504064661,0.7950994649980845,1.0230345205647018,0.8957127043376943,1.0397628785758235,0.8731223478085607,0.9671348935636352,0.6848722950667834,0.9859806647158667,1.1705716305347709,1.184035269606933,0.9424506794568536,1.0741706789441017,1.0469718080915735,0.9923905043654851,0.9818960902335834,1.05039338586687,0.8919936649256553,0.8399503814496463,0.8706342727438354,1.0864934434478934,1.1182011767990534,0.9167208305560233,1.2147310952604258,1.1465709270668003,1.0808560916408596,0.8806498969812244,0.7652153096672029,1.2438421691813277,1.0944337473262316,0.9774648823185417,1.0073507355657536,0.9950593754983756,0.7055259892468795,1.0993921177176769,1.1091054778263807,0.9889094108359485,0.9231756979978786,0.8151139165036091,0.9986778983587388,0.9995769883681145,0.9951309043972478,0.8252434809896795,1.0496119759515823,0.9362505896689661,1.037336757193175,1.0878697035969287,0.9700039628457982,0.9207494061186242,1.0435146577706786,1.0648817961310635,1.3540309010086196,0.9940829119713555,2.6508374844826963,0.6539812089167132,0.8742405554001051,2.071526755386186,1.1416390543049264,2.0423727354132755,1.0724071936876634,0.9494091989810984,1.2183423612356652,0.8792343978959549,1.0865247261406485,1.3250285301534588,1.6337816601302646,1.1497685728499665,1.2394405484794921,1.1000405464527505,1.4325576225732437,0.9617465389440567,0.8108946959896435,1.1360077653139724,0.66080967467921,1.0945867129433167,0.8185556368024277,0.8880412594501984,1.579884088162316,1.032819762943504,2.3285762791508278,0.8829181777756384,1.2824645155605396,0.7980216820869561,0.9065271374493562,0.8665740673327826,1.1275110772166546,1.3580509222277084,0.9469300339742445,0.9748038119197462,0.9825463799118536,0.8751716238173607,1.0946461083703058,2.3344924770891717,1.4024039459947883,1.7608815319747688,1.8021599863007722,0.6566179029852014,1.6188222450035803,1.4097470403590855,1.2569369751149544,1.085815740593687,1.2726351700050473,1.2725344521069735,1.293454779323598,1.1402261933001467,1.8252235582261571,1.1309607097776726,1.5585566634444123,1.247420445415573,1.2984933882886287,1.6579119842094672,2.3491825683759826,1.173284494124715,1.3159991775257,2.12840132649144,1.52118746095926,1.0045252386929346,1.0393315329597022
1.0,1.0,1.0,1.0,1.0,1.0,1.0,1.0,1.0,1.0,1.0,1.0,1.0,1.0,1.0,1.0,1.0,1.0,1.0,1.0,1.0,1.0,1.0,1.0,1.0,1.0,1.0,1.0,1.0,1.0,1.0,1.0,1.0,1.0,1.0,1.0,1.0,1.0,1.0,1.0,1.0,1.0,1.0,1.0,1.0,1.0,1.0,1.0,1.0,1.0,1.0,1.0,1.0,1.0,1.0,1.0,1.0,1.0,1.0,1.0,1.0,1.0,1.0,1.0,1.0,1.0,1.0,1.0,1.0,1.0,1.0,1.0,1.0,1.0,1.0,1.0,1.0,1.0,1.0,1.0,1.0,1.0,1.0,1.0,1.0,1.0,1.0,1.0,1.0,1.0,1.0,1.0,1.0,1.0,1.0,1.0,1.0,1.0,1.0,1.0,1.0,1.0,1.0,1.0,1.0,1.0,1.0,1.0,1.0,1.0,1.0,1.0,1.0,1.0,1.0,1.0,1.0,1.0,1.0,1.0,1.0,1.0,1.0,1.0,1.0,1.0,1.0,1.0,1.0,1.0,1.0,1.0,1.0,1.0,1.0,1.0,1.0,1.0,1.0,1.0,1.0,1.0,1.0,1.0,1.0,1.0,1.0,1.0,1.0,1.0,1.0,1.0,1.0,1.0,1.0,1.0,1.0,1.0,1.0,1.0,1.0,1.0,1.0,1.0,1.0,1.0,1.0,1.0,1.0,1.0,1.0,1.0,1.0,1.0,1.0,1.0,1.0,1.0,1.0,1.0,1.0,1.0,1.0,1.0,1.0,1.0,1.0,1.0,1.0,1.0,1.0,1.0,1.0,1.0,1.0,1.0,1.0,1.0,1.0,1.0,1.0,1.0,1.0,1.0,1.0,1.0,1.0,1.0,1.0,1.0,1.0,1.0,1.0,1.0,1.0,1.0,1.0,1.0,1.0,1.0,1.0,1.0,1.0,1.0,1.0,1.0,1.0,1.0,1.0,1.0,1.0,1.0,1.0,1.0,1.0,1.0,1.0,1.0,1.0,1.0,1.0,1.0,1.0,1.0,1.0,1.0,1.0,1.0,1.0,1.0,1.0,1.0,1.0,1.0,1.0,1.0,1.0,1.0,1.0,1.0,1.0,1.0,1.0,1.0,1.0,1.0,1.0,1.0,1.0,1.0,1.0,1.0,1.0,1.0,1.0,1.0,1.0,1.0,1.0,1.0,1.0,0.9911613856677975,1.084209287412255,1.0677518993590465,1.061862749643434,0.9331929293289059,0.9083123628473498,1.1393088922830072,1.373138923584729,1.0304404170493318,0.9573202895833026,0.9763878279355189,1.0697661317347844,1.2967283976058268,1.7557638063783525,1.1546145252990094,1.3964760023234304,0.938729180772436,1.130394196376868,1.523220018138085,0.9717974259219797,1.3381332743035959,1.2829102780761676,1.076659301341878,1.8590720313254243,1.0601148651265482,1.5623493461319722,1.38963197129012,1.3201460022593046,1.4124222659830992,0.8737438211782325,1.2051091496604864,0.9543445364166125,1.1963635304073121,1.2416817497098944,1.3212743711182109,0.9970045674634473,1.1712834811560895,1.645014009386512,1.1109170738505734,0.9594117606393291,1.0975616747802686,0.9768435963803577,1.3624108727638413,1.1560089233284947,1.4496470087349183,1.5592498263278545,2.4514649940047057,1.3697101542086223,1.0265735375015592,0.912844538420216,1.0435092929984227,1.3141084868635837,1.399133542546354,1.0537344681982166,0.9290802792436204,1.193431705228214,1.0476084410991948,1.2149440441165233,1.0186060112226576,1.130728826069642,0.8009143575119755,1.1487405445021341,1.368667491387221,1.3818007359049636,1.1009031181658793,1.254822204247975,1.2232368615224622,1.15908472823376,1.146159755065672,1.2260743569869854,1.0415538449251116,0.9801954686460457,1.0140015883362028,1.2665985188830549,1.3094035746706054,1.0711479613155235,1.4189306512038609,1.3359218144358296,1.2619429086414988,1.0296189658035084,0.8945774636119963,1.4531390746684083,1.2810721321841423,1.141680858879777,1.1793088757190924,1.1633796150207272,0.8246403995554372,1.2845336110900794,1.3050527293992813,1.1571877850853562,1.0802112231866556,0.9530926708483223,1.1675046450347275,1.1690738008988122,1.1626957649525937,0.9640982300013572,1.2264072772188284,1.095555099055684,1.2144123542851577,1.275033171705968,1.1359428835313095,1.0789179030484133,1.219647200023768,1.2455893261171815,1.5793607485751748,1.162143429398222,3.0985986330300714,0.764432275857241,1.0234724526720693,2.4196968890971933,1.3326508377572588,2.3811049786188443,1.2523055820021378,1.1095486971534423,1.4240410235893253,1.026776610344766,1.2689678882550253,1.550737697499132,1.9159523448870859,1.3440805304201178,1.4460765287014101,1.2855711526444407,1.6812092144750914,1.1231460832342832,0.9482684075921388,1.328230491492865,0.7739971082245107,1.2830866478011989,0.9590752068747392,1.039025463536089,1.84934751047583,1.2084172734855962,2.727139898627303,1.0306089969890366,1.4983136180341423,0.9321925007495714,1.0604901810350333,1.0117244382859643,1.3166531335750964,1.586484266404483,1.1060646779119834,1.138885630442957,1.146566142582144,1.0244269981518106,1.2782578279573138,2.7266730759109183,1.6374884064439033,2.046259081085866,2.103465232918034,0.767914007775049,1.8967417442424033,1.647607817798996,1.4682045986621906,1.266441186355041,1.4859138648276595,1.4852965493737176,1.510267952407112,1.3298103872919693,2.135301383996003,1.3235126814848412,1.8243936289462415,1.4549969867831671,1.5167783375558037,1.9361960073513016,2.7623605869038714,1.3740261953798796,1.5368770011052528,2.4832619934840565,1.7760305938100864,1.1757078976544413,1.2142511510567862
1.0,1.0,1.0,1.0,1.0,1.0,1.0,1.0,1.0,1.0,1.0,1.0,1.0,1.0,1.0,1.0,1.0,1.0,1.0,1.0,1.0,1.0,1.0,1.0,1.0,1.0,1.0,1.0,1.0,1.0,1.0,1.0,1.0,1.0,1.0,1.0,1.0,1.0,1.0,1.0,1.0,1.0,1.0,1.0,1.0,1.0,1.0,1.0,1.0,1.0,1.0,1.0,1.0,1.0,1.0,1.0,1.0,1.0,1.0,1.0,1.0,1.0,1.0,1.0,1.0,1.0,1.0,1.0,1.0,1.0,1.0,1.0,1.0,1.0,1.0,1.0,1.0,1.0,1.0,1.0,1.0,1.0,1.0,1.0,1.0,1.0,1.0,1.0,1.0,1.0,1.0,1.0,1.0,1.0,1.0,1.0,1.0,1.0,1.0,1.0,1.0,1.0,1.0,1.0,1.0,1.0,1.0,1.0,1.0,1.0,1.0,1.0,1.0,1.0,1.0,1.0,1.0,1.0,1.0,1.0,1.0,1.0,1.0,1.0,1.0,1.0,1.0,1.0,1.0,1.0,1.0,1.0,1.0,1.0,1.0,1.0,1.0,1.0,1.0,1.0,1.0,1.0,1.0,1.0,1.0,1.0,1.0,1.0,1.0,1.0,1.0,1.0,1.0,1.0,1.0,1.0,1.0,1.0,1.0,1.0,1.0,1.0,1.0,1.0,1.0,1.0,1.0,1.0,1.0,1.0,1.0,1.0,1.0,1.0,1.0,1.0,1.0,1.0,1.0,1.0,1.0,1.0,1.0,1.0,1.0,1.0,1.0,1.0,1.0,1.0,1.0,1.0,1.0,1.0,1.0,1.0,1.0,1.0,1.0,1.0,1.0,1.0,1.0,1.0,1.0,1.0,1.0,1.0,1.0,1.0,1.0,1.0,1.0,1.0,1.0,1.0,1.0,1.0,1.0,1.0,1.0,1.0,1.0,1.0,1.0,1.0,1.0,1.0,1.0,1.0,1.0,1.0,1.0,1.0,1.0,1.0,1.0,1.0,1.0,1.0,1.0,1.0,1.0,1.0,1.0,1.0,1.0,1.0,1.0,1.0,1.0,1.0,1.0,1.0,1.0,1.0,1.0,1.0,1.0,1.0,1.0,1.0,1.0,1.0,1.0,1.0,1.0,1.0,1.0,1.0,1.0,1.0,1.0,1.0,1.0,1.0,1.0,1.0,1.0,1.0,1.0,1.0,1.0894295106034875,1.077657233335031,1.0679770537686064,0.940550324185194,0.9131732819102913,1.1432921108199836,1.383129522754112,1.0348567099444663,0.9653843749237386,0.9826549282943945,1.0744721141741596,1.3004743577639608,1.7585668969823152,1.1610380870097945,1.4040635542795692,0.9434759414761101,1.1341077456460469,1.5487224950541307,0.979189791793211,1.3458649893686079,1.2868584742406375,1.0852128573152893,1.857775441349953,1.0654880952786074,1.5650162757188557,1.3956034584050756,1.3272480887334985,1.4287912965158074,0.8803628321382015,1.21073689354828,0.959051054934043,1.2081633227666284,1.2487495147516015,1.32892558680255,1.0026926670682594,1.174769664176167,1.65405279226067,1.1158021274074974,0.9692904453762136,1.1131473715752078,0.9826589669211114,1.3693097882225647,1.1628823207823975,1.4575743403713677,1.5658070408094118,2.4695192193814526,1.3812233262215665,1.0331138505326984,0.9213869956688678,1.0498145436084516,1.3167581798475214,1.4066884049763788,1.0604510379042593,0.9358354587797948,1.1960074348334548,1.058643345543725,1.2234703739066615,1.021872951493515,1.1412565410251467,0.8071300657908487,1.1449947632453932,1.3793233904780628,1.385770783872502,1.1084502424902647,1.2620568398481413,1.2336005219403028,1.16577192570842,1.1509670884684309,1.230047912825437,1.0468323321423139,0.9836000953526994,1.012271881998548,1.2655909622509336,1.326084187040426,1.0787061028496583,1.4277206942676917,1.3356083321498633,1.268468276021502,1.0394607531240265,0.9026187843533233,1.46136453222794,1.2972108954806085,1.149974883839384,1.1938204248949196,1.173356527106893,0.8304878392301088,1.292134698642738,1.3395586850000054,1.171318670109848,1.092237010970425,0.9606882575415373,1.1778134068933612,1.180833389884797,1.1703257674492504,0.970421763797946,1.2355214298180441,1.1092994883792617,1.2297774684347582,1.2946414519056657,1.1516131945787396,1.0948527614016483,1.2298572125456733,1.2588014486917265,1.5835577688682976,1.1718988121570941,3.106064879712294,0.7705755375271719,1.0364562232482974,2.4410944750874046,1.3370564117759163,2.3837324392436177,1.2600688699594311,1.1194119095428237,1.4349565954493404,1.0322544390039907,1.276480315184897,1.5708030157591333,1.9598808527525287,1.3568174225476817,1.4496607708667375,1.295176410629614,1.7169724555225971,1.1298647808439337,0.9578115902567961,1.339252574568984,0.7845696628424139,1.305486212928359,0.9738624566328794,1.0506381238175153,1.87426037663921,1.2201608477710957,2.7665087788632543,1.0345891815121142,1.5063711096534842,0.9373515606609375,1.0699426707483648,1.016152499263306,1.3236118889034647,1.5966111990827327,1.114207570380138,1.1462042012614544,1.152603112268322,1.0386747613362637,1.2848194587105648,2.744282193706344,1.6459359444588233,2.0336963208378505,2.1023127620400386,0.7756243643957847,1.9265353867081079,1.6600219529730338,1.4776559035016035,1.2679534997101856,1.4932411402583634,1.4906971184126716,1.5172255092457758,1.3310689726702403,2.1581686942863176,1.3395022050212202,1.8405211585535715,1.4592731518722708,1.5266074651700952,1.9485659725134334,2.833461200498964,1.3960226209764586,1.545272176964552,2.4938200043536876,1.786181035137776,1.191097195857117,1.2217991184388715
1.0,1.0,1.0,1.0,1.0,1.0,1.0,1.0,1.0,1.0,1.0,1.0,1.0,1.0,1.0,1.0,1.0,1.0,1.0,1.0,1.0,1.0,1.0,1.0,1.0,1.0,1.0,1.0,1.0,1.0,1.0,1.0,1.0,1.0,1.0,1.0,1.0,1.0,1.0,1.0,1.0,1.0,1.0,1.0,1.0,1.0,1.0,1.0,1.0,1.0,1.0,1.0,1.0,1.0,1.0,1.0,1.0,1.0,1.0,1.0,1.0,1.0,1.0,1.0,1.0,1.0,1.0,1.0,1.0,1.0,1.0,1.0,1.0,1.0,1.0,1.0,1.0,1.0,1.0,1.0,1.0,1.0,1.0,1.0,1.0,1.0,1.0,1.0,1.0,1.0,1.0,1.0,1.0,1.0,1.0,1.0,1.0,1.0,1.0,1.0,1.0,1.0,1.0,1.0,1.0,1.0,1.0,1.0,1.0,1.0,1.0,1.0,1.0,1.0,1.0,1.0,1.0,1.0,1.0,1.0,1.0,1.0,1.0,1.0,1.0,1.0,1.0,1.0,1.0,1.0,1.0,1.0,1.0,1.0,1.0,1.0,1.0,1.0,1.0,1.0,1.0,1.0,1.0,1.0,1.0,1.0,1.0,1.0,1.0,1.0,1.0,1.0,1.0,1.0,1.0,1.0,1.0,1.0,1.0,1.0,1.0,1.0,1.0,1.0,1.0,1.0,1.0,1.0,1.0,1.0,1.0,1.0,1.0,1.0,1.0,1.0,1.0,1.0,1.0,1.0,1.0,1.0,1.0,1.0,1.0,1.0,1.0,1.0,1.0,1.0,1.0,1.0,1.0,1.0,1.0,1.0,1.0,1.0,1.0,1.0,1.0,1.0,1.0,1.0,1.0,1.0,1.0,1.0,1.0,1.0,1.0,1.0,1.0,1.0,1.0,1.0,1.0,1.0,1.0,1.0,1.0,1.0,1.0,1.0,1.0,1.0,1.0,1.0,1.0,1.0,1.0,1.0,1.0,1.0,1.0,1.0,1.0,1.0,1.0,1.0,1.0,1.0,1.0,1.0,1.0,1.0,1.0,1.0,1.0,1.0,1.0,1.0,1.0,1.0,1.0,1.0,1.0,1.0,1.0,1.0,1.0,1.0,1.0,1.0,1.0,1.0,1.0,1.0,1.0,1.0,1.0,1.0,1.0,1.0,1.0,1.0,1.0,1.0,1.0,1.0,1.0,1.0,1.0,0.9852217361333655,0.9792834298637092,0.8606723039274548,0.8375632751948484,1.0499298105736472,1.2659103892971073,0.9500049063845812,0.8829119554185318,0.900426101327912,0.9865776315545656,1.1951735318755552,1.6178856528537902,1.0648023420199186,1.287217186476362,0.8657057308896938,1.0420349209616575,1.405495705687115,0.896833350812045,1.2339325797241725,1.1827050543817061,0.9932709472126068,1.712810369299322,0.9777160505622428,1.4408346867113835,1.2809407734017482,1.2170558631491328,1.3022618468870029,0.8058697469604741,1.111106730529931,0.8800439868493015,1.1038211160216211,1.1448135855150277,1.218098559797221,0.9194539916635901,1.0800396048425802,1.5163629774803802,1.024358029102705,0.8853114838548761,1.0128914765383024,0.9008771279126946,1.2562318543794309,1.0656325133574591,1.3361954209938658,1.4377320287345012,2.26059696699702,1.2638870972602487,0.9468068102188094,0.8418936752445076,0.9622848506749717,1.2110861615049426,1.2898387604489328,0.9716638446727859,0.8568149601376396,1.1000878434820562,0.9663895763102375,1.120296624793232,0.9389466078156291,1.0428073512630545,0.7389796683977048,1.058374433331093,1.2626710237698546,1.2739881915679545,1.015168025290135,1.1572937312113334,1.1277499120199066,1.069033153836469,1.0566129701410958,1.1305383652641634,0.9603509974047817,0.903804294948431,0.9345817654879623,1.1673841073283147,1.2090365662418479,0.9877714165216788,1.3081615551310835,1.2301811208505136,1.1632771549210108,0.949833095760977,0.8249766898802782,1.3401557733239082,1.1819228580809267,1.0527250265734576,1.0881618544162723,1.0732555695973258,0.7607236385220936,1.1844563997936626,1.2059089093948345,1.0676087939263978,0.9967473872501521,0.8796055508481229,1.076832194147726,1.0784974801408962,1.072414508675801,0.8889010760564198,1.1309338243693068,1.0108620340810597,1.1206527418810384,1.17740666796739,1.0484782682980256,0.9962051049215441,1.1249932349955567,1.1490051906751488,1.45591469094959,1.0721405040448015,2.858363164770596,0.7050644575873968,0.944385666864755,2.229996933222857,1.228806923742578,2.1938569517596562,1.1544714903253863,1.0235341793146988,1.313343550964212,0.9467702727688787,1.1701585782142998,1.4304522624108231,1.766716780263684,1.2391166279596249,1.3334529170211433,1.185872585996367,1.551791401191264,1.035425096942709,0.874500471342749,1.2259883548745938,0.7144560955824626,1.1838909795408976,0.8851485499036623,0.9584767914845496,1.7066190280275686,1.115038155583728,2.5159849896287043,0.9501157994514253,1.3821038968258161,0.8597513332719617,0.9790384077411116,0.9328461590384846,1.2140176336360438,1.46280930382028,1.0198048349542448,1.0499769035857298,1.0569186439242944,0.9451792105960399,1.178294143402474,2.5134269734787598,1.5094501145865304,1.8838134646118654,1.9410501013264465,0.7084633064065097,1.750114492274155,1.519214038178712,1.3536180989582887,1.1673942147169394,1.369926418223732,1.369553346043208,1.3925338471239836,1.2259479250040097,1.9699910381079018,1.2212356150182055,1.6839314863034802,1.3405160690579103,1.3984510613425896,1.7855414121222728,2.551189969833948,1.267986689819222,1.4170385306555247,2.2887137068514543,1.6371246441108038,1.084651856651716,1.1199342646809483
1.0,1.0,1.0,1.0,1.0,1.0,1.0,1.0,1.0,1.0,1.0,1.0,1.0,1.0,1.0,1.0,1.0,1.0,1.0,1.0,1.0,1.0,1.0,1.0,1.0,1.0,1.0,1.0,1.0,1.0,1.0,1.0,1.0,1.0,1.0,1.0,1.0,1.0,1.0,1.0,1.0,1.0,1.0,1.0,1.0,1.0,1.0,1.0,1.0,1.0,1.0,1.0,1.0,1.0,1.0,1.0,1.0,1.0,1.0,1.0,1.0,1.0,1.0,1.0,1.0,1.0,1.0,1.0,1.0,1.0,1.0,1.0,1.0,1.0,1.0,1.0,1.0,1.0,1.0,1.0,1.0,1.0,1.0,1.0,1.0,1.0,1.0,1.0,1.0,1.0,1.0,1.0,1.0,1.0,1.0,1.0,1.0,1.0,1.0,1.0,1.0,1.0,1.0,1.0,1.0,1.0,1.0,1.0,1.0,1.0,1.0,1.0,1.0,1.0,1.0,1.0,1.0,1.0,1.0,1.0,1.0,1.0,1.0,1.0,1.0,1.0,1.0,1.0,1.0,1.0,1.0,1.0,1.0,1.0,1.0,1.0,1.0,1.0,1.0,1.0,1.0,1.0,1.0,1.0,1.0,1.0,1.0,1.0,1.0,1.0,1.0,1.0,1.0,1.0,1.0,1.0,1.0,1.0,1.0,1.0,1.0,1.0,1.0,1.0,1.0,1.0,1.0,1.0,1.0,1.0,1.0,1.0,1.0,1.0,1.0,1.0,1.0,1.0,1.0,1.0,1.0,1.0,1.0,1.0,1.0,1.0,1.0,1.0,1.0,1.0,1.0,1.0,1.0,1.0,1.0,1.0,1.0,1.0,1.0,1.0,1.0,1.0,1.0,1.0,1.0,1.0,1.0,1.0,1.0,1.0,1.0,1.0,1.0,1.0,1.0,1.0,1.0,1.0,1.0,1.0,1.0,1.0,1.0,1.0,1.0,1.0,1.0,1.0,1.0,1.0,1.0,1.0,1.0,1.0,1.0,1.0,1.0,1.0,1.0,1.0,1.0,1.0,1.0,1.0,1.0,1.0,1.0,1.0,1.0,1.0,1.0,1.0,1.0,1.0,1.0,1.0,1.0,1.0,1.0,1.0,1.0,1.0,1.0,1.0,1.0,1.0,1.0,1.0,1.0,1.0,1.0,1.0,1.0,1.0,1.0,1.0,1.0,1.0,1.0,1.0,1.0,1.0,1.0,1.0,0.9892425978301573,0.8713095718971997,0.845714996035732,1.0566648067903541,1.2787987597342312,0.957532311741507,0.8940453394641316,0.9108340585959526,0.995750559440177,1.2025989472779808,1.6250783211452506,1.073313848662972,1.2981837846168671,0.8735872874824093,1.0498801427456548,1.4355524545384004,0.9089883673213427,1.2449242419657613,1.1908224452433818,1.005889071959306,1.7142068417038518,0.986410574786285,1.4481747100544,1.2910521604976681,1.2276844629574444,1.3209792697454414,0.8157800152902677,1.1207496203556606,0.8885186917539272,1.1209340872629556,1.1555700463142249,1.2301018542531401,0.9285802810780887,1.0857665456969006,1.5284085072125384,1.033748765877955,0.8998656813108079,1.033253373334845,0.9095127456965637,1.267000701093078,1.0754474631969404,1.3489249011790843,1.4487479171457174,2.28715857337453,1.2810663630878996,0.9570069409736344,0.8540845572462663,0.9724103409734319,1.2171347780774033,1.3006161218657244,0.9819675870640563,0.8667353118420231,1.1059818842267468,0.981074609895531,1.1319880299619456,0.9455670823994268,1.0566788577612458,0.7479137519921508,1.0563727354073738,1.279388080062996,1.2820993417340767,1.0271918883068532,1.1687821787490251,1.141175173262352,1.0806253231547387,1.0650484394729502,1.1392864794866924,0.9688977563277468,0.9111882272119379,0.9378231029501759,1.1695335115031016,1.2329517385108084,0.9991350553273498,1.3201881078406779,1.2322658818267795,1.1737194655096843,0.9639358339164861,0.8361514457875625,1.3528283978739468,1.2025099405148703,1.0649945052501453,1.107067964817325,1.0880487313577158,0.7696731790565817,1.1960064603592144,1.2424523218208297,1.0858099108172934,1.0134587759165061,0.8918157469294965,1.0908885061049929,1.0944237366246425,1.0840482574411092,0.8973243264262081,1.1453696716659243,1.0292618793016135,1.1404112068874994,1.203502519119479,1.0701219854828836,1.017994990569285,1.140121774679613,1.1665196803201487,1.4642641807686156,1.087332083897936,2.86756802495565,0.7139649588904791,0.9606335275217528,2.256339711384763,1.2362906404417071,2.2020656702402457,1.1668391919531738,1.0387330919910434,1.3281432805342352,0.9557124762409115,1.1831373360661677,1.4536469236906044,1.8144928465154302,1.255331436616416,1.3439380516387565,1.2012007878241984,1.5930034681916698,1.0456226143759664,0.886446732291553,1.2438051787924844,0.7280959117061439,1.210502879545255,0.9039077058793997,0.9736309454681022,1.7369118210957266,1.1310490461090286,2.5613445770075884,0.9578296923045562,1.3952445327478245,0.8683363526944178,0.9933634489754719,0.9408221380799592,1.2250922913162166,1.4775900273284637,1.031476914573585,1.060434543218617,1.0669675452738305,0.9631252251403537,1.1880430137744336,2.5428387578602107,1.5236639939325953,1.8771882484227769,1.948009594147296,0.7190645709315878,1.7829507822658273,1.5348172886971976,1.3673412670580194,1.1720908017653784,1.3815457638819175,1.3805193419478339,1.4047835356723657,1.231567175070736,1.9991740049215303,1.243057369426072,1.702923893002721,1.3476674961127817,1.4127470608303572,1.8059741804978113,2.6379326560096232,1.2950815810872958,1.4305726271257753,2.309061289942223,1.6521889448996179,1.1031499981426467,1.1321866173104804
1.0,1.0,1.0,1.0,1.0,1.0,1.0,1.0,1.0,1.0,1.0,1.0,1.0,1.0,1.0,1.0,1.0,1.0,1.0,1.0,1.0,1.0,1.0,1.0,1.0,1.0,1.0,1.0,1.0,1.0,1.0,1.0,1.0,1.0,1.0,1.0,1.0,1.0,1.0,1.0,1.0,1.0,1.0,1.0,1.0,1.0,1.0,1.0,1.0,1.0,1.0,1.0,1.0,1.0,1.0,1.0,1.0,1.0,1.0,1.0,1.0,1.0,1.0,1.0,1.0,1.0,1.0,1.0,1.0,1.0,1.0,1.0,1.0,1.0,1.0,1.0,1.0,1.0,1.0,1.0,1.0,1.0,1.0,1.0,1.0,1.0,1.0,1.0,1.0,1.0,1.0,1.0,1.0,1.0,1.0,1.0,1.0,1.0,1.0,1.0,1.0,1.0,1.0,1.0,1.0,1.0,1.0,1.0,1.0,1.0,1.0,1.0,1.0,1.0,1.0,1.0,1.0,1.0,1.0,1.0,1.0,1.0,1.0,1.0,1.0,1.0,1.0,1.0,1.0,1.0,1.0,1.0,1.0,1.0,1.0,1.0,1.0,1.0,1.0,1.0,1.0,1.0,1.0,1.0,1.0,1.0,1.0,1.0,1.0,1.0,1.0,1.0,1.0,1.0,1.0,1.0,1.0,1.0,1.0,1.0,1.0,1.0,1.0,1.0,1.0,1.0,1.0,1.0,1.0,1.0,1.0,1.0,1.0,1.0,1.0,1.0,1.0,1.0,1.0,1.0,1.0,1.0,1.0,1.0,1.0,1.0,1.0,1.0,1.0,1.0,1.0,1.0,1.0,1.0,1.0,1.0,1.0,1.0,1.0,1.0,1.0,1.0,1.0,1.0,1.0,1.0,1.0,1.0,1.0,1.0,1.0,1.0,1.0,1.0,1.0,1.0,1.0,1.0,1.0,1.0,1.0,1.0,1.0,1.0,1.0,1.0,1.0,1.0,1.0,1.0,1.0,1.0,1.0,1.0,1.0,1.0,1.0,1.0,1.0,1.0,1.0,1.0,1.0,1.0,1.0,1.0,1.0,1.0,1.0,1.0,1.0,1.0,1.0,1.0,1.0,1.0,1.0,1.0,1.0,1.0,1.0,1.0,1.0,1.0,1.0,1.0,1.0,1.0,1.0,1.0,1.0,1.0,1.0,1.0,1.0,1.0,1.0,1.0,1.0,1.0,1.0,1.0,1.0,1.0,1.0,0.8791412907240115,0.8551952756531429,1.0712559847536722,1.292340404458494,0.9695344231683871,0.9019936263924007,0.9198907443599991,1.0072716248485285,1.2192950799799749,1.6500917840704687,1.0856844844243074,1.3137914598762725,0.8835833395733974,1.0635742674029927,1.4386170906905422,0.9162365784067843,1.259018831193054,1.2068781114529643,1.014465019683753,1.7448688548145252,0.9977490346207993,1.4686157710808598,1.3074194114561335,1.2422578986051946,1.3307085783402304,0.823212903242861,1.1343151340835607,0.898688716742012,1.1284858929582495,1.168726324788424,1.2439621438969433,0.9386485914469753,1.1009207409519046,1.5473519866127692,1.0459562116985808,0.9054062191281558,1.0365092401231033,0.9194429189264778,1.2820748160558666,1.0878949443411021,1.364730084562821,1.4665931975032584,2.309495876782667,1.291177799088429,0.9668231589134745,0.8606281571202206,0.9826247021154939,1.235319460848289,1.3162983082759439,0.9921973070967497,0.8750734443396505,1.1221807660756027,0.9877386276221615,1.143665051329075,0.9581726391059838,1.0653893794527507,0.7544527249554579,1.077309337536551,1.290338432637224,1.2993403574548386,1.0372842671205453,1.1814403049405824,1.1517658568075544,1.091788688352624,1.07848958860787,1.1539853294577278,0.9802987469203167,0.9226548856467649,0.9533116642783293,1.1893810448146462,1.236823806850393,1.0090186286148461,1.3352155417766536,1.2541851932445232,1.1877252774751996,0.9707430191732092,0.8430944497025237,1.3679448742291662,1.2085029174424757,1.075490411766308,1.1127404400883771,1.0967830393391953,0.7768110709813769,1.2091635365327225,1.2347630842305608,1.0916681083607511,1.0192384953637783,0.8986462438551828,1.0999636160423856,1.1021644255426013,1.0950038745985657,0.9071784257031156,1.1559638661698144,1.0340906761150628,1.1457680984880958,1.205178843298262,1.0733175378501751,1.0197491262940528,1.1495280806721717,1.1744926378503666,1.484582290553079,1.0958550281580663,2.909875191920124,0.7203244563002096,0.9654404213504963,2.2786598867021115,1.252887885237532,2.2371249947373584,1.1794654056237732,1.0465736578255982,1.341116895708768,0.9665942360127617,1.195608909854601,1.4618813843856613,1.8113867927690706,1.2663507334183908,1.3614378214060583,1.2117537834810843,1.5900837825163536,1.0573616056892272,0.8934430270559348,1.2523307545910876,0.7306711506495981,1.212054160825979,0.9059567909588443,0.9797211355025839,1.7447537262632786,1.1391523145380824,2.572244378355488,0.9698877697551818,1.410482217976946,0.8777516181756635,0.9999092103232117,0.9522722917871419,1.2392724602491851,1.49352789907487,1.0416793963143571,1.07193795285227,1.0792268853340152,0.9669444792027729,1.2025690742874493,2.5698955365972624,1.5417135663641839,1.9187404441031055,1.97808904385768,0.7239772920960563,1.7890906867296708,1.5504867202148793,1.3821555460383008,1.1900961450354934,1.398175050096598,1.3978391177951557,1.42162255543747,1.2499191249357968,2.0124964060753796,1.2492012795909964,1.7172742715984066,1.3674561253654502,1.4279345509223664,1.8238918989469988,2.6205089888763,1.2979478387922883,1.4469004283314935,2.337212694505415,1.671420399608697,1.1086022904867554,1.1437342278630633
1.0,1.0,1.0,1.0,1.0,1.0,1.0,1.0,1.0,1.0,1.0,1.0,1.0,1.0,1.0,1.0,1.0,1.0,1.0,1.0,1.0,1.0,1.0,1.0,1.0,1.0,1.0,1.0,1.0,1.0,1.0,1.0,1.0,1.0,1.0,1.0,1.0,1.0,1.0,1.0,1.0,1.0,1.0,1.0,1.0,1.0,1.0,1.0,1.0,1.0,1.0,1.0,1.0,1.0,1.0,1.0,1.0,1.0,1.0,1.0,1.0,1.0,1.0,1.0,1.0,1.0,1.0,1.0,1.0,1.0,1.0,1.0,1.0,1.0,1.0,1.0,1.0,1.0,1.0,1.0,1.0,1.0,1.0,1.0,1.0,1.0,1.0,1.0,1.0,1.0,1.0,1.0,1.0,1.0,1.0,1.0,1.0,1.0,1.0,1.0,1.0,1.0,1.0,1.0,1.0,1.0,1.0,1.0,1.0,1.0,1.0,1.0,1.0,1.0,1.0,1.0,1.0,1.0,1.0,1.0,1.0,1.0,1.0,1.0,1.0,1.0,1.0,1.0,1.0,1.0,1.0,1.0,1.0,1.0,1.0,1.0,1.0,1.0,1.0,1.0,1.0,1.0,1.0,1.0,1.0,1.0,1.0,1.0,1.0,1.0,1.0,1.0,1.0,1.0,1.0,1.0,1.0,1.0,1.0,1.0,1.0,1.0,1.0,1.0,1.0,1.0,1.0,1.0,1.0,1.0,1.0,1.0,1.0,1.0,1.0,1.0,1.0,1.0,1.0,1.0,1.0,1.0,1.0,1.0,1.0,1.0,1.0,1.0,1.0,1.0,1.0,1.0,1.0,1.0,1.0,1.0,1.0,1.0,1.0,1.0,1.0,1.0,1.0,1.0,1.0,1.0,1.0,1.0,1.0,1.0,1.0,1.0,1.0,1.0,1.0,1.0,1.0,1.0,1.0,1.0,1.0,1.0,1.0,1.0,1.0,1.0,1.0,1.0,1.0,1.0,1.0,1.0,1.0,1.0,1.0,1.0,1.0,1.0,1.0,1.0,1.0,1.0,1.0,1.0,1.0,1.0,1.0,1.0,1.0,1.0,1.0,1.0,1.0,1.0,1.0,1.0,1.0,1.0,1.0,1.0,1.0,1.0,1.0,1.0,1.0,1.0,1.0,1.0,1.0,1.0,1.0,1.0,1.0,1.0,1.0,1.0,1.0,1.0,1.0,1.0,1.0,1.0,1.0,1.0,1.0,1.0,0.9712575416619351,1.2157521442439032,1.4694536804120288,1.1006428141534368,1.0260459338428465,1.0453530281548362,1.14342149230166,1.3832885503183898,1.8709673092394568,1.2333797086018625,1.492794414479341,1.003172175403016,1.2069027137528414,1.6428441088783536,1.0417481159142659,1.4303428574496249,1.3689508094897338,1.1536571679741359,1.9763697978828596,1.13295426400669,1.6647806098642914,1.4843150545716155,1.4109039290271221,1.5161745513732763,0.9359999039409953,1.2877193046020143,1.0203765251529873,1.284651513500243,1.3276196138221277,1.4131609337112288,1.0662664226987526,1.2484977049232344,1.757890789408112,1.187407225963485,1.030574371773563,1.1822821186599495,1.044580623098017,1.4558015285252086,1.235994643443441,1.5502670191126267,1.6648938063011394,2.625751125185923,1.4685309398128017,1.0985690059962636,0.9796026519628375,1.1165159820506438,1.40062593037183,1.4951472131337338,1.1274826679893075,0.9949767683616819,1.2725972331363935,1.1248358380465322,1.2999135238763206,1.0872570216748076,1.2126704108899484,0.8578016465174234,1.2185460395023806,1.4669934690869817,1.474082956153504,1.1793401341585594,1.341891806946933,1.310322209770072,1.240265985167631,1.2242290472736128,1.308810654068802,1.1132694925321605,1.047050838169616,1.079048911809224,1.3469510812032919,1.410134790584941,1.146871337493358,1.5173898672351207,1.421142819563162,1.3489002665206546,1.1051093956295182,0.9592869579775507,1.5539001116456237,1.3779094442290711,1.2226878084262611,1.2681069457024647,1.2479079793670058,0.8830726909572195,1.3737188908445663,1.4173266743316555,1.2441373639498226,1.1612142800823038,1.0220011330323904,1.2516731493020006,1.2548442384371525,1.2442689715675868,1.03123730497243,1.3147014368998093,1.1786071608235185,1.306103952796891,1.375357832588619,1.2238476681243127,1.1634771879584482,1.307957790151559,1.3375312024661659,1.6845349082849883,1.2465939458294963,3.2990482297127297,0.8192149055584133,1.1008887889419583,2.592368347006696,1.4215507988642182,2.5357998005069695,1.3400915015377457,1.190742300327995,1.5249409667438223,1.0978805600395933,1.3580025781623521,1.666911798151116,2.0771043948083188,1.4412623573467145,1.5440892665873478,1.3781525176938696,1.820050145282388,1.201294036318794,1.0171897604944549,1.4250289478394165,0.8332221732426368,1.3853786989778196,1.0341387648303877,1.1159546846222312,1.9897489116405813,1.2966298446948719,2.935875681799908,1.100702751551293,1.6020818233326501,0.9969477534526159,1.1377883638593906,1.0810395028513444,1.407426396040255,1.6971959695405694,1.184180052529237,1.2181772067390428,1.2260003161137467,1.103040114210502,1.3656186851916023,2.921119797108802,1.7508261223887982,2.1674780535267235,2.2401077092082464,0.8242899570490272,2.0424292124238,1.7635188724694433,1.570649429500893,1.3489815662778906,1.5878830886555488,1.5862780374396908,1.6138568171539407,1.4167817871939676,2.29219635884577,1.4236316963674418,1.9528919274224397,1.5518224074794633,1.6228267641604481,2.0729898222745886,3.006988698293185,1.4820057200955463,1.643375735789868,2.652705750294759,1.898672472118568,1.2642108416318079,1.2994609008869968
1.0,1.0,1.0,1.0,1.0,1.0,1.0,1.0,1.0,1.0,1.0,1.0,1.0,1.0,1.0,1.0,1.0,1.0,1.0,1.0,1.0,1.0,1.0,1.0,1.0,1.0,1.0,1.0,1.0,1.0,1.0,1.0,1.0,1.0,1.0,1.0,1.0,1.0,1.0,1.0,1.0,1.0,1.0,1.0,1.0,1.0,1.0,1.0,1.0,1.0,1.0,1.0,1.0,1.0,1.0,1.0,1.0,1.0,1.0,1.0,1.0,1.0,1.0,1.0,1.0,1.0,1.0,1.0,1.0,1.0,1.0,1.0,1.0,1.0,1.0,1.0,1.0,1.0,1.0,1.0,1.0,1.0,1.0,1.0,1.0,1.0,1.0,1.0,1.0,1.0,1.0,1.0,1.0,1.0,1.0,1.0,1.0,1.0,1.0,1.0,1.0,1.0,1.0,1.0,1.0,1.0,1.0,1.0,1.0,1.0,1.0,1.0,1.0,1.0,1.0,1.0,1.0,1.0,1.0,1.0,1.0,1.0,1.0,1.0,1.0,1.0,1.0,1.0,1.0,1.0,1.0,1.0,1.0,1.0,1.0,1.0,1.0,1.0,1.0,1.0,1.0,1.0,1.0,1.0,1.0,1.0,1.0,1.0,1.0,1.0,1.0,1.0,1.0,1.0,1.0,1.0,1.0,1.0,1.0,1.0,1.0,1.0,1.0,1.0,1.0,1.0,1.0,1.0,1.0,1.0,1.0,1.0,1.0,1.0,1.0,1.0,1.0,1.0,1.0,1.0,1.0,1.0,1.0,1.0,1.0,1.0,1.0,1.0,1.0,1.0,1.0,1.0,1.0,1.0,1.0,1.0,1.0,1.0,1.0,1.0,1.0,1.0,1.0,1.0,1.0,1.0,1.0,1.0,1.0,1.0,1.0,1.0,1.0,1.0,1.0,1.0,1.0,1.0,1.0,1.0,1.0,1.0,1.0,1.0,1.0,1.0,1.0,1.0,1.0,1.0,1.0,1.0,1.0,1.0,1.0,1.0,1.0,1.0,1.0,1.0,1.0,1.0,1.0,1.0,1.0,1.0,1.0,1.0,1.0,1.0,1.0,1.0,1.0,1.0,1.0,1.0,1.0,1.0,1.0,1.0,1.0,1.0,1.0,1.0,1.0,1.0,1.0,1.0,1.0,1.0,1.0,1.0,1.0,1.0,1.0,1.0,1.0,1.0,1.0,1.0,1.0,1.0,1.0,1.0,1.0,1.0,1.0,1.2529171034362807,1.5104936059576701,1.13313510790287,1.0534363262484212,1.0752465098529316,1.1770191690107505,1.4259062055648704,1.9295323003715192,1.269152602329065,1.5352659321568858,1.0328352755516494,1.2440274870501187,1.6785090666357585,1.0700663795007481,1.4716867733106684,1.4110721447011034,1.1851489350371394,2.0414317622580986,1.1659928855367334,1.7173783362625847,1.5284485112404171,1.4521398885082055,1.554846007624388,0.9618503743538784,1.3259637099496762,1.0502932888966046,1.3179758376968893,1.366273232495675,1.454025229806919,1.097139090175641,1.2866594483938645,1.808162064937938,1.2227766078716509,1.0574000023113388,1.20992571744556,1.0742702863757514,1.4985565720494345,1.271565790064757,1.5952789640277578,1.7143789312020217,2.6986663970516127,1.5079734297943843,1.1296719256786143,1.0052870785268913,1.1484701697788078,1.444649366520828,1.5388531891899362,1.1598005662283728,1.0224312603637347,1.3119553662741616,1.1537749227501561,1.336818742854761,1.120652494285403,1.2445807134841433,0.8812265546378157,1.260141590806556,1.5068334514056612,1.5194426724046493,1.2116994352630788,1.380624215433378,1.3468933385869335,1.2759578584111582,1.2606729200790916,1.3490750145065162,1.1457915232207263,1.078457606821646,1.1157007449094296,1.3911665762877177,1.4432651029291266,1.1790554642903164,1.560335282003771,1.4674816994921887,1.388390166349362,1.1339923009772175,0.9849587228273724,1.5981386188136244,1.41074798573851,1.2572146733465035,1.298903872844875,1.2807314909526808,0.9074110135812591,1.4128963218920436,1.4384241986954365,1.2749526993965485,1.1895831360803701,1.0494403995622976,1.2851093237298528,1.287291022034265,1.279651888748088,1.0602274163730445,1.349991574612275,1.2077392379017753,1.3377796545856295,1.405607688124785,1.2527170954083533,1.1896324324025815,1.3427301747437246,1.3716882286790115,1.7366020441643966,1.2797755111829825,3.3967281361369173,0.841399528064596,1.1267647484627097,2.6644091008905315,1.464758300936565,2.6173726340576744,1.3786676885950442,1.222777726433633,1.5666417092597178,1.1295899249839487,1.397375154293707,1.7073487252369937,2.1139682637211172,1.4796239891855751,1.5911918113806693,1.4150533041105597,1.854660758275703,1.235912000637522,1.0438559786068262,1.462601565714004,0.8527747364185434,1.413857439607448,1.0571431071607202,1.1443202576822387,2.037419515161587,1.3299283573346914,3.002877896579837,1.1338134110207414,1.6477648180467328,1.025737316510965,1.1675388435440863,1.1129579588592442,1.448519357559515,1.745295740092801,1.2180388870185106,1.2527323626028368,1.2623144471686145,1.1291265568807611,1.405968944311049,3.0013191556872654,1.8016386646635432,2.249268479866812,2.3091333973767245,0.8455827027582029,2.0883992535248104,1.8115860963482269,1.6155349615618515,1.3916440348011023,1.6342137766183682,1.6337737851781602,1.661678829517619,1.4616406989066268,2.3503949170774265,1.458504752188316,2.005305283212904,1.5992523919889456,1.6687684278478279,2.1318321408563112,3.04891277853665,1.515801541150161,1.690939628929209,2.7357372723827407,1.9546389065335996,1.2949636754805613,1.336385060443686
1.0,1.0,1.0,1.0,1.0,1.0,1.0,1.0,1.0,1.0,1.0,1.0,1.0,1.0,1.0,1.0,1.0,1.0,1.0,1.0,1.0,1.0,1.0,1.0,1.0,1.0,1.0,1.0,1.0,1.0,1.0,1.0,1.0,1.0,1.0,1.0,1.0,1.0,1.0,1.0,1.0,1.0,1.0,1.0,1.0,1.0,1.0,1.0,1.0,1.0,1.0,1.0,1.0,1.0,1.0,1.0,1.0,1.0,1.0,1.0,1.0,1.0,1.0,1.0,1.0,1.0,1.0,1.0,1.0,1.0,1.0,1.0,1.0,1.0,1.0,1.0,1.0,1.0,1.0,1.0,1.0,1.0,1.0,1.0,1.0,1.0,1.0,1.0,1.0,1.0,1.0,1.0,1.0,1.0,1.0,1.0,1.0,1.0,1.0,1.0,1.0,1.0,1.0,1.0,1.0,1.0,1.0,1.0,1.0,1.0,1.0,1.0,1.0,1.0,1.0,1.0,1.0,1.0,1.0,1.0,1.0,1.0,1.0,1.0,1.0,1.0,1.0,1.0,1.0,1.0,1.0,1.0,1.0,1.0,1.0,1.0,1.0,1.0,1.0,1.0,1.0,1.0,1.0,1.0,1.0,1.0,1.0,1.0,1.0,1.0,1.0,1.0,1.0,1.0,1.0,1.0,1.0,1.0,1.0,1.0,1.0,1.0,1.0,1.0,1.0,1.0,1.0,1.0,1.0,1.0,1.0,1.0,1.0,1.0,1.0,1.0,1.0,1.0,1.0,1.0,1.0,1.0,1.0,1.0,1.0,1.0,1.0,1.0,1.0,1.0,1.0,1.0,1.0,1.0,1.0,1.0,1.0,1.0,1.0,1.0,1.0,1.0,1.0,1.0,1.0,1.0,1.0,1.0,1.0,1.0,1.0,1.0,1.0,1.0,1.0,1.0,1.0,1.0,1.0,1.0,1.0,1.0,1.0,1.0,1.0,1.0,1.0,1.0,1.0,1.0,1.0,1.0,1.0,1.0,1.0,1.0,1.0,1.0,1.0,1.0,1.0,1.0,1.0,1.0,1.0,1.0,1.0,1.0,1.0,1.0,1.0,1.0,1.0,1.0,1.0,1.0,1.0,1.0,1.0,1.0,1.0,1.0,1.0,1.0,1.0,1.0,1.0,1.0,1.0,1.0,1.0,1.0,1.0,1.0,1.0,1.0,1.0,1.0,1.0,1.0,1.0,1.0,1.0,1.0,1.0,1.0,1.0,1.0,1.203427784058027,0.9031037394607718,0.8377718775469258,0.8552877398310985,0.937000555150111,1.1376654867091118,1.5412235179257896,1.0113081524577123,1.2239906647155614,0.8223830312277511,0.9916938972766873,1.3296864018828845,0.8494270231217098,1.1723147726077334,1.1248878886323306,0.9419174310015476,1.6331822979041302,0.9284805879031938,1.3695984815646072,1.2184929699041886,1.1571213516759116,1.2365865999890375,0.7648047338280692,1.0562047176789706,0.8360829303635389,1.0462398777817137,1.088208884846181,1.1579849682799948,0.8733131057422103,1.026457110822113,1.4419154570800354,0.9735615829727918,0.8385817915816481,0.9584949895937782,0.8553391349055718,1.1940203301695265,1.013340256326945,1.2710502406414574,1.3664358218835715,2.1466584936713957,1.1975121035032454,0.8988249186773818,0.7988613776986144,0.914030096437666,1.1531863180617734,1.2266448878379803,0.9231220394144779,0.81338719773591,1.0469069152134356,0.9163311395067207,1.064412887418102,0.8935582554548193,0.9897216766950409,0.7004350059944096,1.0094270358557624,1.1971349438743826,1.2116859961543986,0.963940461440197,1.0988620615045068,1.0721498688152016,1.0149786197740749,1.0047440697182808,1.074743428921582,0.9127007566989058,0.8590144944450592,0.8905366126431393,1.1117283038853336,1.1422841248335642,0.9380827396235594,1.2433275395106111,1.174767436683347,1.106290712639784,0.9006499284600956,0.7830783377831659,1.272288549744709,1.1195840362329714,1.0002825326286913,1.0303052133579191,1.0175263126584513,0.7215074673346964,1.1251921410506287,1.1343267250056166,1.0116972187667366,0.9437427168102703,0.8330884106076442,1.0217593474541558,1.0224521273258937,1.0180264457882893,0.8447155092906484,1.0734468253260288,0.9575649838253446,1.0610388208217223,1.1113215131656866,0.991520508575409,0.9407844478774632,1.0672772444632876,1.0894058201086498,1.3854957960788887,1.0165222775142577,2.711286184684587,0.6689614318891964,0.89406743575426,2.122056760101948,1.1682355733397645,2.0912419461337874,1.0975726115291793,0.970818966432661,1.2465202888403843,0.8994674185435858,1.1116185550611792,1.3559531335569268,1.6745084440824458,1.1771889404368925,1.2670219472036282,1.1245991565282811,1.4654940151304756,0.9843547937729058,0.8300179761810134,1.1604901174207227,0.6755927488745631,1.119653647387673,0.8371408725787071,0.9086704336540843,1.6158736579290176,1.0561390069512508,2.383527810450527,0.9035504289813638,1.3113634418705558,0.8163345044137014,0.9262231596991821,0.8865483075075518,1.1538153103648552,1.3898097103685363,0.9693633104087265,0.9979583643328213,1.0054573363882766,0.8953432996033883,1.120878936813762,2.3893231326014113,1.4352160369954028,1.8039960924550553,1.8407149947813086,0.6714900271118862,1.6565811112999331,1.443016973867286,1.2866902658413515,1.110959197802613,1.302326643461706,1.3012619259487148,1.3235271509458384,1.1662187849033625,1.866813100060808,1.156380412851464,1.5939973239040959,1.2774651604550185,1.3289390757153146,1.6956895256254558,2.400478890278915,1.2000979264433629,1.346614802808926,2.180294478109417,1.557727995560249,1.0279859318512234,1.0630408527497317
1.0,1.0,1.0,1.0,1.0,1.0,1.0,1.0,1.0,1.0,1.0,1.0,1.0,1.0,1.0,1.0,1.0,1.0,1.0,1.0,1.0,1.0,1.0,1.0,1.0,1.0,1.0,1.0,1.0,1.0,1.0,1.0,1.0,1.0,1.0,1.0,1.0,1.0,1.0,1.0,1.0,1.0,1.0,1.0,1.0,1.0,1.0,1.0,1.0,1.0,1.0,1.0,1.0,1.0,1.0,1.0,1.0,1.0,1.0,1.0,1.0,1.0,1.0,1.0,1.0,1.0,1.0,1.0,1.0,1.0,1.0,1.0,1.0,1.0,1.0,1.0,1.0,1.0,1.0,1.0,1.0,1.0,1.0,1.0,1.0,1.0,1.0,1.0,1.0,1.0,1.0,1.0,1.0,1.0,1.0,1.0,1.0,1.0,1.0,1.0,1.0,1.0,1.0,1.0,1.0,1.0,1.0,1.0,1.0,1.0,1.0,1.0,1.0,1.0,1.0,1.0,1.0,1.0,1.0,1.0,1.0,1.0,1.0,1.0,1.0,1.0,1.0,1.0,1.0,1.0,1.0,1.0,1.0,1.0,1.0,1.0,1.0,1.0,1.0,1.0,1.0,1.0,1.0,1.0,1.0,1.0,1.0,1.0,1.0,1.0,1.0,1.0,1.0,1.0,1.0,1.0,1.0,1.0,1.0,1.0,1.0,1.0,1.0,1.0,1.0,1.0,1.0,1.0,1.0,1.0,1.0,1.0,1.0,1.0,1.0,1.0,1.0,1.0,1.0,1.0,1.0,1.0,1.0,1.0,1.0,1.0,1.0,1.0,1.0,1.0,1.0,1.0,1.0,1.0,1.0,1.0,1.0,1.0,1.0,1.0,1.0,1.0,1.0,1.0,1.0,1.0,1.0,1.0,1.0,1.0,1.0,1.0,1.0,1.0,1.0,1.0,1.0,1.0,1.0,1.0,1.0,1.0,1.0,1.0,1.0,1.0,1.0,1.0,1.0,1.0,1.0,1.0,1.0,1.0,1.0,1.0,1.0,1.0,1.0,1.0,1.0,1.0,1.0,1.0,1.0,1.0,1.0,1.0,1.0,1.0,1.0,1.0,1.0,1.0,1.0,1.0,1.0,1.0,1.0,1.0,1.0,1.0,1.0,1.0,1.0,1.0,1.0,1.0,1.0,1.0,1.0,1.0,1.0,1.0,1.0,1.0,1.0,1.0,1.0,1.0,1.0,1.0,1.0,1.0,1.0,1.0,1.0,1.0,1.0,0.7481885212699568,0.6967400226379957,0.7098073586125554,0.7764102269793955,0.9410832180765469,1.2731164348230282,0.8389344476581235,1.0153846439703116,0.6816939269229632,0.8205681497621861,1.1140684051083842,0.7059992877368453,0.9726834696237158,0.9306459863579719,0.7830122076079706,1.3464481587525312,0.769723641035365,1.1319168968896225,1.0093892164348626,0.9593814225514989,1.0312937015010153,0.6354541033669842,0.8750488904944916,0.69291557833539,0.8710839523344547,0.9026312291082572,0.9604918133690675,0.7243867095183305,0.8496695863440562,1.196355170652212,0.806368618422179,0.6984607158658176,0.8011051989754179,0.7097175985168716,0.9899502580477043,0.8407513950211021,1.0538280251052385,1.1319966785491955,1.782698616997474,0.9958279171981983,0.746055988700818,0.6648900327869658,0.7582880705974466,0.9532725775458682,1.0171934435091448,0.7661029141687257,0.6757393737762545,0.8654993474172998,0.7634888086120621,0.8839494229146101,0.7392918807422806,0.8238778933269482,0.5821789933550856,0.8306643958257212,0.9946769523023776,1.0022677839509373,0.800531325145867,0.9115631505018826,0.8911500371466234,0.8418890706709241,0.8322773944520523,0.8892087354829397,0.756659338491035,0.7110569057728587,0.7332499878818637,0.9166046859628185,0.9539412224413899,0.7790465600336349,1.0319347635791472,0.968873789234092,0.9170750207871647,0.7497361537646394,0.6515041596127721,1.0555117795579703,0.934919608900453,0.8306409142077926,0.8599017729901706,0.8464593032479284,0.5994238069982207,0.9333164623786074,0.960017484367047,0.8441192275963869,0.7871325328255244,0.6926818191428137,0.849867955621187,0.8514491021630138,0.845118370054686,0.7013127263549264,0.8917638297953524,0.7994393318702149,0.8859247687861528,0.930589449759283,0.8286896334976385,0.7871581943536703,0.8876811910241145,0.9075724294442277,1.145833187851784,0.8451847294618671,2.2447983585293665,0.5561138011610247,0.7468153007975884,1.7645570224730174,0.9672473910526254,1.7268474500836533,0.9105744870363199,0.8076794251731612,1.0360850142410962,0.7459111613230347,0.922196009508311,1.1325144469108883,1.411313636896716,0.9795498686247375,1.0478024326105915,0.9347403684392981,1.2335349018035056,0.8166255714035447,0.691261864961729,0.965432521772176,0.5647454536218137,0.9392584812378364,0.7007303405905982,0.7575493791775634,1.3503270616728313,0.8796471854101595,1.9934755188212794,0.7480697050596921,1.0879571058342186,0.677028938760702,0.7709274484067721,0.7344807232610616,0.9568448447114041,1.1537517566533535,0.8051096373483299,0.8283006519494982,0.8334678387476547,0.7484648638064046,0.9289818586852641,1.9828093693611861,1.1896898066364434,1.4795570181988862,1.5199620162884409,0.5594292076817249,1.3874748457843085,1.1994677345489198,1.0678627299721746,0.9178251451582105,1.079614944987727,1.0775483130316257,1.0964739421057865,0.9633284931685859,1.5563744489910107,0.9647604360602536,1.3275699736941338,1.0568669682095044,1.1032621608206339,1.4075658483079034,2.029491839628556,1.0049067640069194,1.116752444451456,1.804378349089567,1.2915614170857075,0.8586569401797766,0.8822276340730513
1.0,1.0,1.0,1.0,1.0,1.0,1.0,1.0,1.0,1.0,1.0,1.0,1.0,1.0,1.0,1.0,1.0,1.0,1.0,1.0,1.0,1.0,1.0,1.0,1.0,1.0,1.0,1.0,1.0,1.0,1.0,1.0,1.0,1.0,1.0,1.0,1.0,1.0,1.0,1.0,1.0,1.0,1.0,1.0,1.0,1.0,1.0,1.0,1.0,1.0,1.0,1.0,1.0,1.0,1.0,1.0,1.0,1.0,1.0,1.0,1.0,1.0,1.0,1.0,1.0,1.0,1.0,1.0,1.0,1.0,1.0,1.0,1.0,1.0,1.0,1.0,1.0,1.0,1.0,1.0,1.0,1.0,1.0,1.0,1.0,1.0,1.0,1.0,1.0,1.0,1.0,1.0,1.0,1.0,1.0,1.0,1.0,1.0,1.0,1.0,1.0,1.0,1.0,1.0,1.0,1.0,1.0,1.0,1.0,1.0,1.0,1.0,1.0,1.0,1.0,1.0,1.0,1.0,1.0,1.0,1.0,1.0,1.0,1.0,1.0,1.0,1.0,1.0,1.0,1.0,1.0,1.0,1.0,1.0,1.0,1.0,1.0,1.0,1.0,1.0,1.0,1.0,1.0,1.0,1.0,1.0,1.0,1.0,1.0,1.0,1.0,1.0,1.0,1.0,1.0,1.0,1.0,1.0,1.0,1.0,1.0,1.0,1.0,1.0,1.0,1.0,1.0,1.0,1.0,1.0,1.0,1.0,1.0,1.0,1.0,1.0,1.0,1.0,1.0,1.0,1.0,1.0,1.0,1.0,1.0,1.0,1.0,1.0,1.0,1.0,1.0,1.0,1.0,1.0,1.0,1.0,1.0,1.0,1.0,1.0,1.0,1.0,1.0,1.0,1.0,1.0,1.0,1.0,1.0,1.0,1.0,1.0,1.0,1.0,1.0,1.0,1.0,1.0,1.0,1.0,1.0,1.0,1.0,1.0,1.0,1.0,1.0,1.0,1.0,1.0,1.0,1.0,1.0,1.0,1.0,1.0,1.0,1.0,1.0,1.0,1.0,1.0,1.0,1.0,1.0,1.0,1.0,1.0,1.0,1.0,1.0,1.0,1.0,1.0,1.0,1.0,1.0,1.0,1.0,1.0,1.0,1.0,1.0,1.0,1.0,1.0,1.0,1.0,1.0,1.0,1.0,1.0,1.0,1.0,1.0,1.0,1.0,1.0,1.0,1.0,1.0,1.0,1.0,1.0,1.0,1.0,1.0,1.0,1.0,1.0,0.928751012600964,0.9474795152999431,1.0382781928701261,1.2583512572197688,1.7043073809661575,1.119508485835392,1.3551380903283823,0.9107058377379124,1.0970717006737005,1.4766701548572834,0.9427382532850757,1.2978519944446474,1.2449526067267358,1.044336769356714,1.8042098332547107,1.0285029882362267,1.5157167339686677,1.348543164373051,1.280791925310353,1.3693924741953722,0.8476617074058592,1.1693834767911286,0.9261876404623886,1.1606377154696024,1.2046305884076283,1.2821191555281632,0.9672648511178107,1.1363623579408784,1.5959946057643264,1.0780940500164595,0.9306447898481655,1.0643177244811228,0.9476775995417861,1.3218209500051288,1.1216120800597054,1.4069484881369205,1.5127244014538668,2.378556235742025,1.3286528906472417,0.9960068069849266,0.8856806260927879,1.0124577361197082,1.275413981061912,1.3574130549224916,1.0222657763357446,0.9013448973833516,1.158440487643173,1.0160561650049438,1.178488998958471,0.9884832806193349,1.0967245010574773,0.7767673897872005,1.1152600220945987,1.3280568567254638,1.3407486823672088,1.0685478414750942,1.217316169434549,1.1863672719769,1.124702316578488,1.1122798046712319,1.1899116278992075,1.01063175526936,0.9514297467982465,0.9846847611486043,1.2292597639115797,1.2700512136688147,1.0392952013226657,1.3765924318844212,1.2970402698273713,1.224590457767879,0.9987713905762454,0.8678719590017206,1.4098841173327117,1.2424115379626162,1.1076585267436545,1.1437785373971483,1.1288256200493958,0.8000203211439424,1.2463635665360924,1.2632674388077585,1.1221535297750709,1.0480435141608426,0.9247697312396678,1.13240187963427,1.1339297925679126,1.1279457165683875,0.9352397263815111,1.1904022062969584,1.0625152500962294,1.177596145742514,1.236381742089749,1.1017100899460543,1.0463454285098344,1.183369703488982,1.2081199139086278,1.5322595189170594,1.127740168831695,3.005728021588061,0.7416582790098534,0.9925382236006999,2.347093567836236,1.2927910309416135,2.310915101190993,1.2152884182215715,1.076566296421497,1.3814152922341645,0.9962869429805863,1.2314529400802487,1.503260736727381,1.8577570927212177,1.3038891039158325,1.4038634507643089,1.2475981078883058,1.6290583361294941,1.0898074078874262,0.9195873305018931,1.2884551243101667,0.7504368219993841,1.2439127857520003,0.9299991142366071,1.0076122286869027,1.7927749687933692,1.1720664870141035,2.6439858899603648,1.0002597901005372,1.4536627917714575,0.9044745692139833,1.028508384456057,0.9818266105163125,1.27755346913301,1.5392329568838856,1.0729548757893497,1.1048936505502125,1.112471688167156,0.9933447368847244,1.2402192917461559,2.647879552575242,1.5894264812918215,1.9876059555406413,2.042428169027689,0.7447951514649662,1.8378877496310235,1.5980877631503954,1.4244797529039008,1.228945688175271,1.4418125396189854,1.441442074520124,1.465542437658991,1.2905417621001796,2.0702567907143345,1.283692543689722,1.7683159965008477,1.4121738345184651,1.4716143232545038,1.8785137900209656,2.679079626739914,1.331988644388935,1.4913925491436288,2.4099077310782304,1.7231141241600605,1.139671491460699,1.1781667776562341
1.0,1.0,1.0,1.0,1.0,1.0,1.0,1.0,1.0,1.0,1.0,1.0,1.0,1.0,1.0,1.0,1.0,1.0,1.0,1.0,1.0,1.0,1.0,1.0,1.0,1.0,1.0,1.0,1.0,1.0,1.0,1.0,1.0,1.0,1.0,1.0,1.0,1.0,1.0,1.0,1.0,1.0,1.0,1.0,1.0,1.0,1.0,1.0,1.0,1.0,1.0,1.0,1.0,1.0,1.0,1.0,1.0,1.0,1.0,1.0,1.0,1.0,1.0,1.0,1.0,1.0,1.0,1.0,1.0,1.0,1.0,1.0,1.0,1.0,1.0,1.0,1.0,1.0,1.0,1.0,1.0,1.0,1.0,1.0,1.0,1.0,1.0,1.0,1.0,1.0,1.0,1.0,1.0,1.0,1.0,1.0,1.0,1.0,1.0,1.0,1.0,1.0,1.0,1.0,1.0,1.0,1.0,1.0,1.0,1.0,1.0,1.0,1.0,1.0,1.0,1.0,1.0,1.0,1.0,1.0,1.0,1.0,1.0,1.0,1.0,1.0,1.0,1.0,1.0,1.0,1.0,1.0,1.0,1.0,1.0,1.0,1.0,1.0,1.0,1.0,1.0,1.0,1.0,1.0,1.0,1.0,1.0,1.0,1.0,1.0,1.0,1.0,1.0,1.0,1.0,1.0,1.0,1.0,1.0,1.0,1.0,1.0,1.0,1.0,1.0,1.0,1.0,1.0,1.0,1.0,1.0,1.0,1.0,1.0,1.0,1.0,1.0,1.0,1.0,1.0,1.0,1.0,1.0,1.0,1.0,1.0,1.0,1.0,1.0,1.0,1.0,1.0,1.0,1.0,1.0,1.0,1.0,1.0,1.0,1.0,1.0,1.0,1.0,1.0,1.0,1.0,1.0,1.0,1.0,1.0,1.0,1.0,1.0,1.0,1.0,1.0,1.0,1.0,1.0,1.0,1.0,1.0,1.0,1.0,1.0,1.0,1.0,1.0,1.0,1.0,1.0,1.0,1.0,1.0,1.0,1.0,1.0,1.0,1.0,1.0,1.0,1.0,1.0,1.0,1.0,1.0,1.0,1.0,1.0,1.0,1.0,1.0,1.0,1.0,1.0,1.0,1.0,1.0,1.0,1.0,1.0,1.0,1.0,1.0,1.0,1.0,1.0,1.0,1.0,1.0,1.0,1.0,1.0,1.0,1.0,1.0,1.0,1.0,1.0,1.0,1.0,1.0,1.0,1.0,1.0,1.0,1.0,1.0,1.0,1.0,1.0,1.017692886655356,1.113201550174179,1.346388876637633,1.8212081343131028,1.2010309702997377,1.4538595025222947,0.9768906518111498,1.174352639034833,1.6029099361621784,1.014468848210617,1.3928766600732752,1.332632501007212,1.1236377431417064,1.9229201094413584,1.1032882922972818,1.6200853898931271,1.4450862790577712,1.3739477377254021,1.4778483390832173,0.9116399955764505,1.2538366137575676,0.9934894195543734,1.2514367629105791,1.292722039269382,1.3761176903516725,1.0381613030971248,1.215734905088585,1.7126022425696086,1.1557147596294468,1.0040217606871065,1.1525997675370898,1.017441712463991,1.417767369903115,1.2038486315787533,1.5095273673702745,1.6210087073285844,2.557226679410098,1.4305242045634166,1.0699179353157735,0.9542834294065168,1.0870446823977584,1.3632834768984017,1.4559450793086686,1.0978401794820039,0.9690728004867861,1.2386904309486437,1.0958987466120291,1.266121497935294,1.0580785218207662,1.1815610387902096,0.8356813139733629,1.1854102937883935,1.4292278297068735,1.4345900913902727,1.1484736488572946,1.3068335669119522,1.276001567829349,1.207517303581262,1.191922099524639,1.2741657161865154,1.0840345839452281,1.019069017746606,1.0487805891894244,1.3103992043334927,1.3740458901861443,1.1170864976445694,1.4780714262397754,1.3829470573666884,1.3134910021790704,1.0762689136943222,0.9345339384726188,1.5135879455810772,1.3430499265621425,1.190613664778402,1.236146237573561,1.2157569479385342,0.8601151408044927,1.3380266249220387,1.385017859713999,1.2124424852228963,1.1316474486736197,0.9953618241567983,1.2192082588765127,1.2225664389176207,1.2117871447991488,1.0043972750825039,1.2805141125590147,1.148459133580529,1.2730636656737793,1.3411140023347687,1.1930001748209116,1.1342687802170848,1.2739593434611882,1.3032711538446342,1.6388179040398012,1.2141350352479399,3.2145710787510398,0.798025147275953,1.0732098485548573,2.5251962548362505,1.3839789307836179,2.4674330034804477,1.304954026017566,1.1595695538189035,1.4858298690353162,1.0691153496697545,1.3224550598580214,1.624867362976027,2.027574348619363,1.4044431723098327,1.5025911519801025,1.342267496089805,1.7767050620491243,1.169890221225982,0.9912306188010529,1.3872391048944992,0.8123029802267964,1.351479159608306,1.0084669620677584,1.08754557816164,1.9395006003417405,1.263517257946436,2.863294707952111,1.0716045298675576,1.5601155440675396,0.9708381958413227,1.1080524781360361,1.0525354224331096,1.3704880154519714,1.653064542589898,1.1530628086009513,1.1866207760307004,1.1930121811058885,1.0751730952896832,1.3298814471307803,2.8459912135720202,1.7050220139206105,2.105052415946422,2.180918346028161,0.8030266645058506,1.9923662807320972,1.718141679515606,1.5297222686900915,1.3128217776258089,1.5461448466920937,1.5441867159076272,1.571404727930937,1.3783979385163851,2.23354194110167,1.3873146417343762,1.903456764730986,1.5105859242454014,1.5805863123253618,2.018093387742944,2.938756567719272,1.444652045125527,1.6003639919495911,2.5808826559957216,1.848652932371306,1.2320570263366577,1.26547960920976
1.0,1.0,1.0,1.0,1.0,1.0,1.0,1.0,1.0,1.0,1.0,1.0,1.0,1.0,1.0,1.0,1.0,1.0,1.0,1.0,1.0,1.0,1.0,1.0,1.0,1.0,1.0,1.0,1.0,1.0,1.0,1.0,1.0,1.0,1.0,1.0,1.0,1.0,1.0,1.0,1.0,1.0,1.0,1.0,1.0,1.0,1.0,1.0,1.0,1.0,1.0,1.0,1.0,1.0,1.0,1.0,1.0,1.0,1.0,1.0,1.0,1.0,1.0,1.0,1.0,1.0,1.0,1.0,1.0,1.0,1.0,1.0,1.0,1.0,1.0,1.0,1.0,1.0,1.0,1.0,1.0,1.0,1.0,1.0,1.0,1.0,1.0,1.0,1.0,1.0,1.0,1.0,1.0,1.0,1.0,1.0,1.0,1.0,1.0,1.0,1.0,1.0,1.0,1.0,1.0,1.0,1.0,1.0,1.0,1.0,1.0,1.0,1.0,1.0,1.0,1.0,1.0,1.0,1.0,1.0,1.0,1.0,1.0,1.0,1.0,1.0,1.0,1.0,1.0,1.0,1.0,1.0,1.0,1.0,1.0,1.0,1.0,1.0,1.0,1.0,1.0,1.0,1.0,1.0,1.0,1.0,1.0,1.0,1.0,1.0,1.0,1.0,1.0,1.0,1.0,1.0,1.0,1.0,1.0,1.0,1.0,1.0,1.0,1.0,1.0,1.0,1.0,1.0,1.0,1.0,1.0,1.0,1.0,1.0,1.0,1.0,1.0,1.0,1.0,1.0,1.0,1.0,1.0,1.0,1.0,1.0,1.0,1.0,1.0,1.0,1.0,1.0,1.0,1.0,1.0,1.0,1.0,1.0,1.0,1.0,1.0,1.0,1.0,1.0,1.0,1.0,1.0,1.0,1.0,1.0,1.0,1.0,1.0,1.0,1.0,1.0,1.0,1.0,1.0,1.0,1.0,1.0,1.0,1.0,1.0,1.0,1.0,1.0,1.0,1.0,1.0,1.0,1.0,1.0,1.0,1.0,1.0,1.0,1.0,1.0,1.0,1.0,1.0,1.0,1.0,1.0,1.0,1.0,1.0,1.0,1.0,1.0,1.0,1.0,1.0,1.0,1.0,1.0,1.0,1.0,1.0,1.0,1.0,1.0,1.0,1.0,1.0,1.0,1.0,1.0,1.0,1.0,1.0,1.0,1.0,1.0,1.0,1.0,1.0,1.0,1.0,1.0,1.0,1.0,1.0,1.0,1.0,1.0,1.0,1.0,1.0,1.0,1.0939020516743059,1.3237613730844173,1.7905294640104068,1.1782842049809503,1.426422486571413,0.9595396293960703,1.1552744391261183,1.564002868888638,0.9952314560244097,1.3668534393938514,1.3100889457658003,1.1020714148532138,1.8916938951597428,1.0830769980150174,1.5934982511207063,1.4196271362127573,1.348722163129927,1.445709851776174,0.8943888095327082,1.2315536034402887,0.976034682188222,1.2267943496854192,1.269206293595534,1.3510905017804031,1.019477911244853,1.1938402710599658,1.679539280535527,1.1360855016710816,0.98440124021719,1.1272446150829967,0.9981229071944635,1.3921024486358773,1.1813923305216572,1.4823999747597536,1.591980759781634,2.5082365674228626,1.4025705361121605,1.0499966788534199,0.9355168526868782,1.0673659418786197,1.3407020494421973,1.4292875732489092,1.0778171087647885,0.9505421552796351,1.2176899571930748,1.07350969857232,1.24202667174351,1.0405448751760003,1.1575639483863158,0.8192487473058,1.1677105474345728,1.401672178905576,1.4102127816879029,1.1270683629031857,1.2829201603633624,1.25160982332929,1.1859824652187467,1.1709569181212933,1.2528622716917328,1.0644939335576504,1.0020277553854384,1.0351565072309847,1.2898260737835467,1.3451130891033927,1.096120929669595,1.449574181596888,1.3609014826411638,1.2898020610688845,1.0553106813523503,0.9162562668730776,1.484901029881554,1.3139834810544735,1.168696097499108,1.2093997112995076,1.1916437139440457,0.8437217909003445,1.312806861872647,1.3433774928579556,1.186903015436128,1.1079282953518192,0.9766141011508644,1.195132640897361,1.197766261856518,1.1893161881362917,0.9850087812084046,1.2560597312061141,1.1246831879303363,1.2455225523339548,1.3105853181313245,1.167351676831073,1.109135474412181,1.2492433373592966,1.2764267943990624,1.6117646273964528,1.1910928470134363,3.1510313431050747,0.7825086170511334,1.0492458509160936,2.476161681514211,1.3597081114198992,2.42768617756677,1.281417653930112,1.1379991308184716,1.4562976923125475,1.0496207786318053,1.298894219328671,1.588448599978959,1.97392871508017,1.3757459399652352,1.4782118626079597,1.3167169520180588,1.7305482891435693,1.1483778598280416,0.9706810269503765,1.3611656111922819,0.7943339085111126,1.318410231688253,0.9853154163451092,1.064922805261605,1.8965221926601536,1.2373570626543502,2.795983955399572,1.053231127700395,1.5312487390280998,0.9531560892152967,1.086607567490831,1.033932172680727,1.3459316825905532,1.6220444782074792,1.1320358231752152,1.1643174195671293,1.1728744917930556,1.0518014553405761,1.305585431021146,2.7928138542079033,1.6741925485731197,2.0831968936535477,2.14374911111182,0.7868845510038812,1.9441515072178246,1.68356135839606,1.5011337066786417,1.2910589579200553,1.5181306220508994,1.5171251684680642,1.5434596409652048,1.3563092603532327,2.186589523903528,1.3579460703023989,1.8631568404228975,1.4843593537434796,1.5510001750813331,1.982153170210705,2.8538476287246457,1.4124520818037989,1.5713499497055636,2.5405401086031905,1.8157249990196298,1.2053734710681314,1.2422867963308728
1.0,1.0,1.0,1.0,1.0,1.0,1.0,1.0,1.0,1.0,1.0,1.0,1.0,1.0,1.0,1.0,1.0,1.0,1.0,1.0,1.0,1.0,1.0,1.0,1.0,1.0,1.0,1.0,1.0,1.0,1.0,1.0,1.0,1.0,1.0,1.0,1.0,1.0,1.0,1.0,1.0,1.0,1.0,1.0,1.0,1.0,1.0,1.0,1.0,1.0,1.0,1.0,1.0,1.0,1.0,1.0,1.0,1.0,1.0,1.0,1.0,1.0,1.0,1.0,1.0,1.0,1.0,1.0,1.0,1.0,1.0,1.0,1.0,1.0,1.0,1.0,1.0,1.0,1.0,1.0,1.0,1.0,1.0,1.0,1.0,1.0,1.0,1.0,1.0,1.0,1.0,1.0,1.0,1.0,1.0,1.0,1.0,1.0,1.0,1.0,1.0,1.0,1.0,1.0,1.0,1.0,1.0,1.0,1.0,1.0,1.0,1.0,1.0,1.0,1.0,1.0,1.0,1.0,1.0,1.0,1.0,1.0,1.0,1.0,1.0,1.0,1.0,1.0,1.0,1.0,1.0,1.0,1.0,1.0,1.0,1.0,1.0,1.0,1.0,1.0,1.0,1.0,1.0,1.0,1.0,1.0,1.0,1.0,1.0,1.0,1.0,1.0,1.0,1.0,1.0,1.0,1.0,1.0,1.0,1.0,1.0,1.0,1.0,1.0,1.0,1.0,1.0,1.0,1.0,1.0,1.0,1.0,1.0,1.0,1.0,1.0,1.0,1.0,1.0,1.0,1.0,1.0,1.0,1.0,1.0,1.0,1.0,1.0,1.0,1.0,1.0,1.0,1.0,1.0,1.0,1.0,1.0,1.0,1.0,1.0,1.0,1.0,1.0,1.0,1.0,1.0,1.0,1.0,1.0,1.0,1.0,1.0,1.0,1.0,1.0,1.0,1.0,1.0,1.0,1.0,1.0,1.0,1.0,1.0,1.0,1.0,1.0,1.0,1.0,1.0,1.0,1.0,1.0,1.0,1.0,1.0,1.0,1.0,1.0,1.0,1.0,1.0,1.0,1.0,1.0,1.0,1.0,1.0,1.0,1.0,1.0,1.0,1.0,1.0,1.0,1.0,1.0,1.0,1.0,1.0,1.0,1.0,1.0,1.0,1.0,1.0,1.0,1.0,1.0,1.0,1.0,1.0,1.0,1.0,1.0,1.0,1.0,1.0,1.0,1.0,1.0,1.0,1.0,1.0,1.0,1.0,1.0,1.0,1.0,1.0,1.0,1.0,1.0,1.210147690218056,1.6382195828374455,1.0762030032207954,1.3028625078232317,0.8764327188379302,1.0556230037854497,1.4214742458057392,0.9086035931025126,1.2480624252881025,1.197777500183283,1.0056308060807513,1.7325591444531108,0.9897531111382961,1.4584519831644849,1.2970832603139615,1.2318043823044251,1.3161060020373485,0.8160946692588923,1.1251863788950205,0.8917218522534128,1.1181926940637639,1.1588100127749164,1.2335712076468237,0.930933986941944,1.0929341939013835,1.533915571467383,1.037882042027473,0.8970649507412098,1.025522376426797,0.911794336852334,1.2716403044215945,1.078575657014519,1.353502495974928,1.4552314291364863,2.2889755861838754,1.2798833169747148,0.9588011320743165,0.852873868214734,0.9745374614654222,1.2262732161105716,1.305054999328455,0.9837504878825194,0.867438651922438,1.1141011900966957,0.978135711958433,1.1336187882365198,0.9508455434353644,1.0551840011521163,0.7478480420597773,1.0714994448655217,1.2793848175632396,1.289629660942703,1.0288616190365838,1.1717037128791086,1.1407513232762516,1.083049460446508,1.0700688615451486,1.1455527612957348,0.9723763391965032,0.9160121051449442,0.9480698333460071,1.1817869939930392,1.224984872769574,1.0003888538048087,1.3236120295721672,1.2455513001547742,1.1779726016436918,0.9619190068733842,0.83542105025681,1.3565772421609692,1.1962250109457417,1.0657262526758147,1.101562665177566,1.0871336044905173,0.7703179394407303,1.1991981016685003,1.2159906152148123,1.0803833731906403,1.0098196781164472,0.8913225016897715,1.0897824162478296,1.0916194512650068,1.0857222195038072,0.8991566211448229,1.1463404540386315,1.0235539435411836,1.1339501498859867,1.1926982134894357,1.0624287441499196,1.0093010303026693,1.1395135484995467,1.1630118869684387,1.473021840767297,1.0866967199869069,2.8895050547726004,0.7139980596037001,0.9554664435825675,2.255784982086669,1.2432733817024522,2.220745567189139,1.1695726259780068,1.037219242571559,1.3288846441916926,0.9587315814706225,1.185698906944932,1.4453784754526138,1.786039401132542,1.2538676359950232,1.352217491206154,1.2017821130798532,1.568776543126778,1.0483850018218064,0.884456981472451,1.2420289101893065,0.7230242036191916,1.1975884637510124,0.8960365181399856,0.9699429813032807,1.7250816697218037,1.1286298426001724,2.5427339137782305,0.9625920837091815,1.399292630111974,0.8707088380296458,0.9914478111716695,0.9449004953942959,1.2292345114876722,1.4808485191728193,1.0323095526387638,1.0628251636759583,1.0701963895233446,0.9564280138811803,1.1925465604729701,2.5494391759633133,1.5295224387196045,1.9094259409419831,1.9672739451685683,0.7173129337305676,1.7670982786456166,1.5362513075088897,1.3702708938334458,1.181619770227421,1.3868130570076969,1.387477355993349,1.410415741878385,1.2416254569548704,1.9927244799395127,1.2366700165078635,1.7013055329964055,1.3568831913481545,1.4157937007987083,1.8088355161135647,2.585738164853356,1.2824325739800904,1.435149807904701,2.3187618586137715,1.6569916162902092,1.0966355161257955,1.1344028323607174
1.0,1.0,1.0,1.0,1.0,1.0,1.0,1.0,1.0,1.0,1.0,1.0,1.0,1.0,1.0,1.0,1.0,1.0,1.0,1.0,1.0,1.0,1.0,1.0,1.0,1.0,1.0,1.0,1.0,1.0,1.0,1.0,1.0,1.0,1.0,1.0,1.0,1.0,1.0,1.0,1.0,1.0,1.0,1.0,1.0,1.0,1.0,1.0,1.0,1.0,1.0,1.0,1.0,1.0,1.0,1.0,1.0,1.0,1.0,1.0,1.0,1.0,1.0,1.0,1.0,1.0,1.0,1.0,1.0,1.0,1.0,1.0,1.0,1.0,1.0,1.0,1.0,1.0,1.0,1.0,1.0,1.0,1.0,1.0,1.0,1.0,1.0,1.0,1.0,1.0,1.0,1.0,1.0,1.0,1.0,1.0,1.0,1.0,1.0,1.0,1.0,1.0,1.0,1.0,1.0,1.0,1.0,1.0,1.0,1.0,1.0,1.0,1.0,1.0,1.0,1.0,1.0,1.0,1.0,1.0,1.0,1.0,1.0,1.0,1.0,1.0,1.0,1.0,1.0,1.0,1.0,1.0,1.0,1.0,1.0,1.0,1.0,1.0,1.0,1.0,1.0,1.0,1.0,1.0,1.0,1.0,1.0,1.0,1.0,1.0,1.0,1.0,1.0,1.0,1.0,1.0,1.0,1.0,1.0,1.0,1.0,1.0,1.0,1.0,1.0,1.0,1.0,1.0,1.0,1.0,1.0,1.0,1.0,1.0,1.0,1.0,1.0,1.0,1.0,1.0,1.0,1.0,1.0,1.0,1.0,1.0,1.0,1.0,1.0,1.0,1.0,1.0,1.0,1.0,1.0,1.0,1.0,1.0,1.0,1.0,1.0,1.0,1.0,1.0,1.0,1.0,1.0,1.0,1.0,1.0,1.0,1.0,1.0,1.0,1.0,1.0,1.0,1.0,1.0,1.0,1.0,1.0,1.0,1.0,1.0,1.0,1.0,1.0,1.0,1.0,1.0,1.0,1.0,1.0,1.0,1.0,1.0,1.0,1.0,1.0,1.0,1.0,1.0,1.0,1.0,1.0,1.0,1.0,1.0,1.0,1.0,1.0,1.0,1.0,1.0,1.0,1.0,1.0,1.0,1.0,1.0,1.0,1.0,1.0,1.0,1.0,1.0,1.0,1.0,1.0,1.0,1.0,1.0,1.0,1.0,1.0,1.0,1.0,1.0,1.0,1.0,1.0,1.0,1.0,1.0,1.0,1.0,1.0,1.0,1.0,1.0,1.0,1.0,1.0,1.3545765399468552,0.88866254319425,1.0752756538291615,0.722873707413123,0.8716025243761425,1.166705957137942,0.7468234588389879,1.0299476473586022,0.988857713906758,0.8278034342129226,1.435309259933779,0.8161599268672506,1.204455421178394,1.0707373148014443,1.0166632144036603,1.0849093647870147,0.6720652384628273,0.9282431708948029,0.7349651379805863,0.9192437485847245,0.9560550325736857,1.0174052246261802,0.7675384996863736,0.9024379031749797,1.2665357268533048,0.8558359956406443,0.7369579096571699,0.8416630651537829,0.7517450071191576,1.0492436300498962,0.8901531201598395,1.1166296111302372,1.2010335896227433,1.8857886062438567,1.052622923128587,0.789964873202373,0.7017549615775126,0.8032855839518624,1.0136075221207617,1.07756890079526,0.811100328181006,0.7146917229443244,0.9202854854539484,0.8047804546880848,0.9350071269434768,0.7853046382020994,0.8690620906051174,0.6156596050323682,0.8878883305504852,1.0522329416504361,1.0651241298761178,0.8470731479778972,0.9658251698286267,0.9413647764797389,0.8922032851307433,0.8830313964537669,0.9449420221693627,0.8021019715900293,0.7553414187379682,0.7834828631895154,0.9777660981918161,1.003989896572781,0.8242381988208554,1.0921723262273044,1.0321516079538358,0.9720414619263478,0.791326054086581,0.6878767147447251,1.1182075484025924,0.9831073205880486,0.8785835472612424,0.9049607631852836,0.8940809097211013,0.6342143993466647,0.9887953029661335,0.9942993963839974,0.8883882228039901,0.8291722587457354,0.7325307182375498,0.8975610846792297,0.8981542910205473,0.8946960158407234,0.7420451977566359,0.94334557201797,0.8408941056502099,0.9317371093458722,0.976391052623721,0.8709854671956454,0.8266202176483093,0.9377333946728377,0.956720989767148,1.2177268993793882,0.8935187991411235,2.384957399657705,0.5878072069222566,0.7851040778112164,1.8621255489852835,1.026876225467428,1.8376727565876458,0.9642740886588557,0.852974567371232,1.0950579568407155,0.7905185260510473,0.9768444128286861,1.1898373422490582,1.4663433805564945,1.0334080746952936,1.1145178724862594,0.9885043259801476,1.2852877334147328,0.8647855084376128,0.7287246483964316,1.0204665130195387,0.5934228916532482,0.9824210733430714,0.7349853993407769,0.7979967777926826,1.4183235509724326,0.9280137372664178,2.091313830733031,0.794237576174222,1.1528568371905321,0.7175781863403841,0.8144962663741458,0.7792783184005312,1.0139763568859026,1.221094681639643,0.8514073947285756,0.8768238998343942,0.8833381007394072,0.7858874790516843,0.984727267179766,2.099351784015897,1.261168978136772,1.5861484787072802,1.6204476245536548,0.5899382440970482,1.4531307744200335,1.2673006616855311,1.1302993810255573,0.9766770267611717,1.1443851754985706,1.1440992267493226,1.1632428643084523,1.0256601842915867,1.6396806973278562,1.0156410052431835,1.4006272048744282,1.122251898159229,1.1675677193774219,1.4903389668645435,2.1058905066039726,1.053135753641678,1.1834136128567248,1.9151634677425622,1.3682256940212736,0.9023713221127494,0.9344230629456616
1.0,1.0,1.0,1.0,1.0,1.0,1.0,1.0,1.0,1.0,1.0,1.0,1.0,1.0,1.0,1.0,1.0,1.0,1.0,1.0,1.0,1.0,1.0,1.0,1.0,1.0,1.0,1.0,1.0,1.0,1.0,1.0,1.0,1.0,1.0,1.0,1.0,1.0,1.0,1.0,1.0,1.0,1.0,1.0,1.0,1.0,1.0,1.0,1.0,1.0,1.0,1.0,1.0,1.0,1.0,1.0,1.0,1.0,1.0,1.0,1.0,1.0,1.0,1.0,1.0,1.0,1.0,1.0,1.0,1.0,1.0,1.0,1.0,1.0,1.0,1.0,1.0,1.0,1.0,1.0,1.0,1.0,1.0,1.0,1.0,1.0,1.0,1.0,1.0,1.0,1.0,1.0,1.0,1.0,1.0,1.0,1.0,1.0,1.0,1.0,1.0,1.0,1.0,1.0,1.0,1.0,1.0,1.0,1.0,1.0,1.0,1.0,1.0,1.0,1.0,1.0,1.0,1.0,1.0,1.0,1.0,1.0,1.0,1.0,1.0,1.0,1.0,1.0,1.0,1.0,1.0,1.0,1.0,1.0,1.0,1.0,1.0,1.0,1.0,1.0,1.0,1.0,1.0,1.0,1.0,1.0,1.0,1.0,1.0,1.0,1.0,1.0,1.0,1.0,1.0,1.0,1.0,1.0,1.0,1.0,1.0,1.0,1.0,1.0,1.0,1.0,1.0,1.0,1.0,1.0,1.0,1.0,1.0,1.0,1.0,1.0,1.0,1.0,1.0,1.0,1.0,1.0,1.0,1.0,1.0,1.0,1.0,1.0,1.0,1.0,1.0,1.0,1.0,1.0,1.0,1.0,1.0,1.0,1.0,1.0,1.0,1.0,1.0,1.0,1.0,1.0,1.0,1.0,1.0,1.0,1.0,1.0,1.0,1.0,1.0,1.0,1.0,1.0,1.0,1.0,1.0,1.0,1.0,1.0,1.0,1.0,1.0,1.0,1.0,1.0,1.0,1.0,1.0,1.0,1.0,1.0,1.0,1.0,1.0,1.0,1.0,1.0,1.0,1.0,1.0,1.0,1.0,1.0,1.0,1.0,1.0,1.0,1.0,1.0,1.0,1.0,1.0,1.0,1.0,1.0,1.0,1.0,1.0,1.0,1.0,1.0,1.0,1.0,1.0,1.0,1.0,1.0,1.0,1.0,1.0,1.0,1.0,1.0,1.0,1.0,1.0,1.0,1.0,1.0,1.0,1.0,1.0,1.0,1.0,1.0,1.0,1.0,1.0,1.0,1.0,0.6546241196463946,0.7923065929153484,0.5324175761678998,0.642283546592041,0.8563807157730758,0.5494270063791895,0.758510421109045,0.7288706429207108,0.609066779374337,1.0601507609040293,0.6012823106424374,0.8881929173837535,0.7890394933258188,0.7489228253892689,0.7975955980914788,0.4945934246877289,0.6839080607371655,0.5413963712108567,0.6758424130957985,0.7040846693035607,0.7493098977422699,0.5652014803896597,0.6654785334937425,0.9332686433686443,0.6304295614380776,0.5415608253577004,0.617982306090533,0.5537562538425593,0.7728683579239092,0.6556229289361242,0.8226153844814694,0.8849632255772979,1.388516993530688,0.7744427324999079,0.5816362109836621,0.5161461079123928,0.5915227765050326,0.7475448532395864,0.7939473906177691,0.5971366800078812,0.5260701005137902,0.6789155822267654,0.5916806040091644,0.688346161868191,0.5787859547379395,0.639394845823311,0.45313379735390336,0.6563340400497001,0.7745952894158091,0.7853839982833024,0.6236804045321567,0.711165322965404,0.6926629049519557,0.656949540024219,0.6507006466289119,0.6963976947701712,0.5908444031341364,0.5566587832658214,0.5783136710194425,0.7218548051654636,0.7374826337451575,0.6067214214320251,0.8044504248541534,0.7622247344211396,0.7160964465092055,0.5818451430391174,0.5060371479691427,0.8237486056121728,0.7224231034076716,0.646710406425647,0.6650576108308379,0.6579642835516377,0.46679709374629563,0.7285014850548097,0.7273349545770817,0.6527407416321284,0.6095559087398177,0.5389955880156094,0.6604067339606761,0.6605641863581658,0.6585969759497177,0.546564760644621,0.6945615810530944,0.6175390266169514,0.6845834850530488,0.7162723024797584,0.6392537482600795,0.6065994710015467,0.689982349887952,0.7035645471744068,0.897710982139373,0.6573154517581594,1.7606006924031827,0.43259595493849723,0.5769457058186662,1.3700876837672944,0.7568014848483455,1.3558831974761731,0.710023601777375,0.6272023106170301,0.8060901723545556,0.5822644217224151,0.7191555779276262,0.8743839221890815,1.0739415334780038,0.7604839743760259,0.8214637915862149,0.7274633551885954,0.9410858329712649,0.6368935137038781,0.5359108271725265,0.7505290047106659,0.4357041741760036,0.720638489039612,0.539458563716829,0.586576436722938,1.0416246331849306,0.6826281360624438,1.5365693097133333,0.5852941533275176,0.8491675002020852,0.528485859505772,0.5989724688029996,0.5741973788929674,0.746769911229896,0.8991627513254414,0.6265104283332897,0.6456440610616581,0.6503727540261554,0.5769781291414614,0.7256320567167178,1.5465393849989562,0.9292877246364277,1.1724314009206085,1.1969557775735944,0.43361544445726224,1.0667558077489296,0.9332070539909463,0.8323098702426279,0.7205119471291472,0.8431734272794573,0.843066356844849,0.857088386345827,0.7564910892519683,1.2050927701974916,0.7464322380513885,1.0309154698154985,0.8277161631951218,0.8596405043498422,1.096694113065821,1.540845751448704,0.7724403574162992,0.8716436272743366,1.4108328623318547,1.0077451613961381,0.6626908386256936,0.6879375915906649
1.0,1.0,1.0,1.0,1.0,1.0,1.0,1.0,1.0,1.0,1.0,1.0,1.0,1.0,1.0,1.0,1.0,1.0,1.0,1.0,1.0,1.0,1.0,1.0,1.0,1.0,1.0,1.0,1.0,1.0,1.0,1.0,1.0,1.0,1.0,1.0,1.0,1.0,1.0,1.0,1.0,1.0,1.0,1.0,1.0,1.0,1.0,1.0,1.0,1.0,1.0,1.0,1.0,1.0,1.0,1.0,1.0,1.0,1.0,1.0,1.0,1.0,1.0,1.0,1.0,1.0,1.0,1.0,1.0,1.0,1.0,1.0,1.0,1.0,1.0,1.0,1.0,1.0,1.0,1.0,1.0,1.0,1.0,1.0,1.0,1.0,1.0,1.0,1.0,1.0,1.0,1.0,1.0,1.0,1.0,1.0,1.0,1.0,1.0,1.0,1.0,1.0,1.0,1.0,1.0,1.0,1.0,1.0,1.0,1.0,1.0,1.0,1.0,1.0,1.0,1.0,1.0,1.0,1.0,1.0,1.0,1.0,1.0,1.0,1.0,1.0,1.0,1.0,1.0,1.0,1.0,1.0,1.0,1.0,1.0,1.0,1.0,1.0,1.0,1.0,1.0,1.0,1.0,1.0,1.0,1.0,1.0,1.0,1.0,1.0,1.0,1.0,1.0,1.0,1.0,1.0,1.0,1.0,1.0,1.0,1.0,1.0,1.0,1.0,1.0,1.0,1.0,1.0,1.0,1.0,1.0,1.0,1.0,1.0,1.0,1.0,1.0,1.0,1.0,1.0,1.0,1.0,1.0,1.0,1.0,1.0,1.0,1.0,1.0,1.0,1.0,1.0,1.0,1.0,1.0,1.0,1.0,1.0,1.0,1.0,1.0,1.0,1.0,1.0,1.0,1.0,1.0,1.0,1.0,1.0,1.0,1.0,1.0,1.0,1.0,1.0,1.0,1.0,1.0,1.0,1.0,1.0,1.0,1.0,1.0,1.0,1.0,1.0,1.0,1.0,1.0,1.0,1.0,1.0,1.0,1.0,1.0,1.0,1.0,1.0,1.0,1.0,1.0,1.0,1.0,1.0,1.0,1.0,1.0,1.0,1.0,1.0,1.0,1.0,1.0,1.0,1.0,1.0,1.0,1.0,1.0,1.0,1.0,1.0,1.0,1.0,1.0,1.0,1.0,1.0,1.0,1.0,1.0,1.0,1.0,1.0,1.0,1.0,1.0,1.0,1.0,1.0,1.0,1.0,1.0,1.0,1.0,1.0,1.0,1.0,1.0,1.0,1.0,1.0,1.0,1.0,1.206244950569924,0.8114864567581979,0.975914251861165,1.318657027612867,0.8393385518420229,1.157130910586265,1.1078496674549811,0.9308129173979711,1.6053304390023446,0.9162423349440236,1.3508899979038627,1.2000324523329604,1.1407696103546798,1.2223885422375127,0.7550608199907076,1.0409035469230963,0.823937619732576,1.0334414657033346,1.0729549476772,1.1410881782930673,0.8616100700468229,1.0132604671900165,1.4217078262097482,0.9587755431093381,0.8288852387014831,0.9493384635915962,0.8445309630564914,1.1774493371770234,0.9988908364489218,1.2512907262357285,1.3476385107497149,2.1174598405300595,1.1840488764887898,0.8869348427709373,0.788468973777004,0.9014777771178762,1.1346270119229667,1.2097382394464598,0.9105945587580719,0.8027964030172685,1.0304170226054545,0.9057976928468223,1.0508121915485962,0.879457530362634,0.9776116945828249,0.6929598550825689,0.9918595345853963,1.1824003755513188,1.1940801700716126,0.9499205904721525,1.0844424555605092,1.0580646340797393,1.0010258455183394,0.9897033901470295,1.0587729816407498,0.8997150488367198,0.8458443548851897,0.8741205747593912,1.093501251577083,1.132168156344509,0.9253374635258296,1.2261755419869997,1.1526735241231938,1.0898048510233103,0.8896442965261346,0.773164227779342,1.2556572734646394,1.1080313295355921,0.986397402131866,1.019976301981136,1.0048525396985188,0.7126429375902302,1.1101391140759187,1.1346781048244403,1.0009302954948547,0.9330419727753658,0.8236225056071598,1.0095387847150774,1.0108627889178683,1.0049226518407288,0.8336965448913801,1.057916027878537,0.9470314631623996,1.0509346176124235,1.1021344710804462,0.9814245623150626,0.9326193296352655,1.0535002410617809,1.0770728533453533,1.3644318185809452,1.0032270984667153,2.683280052759254,0.6605101611522742,0.8852106851026317,2.0914546208901634,1.1522147128603362,2.055927245311361,1.0812482780533261,0.9580781217880221,1.2307918507182891,0.8868325473456226,1.0955576611109519,1.3425888986552206,1.6576098756248538,1.1618071244189272,1.2466489950363968,1.1094542148078563,1.4564242504829854,0.9701849809989134,0.8202083186845479,1.1479090659251938,0.6697254612748132,1.1098734170199396,0.8294966708608258,0.898871215686417,1.6009254065394223,1.045212756627367,2.3614304253648486,0.8897398659506603,1.2948348997925057,0.8053948611297644,0.917334270890909,0.8735568411393747,1.1375338732947027,1.371028116436746,0.956098165059128,0.9844264724171768,0.9899328619594472,0.886026365325568,1.1049576312551537,2.350553575438192,1.4131679675660744,1.763806471250572,1.8152790419423985,0.6637756512553343,1.6438643264109691,1.4252703111379783,1.268690759451375,1.0937458940421347,1.2837475667526972,1.2818477968341178,1.304387594686467,1.1478296852759076,1.8474949563814096,1.144251110743295,1.5833771114465578,1.2563129282202856,1.3105162067517955,1.6718377393422053,2.385659135584559,1.1886390985122453,1.327314623269745,2.145158684145938,1.5350671308185744,1.0180671440544629,1.0488914743066116
1.0,1.0,1.0,1.0,1.0,1.0,1.0,1.0,1.0,1.0,1.0,1.0,1.0,1.0,1.0,1.0,1.0,1.0,1.0,1.0,1.0,1.0,1.0,1.0,1.0,1.0,1.0,1.0,1.0,1.0,1.0,1.0,1.0,1.0,1.0,1.0,1.0,1.0,1.0,1.0,1.0,1.0,1.0,1.0,1.0,1.0,1.0,1.0,1.0,1.0,1.0,1.0,1.0,1.0,1.0,1.0,1.0,1.0,1.0,1.0,1.0,1.0,1.0,1.0,1.0,1.0,1.0,1.0,1.0,1.0,1.0,1.0,1.0,1.0,1.0,1.0,1.0,1.0,1.0,1.0,1.0,1.0,1.0,1.0,1.0,1.0,1.0,1.0,1.0,1.0,1.0,1.0,1.0,1.0,1.0,1.0,1.0,1.0,1.0,1.0,1.0,1.0,1.0,1.0,1.0,1.0,1.0,1.0,1.0,1.0,1.0,1.0,1.0,1.0,1.0,1.0,1.0,1.0,1.0,1.0,1.0,1.0,1.0,1.0,1.0,1.0,1.0,1.0,1.0,1.0,1.0,1.0,1.0,1.0,1.0,1.0,1.0,1.0,1.0,1.0,1.0,1.0,1.0,1.0,1.0,1.0,1.0,1.0,1.0,1.0,1.0,1.0,1.0,1.0,1.0,1.0,1.0,1.0,1.0,1.0,1.0,1.0,1.0,1.0,1.0,1.0,1.0,1.0,1.0,1.0,1.0,1.0,1.0,1.0,1.0,1.0,1.0,1.0,1.0,1.0,1.0,1.0,1.0,1.0,1.0,1.0,1.0,1.0,1.0,1.0,1.0,1.0,1.0,1.0,1.0,1.0,1.0,1.0,1.0,1.0,1.0,1.0,1.0,1.0,1.0,1.0,1.0,1.0,1.0,1.0,1.0,1.0,1.0,1.0,1.0,1.0,1.0,1.0,1.0,1.0,1.0,1.0,1.0,1.0,1.0,1.0,1.0,1.0,1.0,1.0,1.0,1.0,1.0,1.0,1.0,1.0,1.0,1.0,1.0,1.0,1.0,1.0,1.0,1.0,1.0,1.0,1.0,1.0,1.0,1.0,1.0,1.0,1.0,1.0,1.0,1.0,1.0,1.0,1.0,1.0,1.0,1.0,1.0,1.0,1.0,1.0,1.0,1.0,1.0,1.0,1.0,1.0,1.0,1.0,1.0,1.0,1.0,1.0,1.0,1.0,1.0,1.0,1.0,1.0,1.0,1.0,1.0,1.0,1.0,1.0,1.0,1.0,1.0,1.0,1.0,1.0,1.0,0.6706224154156355,0.8081760512941436,1.0915407521798515,0.6946587176177964,0.9567765321519561,0.9166554555005005,0.769778853039162,1.328778940545682,0.7576010366482135,1.1149058962806908,0.9939032811779996,0.9440268096074675,1.0117421366706316,0.6248398447328177,0.8613948497974488,0.6821848063312946,0.8560575518152177,0.8878953107238334,0.9450904022585279,0.7127012944477313,0.8364481935155211,1.1775036694530687,0.7940865392545793,0.6860289462553142,0.7857048291567642,0.6983807850712553,0.9740213340213868,0.8271125593982415,1.0373411477754457,1.1143301979950795,1.7537920874759227,0.979151503633917,0.7339848734043968,0.6535310505476126,0.7461649408765764,0.9393736681239019,1.000707100938579,0.7534712883277227,0.6647217467359863,0.8532549774893357,0.7498381468383584,0.8687757414423751,0.7281380295925538,0.8094166130322744,0.5723801872671969,0.8205911126911283,0.9784379315944585,0.987340825324987,0.7882239223385525,0.8968028358531713,0.8752912104154149,0.8286181762276832,0.8195738117341576,0.8755860166338074,0.7448071321826009,0.700734046199286,0.723852140835616,0.9046873878956547,0.9370616565225243,0.7660443566962716,1.0154133140274446,0.9558455850580629,0.9026808104294656,0.7368806847178807,0.6401803409635227,1.0391832049086593,0.9176844549691183,0.8167380666961972,0.8442158144432572,0.8326438874425275,0.58972085175419,0.9184850202902466,0.9365190996534263,0.8283752806888969,0.7737367359530919,0.681400658115827,0.8352901774613344,0.8365539751058679,0.8311494342580606,0.6899383878155239,0.8781912064513104,0.784364035155021,0.8693199281171353,0.9129670195124321,0.8130530477508005,0.7723945641004479,0.8730571965148406,0.8913913033183717,1.1291147834500297,0.8314157870417228,2.212662550700376,0.5469123218720899,0.7334484187113821,1.7325912218123207,0.9522042718243632,1.7020781662637423,0.8957775571071668,0.7938622841411821,1.0189639820006164,0.7342689566517203,0.9071697642320213,1.110923056555333,1.3799586650594016,0.9624162447452298,1.033462014670211,0.9202363165468255,1.2059842754873675,0.8034158228229356,0.6787955942860114,0.9498198071883733,0.5539956255537072,0.9206484686122283,0.6870890047740135,0.7435696129135472,1.3245068651824148,0.8645403337610866,1.955008086825539,0.7367209822182643,1.0711029730974029,0.6662897695087149,0.7578901741587698,0.7233455597647351,0.9415302242328779,1.1348390577790761,0.7910251680446234,0.8146419556734025,0.8202317953330328,0.7339533452915364,0.9139153138917462,1.9532158624879554,1.1714172925228747,1.4617377856925229,1.5018435746333865,0.5495992273373169,1.3590726325230915,1.179419198005467,1.050297869918552,0.9049327002877439,1.0628267290968665,1.0618092523000813,1.0794180223858119,0.9500672164156538,1.5281476930467117,0.9473591591897259,1.3028132362154663,1.0414607745277236,1.0851829855742046,1.3847191506210705,1.9863453863275762,0.9845614980847532,1.0991307723239165,1.7741999734224374,1.2700225392390037,0.8418488166731086,0.8680833063765879
1.0,1.0,1.0,1.0,1.0,1.0,1.0,1.0,1.0,1.0,1.0,1.0,1.0,1.0,1.0,1.0,1.0,1.0,1.0,1.0,1.0,1.0,1.0,1.0,1.0,1.0,1.0,1.0,1.0,1.0,1.0,1.0,1.0,1.0,1.0,1.0,1.0,1.0,1.0,1.0,1.0,1.0,1.0,1.0,1.0,1.0,1.0,1.0,1.0,1.0,1.0,1.0,1.0,1.0,1.0,1.0,1.0,1.0,1.0,1.0,1.0,1.0,1.0,1.0,1.0,1.0,1.0,1.0,1.0,1.0,1.0,1.0,1.0,1.0,1.0,1.0,1.0,1.0,1.0,1.0,1.0,1.0,1.0,1.0,1.0,1.0,1.0,1.0,1.0,1.0,1.0,1.0,1.0,1.0,1.0,1.0,1.0,1.0,1.0,1.0,1.0,1.0,1.0,1.0,1.0,1.0,1.0,1.0,1.0,1.0,1.0,1.0,1.0,1.0,1.0,1.0,1.0,1.0,1.0,1.0,1.0,1.0,1.0,1.0,1.0,1.0,1.0,1.0,1.0,1.0,1.0,1.0,1.0,1.0,1.0,1.0,1.0,1.0,1.0,1.0,1.0,1.0,1.0,1.0,1.0,1.0,1.0,1.0,1.0,1.0,1.0,1.0,1.0,1.0,1.0,1.0,1.0,1.0,1.0,1.0,1.0,1.0,1.0,1.0,1.0,1.0,1.0,1.0,1.0,1.0,1.0,1.0,1.0,1.0,1.0,1.0,1.0,1.0,1.0,1.0,1.0,1.0,1.0,1.0,1.0,1.0,1.0,1.0,1.0,1.0,1.0,1.0,1.0,1.0,1.0,1.0,1.0,1.0,1.0,1.0,1.0,1.0,1.0,1.0,1.0,1.0,1.0,1.0,1.0,1.0,1.0,1.0,1.0,1.0,1.0,1.0,1.0,1.0,1.0,1.0,1.0,1.0,1.0,1.0,1.0,1.0,1.0,1.0,1.0,1.0,1.0,1.0,1.0,1.0,1.0,1.0,1.0,1.0,1.0,1.0,1.0,1.0,1.0,1.0,1.0,1.0,1.0,1.0,1.0,1.0,1.0,1.0,1.0,1.0,1.0,1.0,1.0,1.0,1.0,1.0,1.0,1.0,1.0,1.0,1.0,1.0,1.0,1.0,1.0,1.0,1.0,1.0,1.0,1.0,1.0,1.0,1.0,1.0,1.0,1.0,1.0,1.0,1.0,1.0,1.0,1.0,1.0,1.0,1.0,1.0,1.0,1.0,1.0,1.0,1.0,1.0,1.0,1.0,1.2028540104657865,1.6226862593317717,1.0348432373598657,1.423762251516687,1.3653071721709515,1.1465969294252967,1.975067938250629,1.1284735609488359,1.663258699652641,1.4782854341069678,1.4046861667614,1.5028752812444166,0.9303732886261545,1.282705020616047,1.0159697256375129,1.27423177952774,1.3214358962523005,1.4060878200466567,1.061406484271827,1.2463384374996536,1.749242229512554,1.1823786099763778,1.0224363448274028,1.1697964391633924,1.0397783711984292,1.450196106690925,1.2299678250447736,1.5423010623520428,1.6594378525274907,2.608853114624414,1.4589588575199124,1.0928688402527436,0.9717855943337048,1.110703248935025,1.3976577429851413,1.488783271141945,1.1217839471912932,0.9887602348526237,1.2690103505316284,1.115440977016119,1.293514571326161,1.08376226982879,1.203454821030542,0.8530744334210305,1.220588925130384,1.4579840302356117,1.4701408289288915,1.1711424583654861,1.3359935115655484,1.3022166468968441,1.2340020162791978,1.2194390929663461,1.3057174093344854,1.1083967868452729,1.0429765369095167,1.0789066023618297,1.3464688181681592,1.3954397867376078,1.140452265360475,1.509252475490026,1.4194089995388208,1.3426946930101868,1.0961755142724987,0.952476256282089,1.5462882856488704,1.3640269042273163,1.2153569768810724,1.2561156417924129,1.2384073538460356,0.8779027252765199,1.3672843384615985,1.3913574805866649,1.232601615746364,1.149987878346654,1.0154016705634494,1.242892027150917,1.2449383376067238,1.2380825376637021,1.0255583641720991,1.3046208723134802,1.1671706632628192,1.2937390727663776,1.3588065685687154,1.2107225227175942,1.149947290908115,1.2981401234269827,1.3263499214251286,1.6793783286976787,1.237421604725468,3.2946154777714103,0.8137619408999832,1.089198225253381,2.5747096844704793,1.4180126121198393,2.531578494510936,1.3330225377895668,1.1817534450010383,1.5154537926081266,1.0926383805809254,1.3511973452093669,1.6502431343567616,2.0388599627815083,1.4303261128121223,1.5383944540700436,1.3680349689088689,1.7918202395815142,1.1952565261228465,1.0093824328839764,1.4143843270392547,0.8246956381007948,1.365744210781298,1.021880803268885,1.1067647826487335,1.969150432541576,1.2866549772667382,2.9033693711503794,1.0969427611817366,1.5944764048923141,0.9924770438153602,1.1299703384668836,1.0765702885062725,1.4013522476372127,1.6884456270608377,1.177828142839933,1.2123530665305204,1.2198878075901882,1.0911186590195716,1.3604511825166807,2.9013545053659566,1.7422195622318641,2.174822278232474,2.2371275750651765,0.8176365460623917,2.0191443188156533,1.7527173432020824,1.5625722636441173,1.3466742263541516,1.5807812635401912,1.5799594180134995,1.6075928007698712,1.414076047317328,2.2730285228994207,1.4097763486189039,1.9441887455065632,1.5463632356732933,1.6140763778991014,2.0609581064333375,2.9435380203890817,1.4639404571346195,1.6356479974943747,2.6454545682623714,1.890731897392584,1.252082199578129,1.292836003843056
1.0,1.0,1.0,1.0,1.0,1.0,1.0,1.0,1.0,1.0,1.0,1.0,1.0,1.0,1.0,1.0,1.0,1.0,1.0,1.0,1.0,1.0,1.0,1.0,1.0,1.0,1.0,1.0,1.0,1.0,1.0,1.0,1.0,1.0,1.0,1.0,1.0,1.0,1.0,1.0,1.0,1.0,1.0,1.0,1.0,1.0,1.0,1.0,1.0,1.0,1.0,1.0,1.0,1.0,1.0,1.0,1.0,1.0,1.0,1.0,1.0,1.0,1.0,1.0,1.0,1.0,1.0,1.0,1.0,1.0,1.0,1.0,1.0,1.0,1.0,1.0,1.0,1.0,1.0,1.0,1.0,1.0,1.0,1.0,1.0,1.0,1.0,1.0,1.0,1.0,1.0,1.0,1.0,1.0,1.0,1.0,1.0,1.0,1.0,1.0,1.0,1.0,1.0,1.0,1.0,1.0,1.0,1.0,1.0,1.0,1.0,1.0,1.0,1.0,1.0,1.0,1.0,1.0,1.0,1.0,1.0,1.0,1.0,1.0,1.0,1.0,1.0,1.0,1.0,1.0,1.0,1.0,1.0,1.0,1.0,1.0,1.0,1.0,1.0,1.0,1.0,1.0,1.0,1.0,1.0,1.0,1.0,1.0,1.0,1.0,1.0,1.0,1.0,1.0,1.0,1.0,1.0,1.0,1.0,1.0,1.0,1.0,1.0,1.0,1.0,1.0,1.0,1.0,1.0,1.0,1.0,1.0,1.0,1.0,1.0,1.0,1.0,1.0,1.0,1.0,1.0,1.0,1.0,1.0,1.0,1.0,1.0,1.0,1.0,1.0,1.0,1.0,1.0,1.0,1.0,1.0,1.0,1.0,1.0,1.0,1.0,1.0,1.0,1.0,1.0,1.0,1.0,1.0,1.0,1.0,1.0,1.0,1.0,1.0,1.0,1.0,1.0,1.0,1.0,1.0,1.0,1.0,1.0,1.0,1.0,1.0,1.0,1.0,1.0,1.0,1.0,1.0,1.0,1.0,1.0,1.0,1.0,1.0,1.0,1.0,1.0,1.0,1.0,1.0,1.0,1.0,1.0,1.0,1.0,1.0,1.0,1.0,1.0,1.0,1.0,1.0,1.0,1.0,1.0,1.0,1.0,1.0,1.0,1.0,1.0,1.0,1.0,1.0,1.0,1.0,1.0,1.0,1.0,1.0,1.0,1.0,1.0,1.0,1.0,1.0,1.0,1.0,1.0,1.0,1.0,1.0,1.0,1.0,1.0,1.0,1.0,1.0,1.0,1.0,1.0,1.0,1.0,1.0,1.0,1.3389181254598643,0.8573692550008595,1.1807389498177794,1.1335309877477802,0.9496723962938642,1.6437430463415441,0.9356894843306272,1.3802723161687016,1.2275845221666841,1.1654547216421882,1.2441292308516467,0.7709429666135539,1.0643622319580022,0.8429967443643002,1.0553627573283455,1.0962903455279636,1.1667896528640345,0.8802901168424646,1.0332399550968117,1.4514597136673162,0.981837711268696,0.8460616386506695,0.9664016937637646,0.8617090390059398,1.2028338076792675,1.0204423158018334,1.2806788137016505,1.376536491248121,2.1635096316308147,1.2077827352066552,0.9060505194024465,0.8054043405644683,0.9214389765853497,1.161552778867564,1.2351352174388683,0.9303828960044067,0.8197936771528184,1.0548017400543086,0.9235621415002417,1.0719621738801974,0.9005764002663232,0.9969746647188702,0.7059991138907653,1.0160947852657058,1.2072583528336627,1.2211420111081746,0.9721210236912983,1.1074940747685265,1.0798602147179401,1.0237626502903492,1.0123827025942396,1.083465077941223,0.9197444503213543,0.8663783488031628,0.8988466613951642,1.1200585346369272,1.1535501809380895,0.945371775775204,1.251961460505278,1.1822480320035356,1.1145691506674398,0.9083475190047333,0.7890791098515693,1.2821475255778627,1.128245796968684,1.0080796648801436,1.0384292693259325,1.0261500552803169,0.7274733017096096,1.1335099539028561,1.1413086332948135,1.0196246238761728,0.9519535533770183,0.8408111283147361,1.0295571908540282,1.0305334764132208,1.0261712006854466,0.85065611431171,1.0826032415003355,0.9657554753981885,1.0694470293536638,1.1217781456548506,1.0005611845242213,0.9497445024055549,1.0763439636733216,1.097710794916059,1.3961546371228868,1.025575388060136,2.726922801901028,0.6742870955581575,0.9011034388092678,2.1354789192508994,1.1766304841655335,2.1057461671105697,1.1061052037701566,0.9795530299566924,1.2556653846166155,0.9065328806218643,1.1207258546496395,1.3649080853006303,1.6854121610313113,1.1851227822766068,1.2786265942046264,1.1345582367230687,1.476079906675135,0.991651897128411,0.8357845780698095,1.1718408897811114,0.6812279450412269,1.1279207075160718,0.8439547861022167,0.9155904722387831,1.6280920309336158,1.0645379979325669,2.3996488193830454,0.9106971518196275,1.321862494785237,0.8229929129657085,0.9348216916724044,0.8935991243485852,1.162633865102081,1.4000210175434642,0.9766935926763081,1.0050174714805038,1.0135857985513355,0.9023686618094644,1.1286052524855148,2.408741595666129,1.446207457532561,1.8181088084103258,1.8572107304526169,0.6770459427793842,1.6667384063440542,1.4526066099041912,1.296140104669216,1.1191154876703666,1.3120129306293815,1.312122763628814,1.3338979274355245,1.1757194847414594,1.8808336616052994,1.1662236907941357,1.604413060248568,1.2860712424456795,1.3387899599584758,1.7101746191450262,2.4215364003385913,1.2099103197788281,1.3570084777738214,2.1973951345966354,1.5688109723421548,1.03533496109811,1.0718158846733699
1.0,1.0,1.0,1.0,1.0,1.0,1.0,1.0,1.0,1.0,1.0,1.0,1.0,1.0,1.0,1.0,1.0,1.0,1.0,1.0,1.0,1.0,1.0,1.0,1.0,1.0,1.0,1.0,1.0,1.0,1.0,1.0,1.0,1.0,1.0,1.0,1.0,1.0,1.0,1.0,1.0,1.0,1.0,1.0,1.0,1.0,1.0,1.0,1.0,1.0,1.0,1.0,1.0,1.0,1.0,1.0,1.0,1.0,1.0,1.0,1.0,1.0,1.0,1.0,1.0,1.0,1.0,1.0,1.0,1.0,1.0,1.0,1.0,1.0,1.0,1.0,1.0,1.0,1.0,1.0,1.0,1.0,1.0,1.0,1.0,1.0,1.0,1.0,1.0,1.0,1.0,1.0,1.0,1.0,1.0,1.0,1.0,1.0,1.0,1.0,1.0,1.0,1.0,1.0,1.0,1.0,1.0,1.0,1.0,1.0,1.0,1.0,1.0,1.0,1.0,1.0,1.0,1.0,1.0,1.0,1.0,1.0,1.0,1.0,1.0,1.0,1.0,1.0,1.0,1.0,1.0,1.0,1.0,1.0,1.0,1.0,1.0,1.0,1.0,1.0,1.0,1.0,1.0,1.0,1.0,1.0,1.0,1.0,1.0,1.0,1.0,1.0,1.0,1.0,1.0,1.0,1.0,1.0,1.0,1.0,1.0,1.0,1.0,1.0,1.0,1.0,1.0,1.0,1.0,1.0,1.0,1.0,1.0,1.0,1.0,1.0,1.0,1.0,1.0,1.0,1.0,1.0,1.0,1.0,1.0,1.0,1.0,1.0,1.0,1.0,1.0,1.0,1.0,1.0,1.0,1.0,1.0,1.0,1.0,1.0,1.0,1.0,1.0,1.0,1.0,1.0,1.0,1.0,1.0,1.0,1.0,1.0,1.0,1.0,1.0,1.0,1.0,1.0,1.0,1.0,1.0,1.0,1.0,1.0,1.0,1.0,1.0,1.0,1.0,1.0,1.0,1.0,1.0,1.0,1.0,1.0,1.0,1.0,1.0,1.0,1.0,1.0,1.0,1.0,1.0,1.0,1.0,1.0,1.0,1.0,1.0,1.0,1.0,1.0,1.0,1.0,1.0,1.0,1.0,1.0,1.0,1.0,1.0,1.0,1.0,1.0,1.0,1.0,1.0,1.0,1.0,1.0,1.0,1.0,1.0,1.0,1.0,1.0,1.0,1.0,1.0,1.0,1.0,1.0,1.0,1.0,1.0,1.0,1.0,1.0,1.0,1.0,1.0,1.0,1.0,1.0,1.0,1.0,1.0,1.0,0.6215354144705856,0.85007509727613,0.8090981779456318,0.6886787471156324,1.1580987795026891,0.672251581681246,0.9805054070065228,0.87930719539647,0.8378251761744814,0.9125517927916196,0.5583617852737022,0.7636158091570173,0.6053218828953824,0.7697731429084403,0.7889347123039437,0.8399483355046129,0.6334135469781288,0.7379454361625087,1.0445138972560835,0.7033775362191697,0.6184611114375798,0.7151876718474588,0.6210386610314271,0.8638594453594678,0.7348795223895705,0.9206669836207173,0.9860250420370413,1.5658756060333643,0.8775756421616554,0.6536802564844153,0.5865330396087007,0.663649326948277,0.8257895647010902,0.8876498553724512,0.6707474336558147,0.5931700788988808,0.7503773511055798,0.675065616745682,0.7743564447739965,0.6423661674751647,0.7262071868270772,0.5119319213682019,0.709926138043769,0.8758566640830815,0.869961890525397,0.702397484376171,0.7976564868942438,0.7822244190969361,0.7368308253864454,0.7252539803396147,0.7738688987453521,0.6606101600508542,0.6190514070151257,0.6303431759210756,0.7889777732026966,0.849942473798764,0.6835405697363557,0.9027179797484511,0.8334008811489709,0.8006426767131878,0.6616147608120981,0.5739775304134755,0.9235359531712368,0.8305627795774945,0.7287895048983071,0.764230673456117,0.7460300160072576,0.5261895289912146,0.816582691051978,0.8791076302938333,0.7493204360955634,0.6979387370763063,0.6098261667108711,0.748473432989031,0.7523819265083983,0.740586705475869,0.6135581713967843,0.7840637210525465,0.7103050796612753,0.7874039373666231,0.8343029995040053,0.7400347114735519,0.7046647802330127,0.7812040257433635,0.8032440824649564,0.9935133780388977,0.7446656654448904,1.9493564764262872,0.48923703486568304,0.6637307946549701,1.5509468524098087,0.8403577387250856,1.4918602442068107,0.7972369651913978,0.712263436218985,0.9102018552577258,0.6519524903111892,0.8076905402369754,1.0058697302348407,1.2768694172268722,0.8635813789314407,0.9113723283511177,0.8219507269756045,1.1179571020783303,0.7143198427909845,0.6100733293512639,0.8506087044668005,0.5035288307854737,0.8441391491192479,0.627179657117405,0.6707847683090492,1.2018284913755375,0.7772083039954871,1.7759068328131051,0.6514466201711481,0.9516070770793208,0.5921455871518343,0.6802035139967169,0.6406246052369893,0.8355085753451541,1.0101017592197739,0.7058012870476726,0.7248630754657435,0.7272970602791675,0.6666913009494401,0.8103223466010663,1.7385745565540294,1.039570142118547,1.2530021573918213,1.3145763466890723,0.4942039846907271,1.2403104515906094,1.051793247112664,0.9346061127005125,0.7940204012576967,0.9419724211595394,0.9386607256926041,0.9569089154084334,0.8331596708535154,1.3767736851769963,0.8575010898211678,1.1690708144242188,0.91622228329449,0.9658913872772295,1.2332729839846306,1.8647139011997265,0.8995793020178451,0.9761221606846354,1.5695837384721516,1.1277461116978231,0.7626291487719723,0.7730101329774728
1.0,1.0,1.0,1.0,1.0,1.0,1.0,1.0,1.0,1.0,1.0,1.0,1.0,1.0,1.0,1.0,1.0,1.0,1.0,1.0,1.0,1.0,1.0,1.0,1.0,1.0,1.0,1.0,1.0,1.0,1.0,1.0,1.0,1.0,1.0,1.0,1.0,1.0,1.0,1.0,1.0,1.0,1.0,1.0,1.0,1.0,1.0,1.0,1.0,1.0,1.0,1.0,1.0,1.0,1.0,1.0,1.0,1.0,1.0,1.0,1.0,1.0,1.0,1.0,1.0,1.0,1.0,1.0,1.0,1.0,1.0,1.0,1.0,1.0,1.0,1.0,1.0,1.0,1.0,1.0,1.0,1.0,1.0,1.0,1.0,1.0,1.0,1.0,1.0,1.0,1.0,1.0,1.0,1.0,1.0,1.0,1.0,1.0,1.0,1.0,1.0,1.0,1.0,1.0,1.0,1.0,1.0,1.0,1.0,1.0,1.0,1.0,1.0,1.0,1.0,1.0,1.0,1.0,1.0,1.0,1.0,1.0,1.0,1.0,1.0,1.0,1.0,1.0,1.0,1.0,1.0,1.0,1.0,1.0,1.0,1.0,1.0,1.0,1.0,1.0,1.0,1.0,1.0,1.0,1.0,1.0,1.0,1.0,1.0,1.0,1.0,1.0,1.0,1.0,1.0,1.0,1.0,1.0,1.0,1.0,1.0,1.0,1.0,1.0,1.0,1.0,1.0,1.0,1.0,1.0,1.0,1.0,1.0,1.0,1.0,1.0,1.0,1.0,1.0,1.0,1.0,1.0,1.0,1.0,1.0,1.0,1.0,1.0,1.0,1.0,1.0,1.0,1.0,1.0,1.0,1.0,1.0,1.0,1.0,1.0,1.0,1.0,1.0,1.0,1.0,1.0,1.0,1.0,1.0,1.0,1.0,1.0,1.0,1.0,1.0,1.0,1.0,1.0,1.0,1.0,1.0,1.0,1.0,1.0,1.0,1.0,1.0,1.0,1.0,1.0,1.0,1.0,1.0,1.0,1.0,1.0,1.0,1.0,1.0,1.0,1.0,1.0,1.0,1.0,1.0,1.0,1.0,1.0,1.0,1.0,1.0,1.0,1.0,1.0,1.0,1.0,1.0,1.0,1.0,1.0,1.0,1.0,1.0,1.0,1.0,1.0,1.0,1.0,1.0,1.0,1.0,1.0,1.0,1.0,1.0,1.0,1.0,1.0,1.0,1.0,1.0,1.0,1.0,1.0,1.0,1.0,1.0,1.0,1.0,1.0,1.0,1.0,1.0,1.0,1.0,1.0,1.0,1.0,1.0,1.0,1.0,1.3680953791669568,1.3099455524975805,1.1050680226510097,1.8879682680867205,1.0846741921114942,1.5938897953014144,1.4193808718946679,1.349180093616107,1.4478217472898383,0.8961171403831852,1.2322962660126962,0.977094284022366,1.2308911405632186,1.2696919027357128,1.3516914964842055,1.0205881555819172,1.194226199111907,1.6795333771992569,1.137092535895023,0.9880606212322565,1.1327635140864811,0.9996787319022783,1.3925197823125646,1.1813484299368633,1.4823584772447767,1.592873472432683,2.513361408915905,1.4077999883922856,1.0518868269015191,0.9375668725120578,1.0687942576166245,1.3389702925629434,1.4288197790293242,1.0788682391901379,0.9522555146915683,1.2171838538023625,1.0766436632109908,1.2429549529564194,1.0398416948943134,1.1597266686183128,0.8218207562482318,1.1643175143723812,1.406090729817163,1.4105460200110982,1.1291768404409528,1.2847556434769056,1.2519715926558481,1.1881986106234295,1.171180486543566,1.2532892269226208,1.065167601313624,1.0027407127698194,1.0334917365651357,1.2886974485430827,1.3536699294474994,1.0975373801616461,1.4505966142185964,1.3557324986144725,1.2900005268559407,1.0583000912064846,0.9176620558383706,1.487646022115746,1.3185934335596676,1.169573979830514,1.2145277545216475,1.195529289142559,0.8459785817223944,1.314373814664617,1.3561617370256087,1.1907691487652974,1.1128615039111556,0.9803080575196117,1.1977193159229687,1.2013440927687962,1.1912998079242958,0.9856739965305629,1.25902517691463,1.1288194066397859,1.250629434027528,1.3206206740714101,1.173982826858498,1.116851077944176,1.2526512739452018,1.2800453548091741,1.6109142865816573,1.194699464170553,3.157550614890691,0.7843461846488853,1.0539752998926468,2.47421006703628,1.3595352984711173,2.422477445788021,1.2819243621179028,1.1407653457947085,1.4590624780468815,1.0507609047110011,1.3001096794136013,1.5933422103861323,1.9798752465932583,1.377295478504967,1.4804024590112488,1.320660565381121,1.7414148621166783,1.148802959859529,0.9724801064040629,1.3674926500669227,0.7985436395864958,1.3254437737026308,0.9906177549797294,1.067812490060641,1.9042892141090975,1.2420828448544132,2.8061700275456998,1.0532780041341945,1.5345553105252576,0.9547165769538519,1.091690776640403,1.0347688449926034,1.346334778811396,1.6232016245306802,1.1322591312841899,1.1645874078211187,1.1724264567563354,1.0554062323083144,1.305262227755044,2.794657531981884,1.6750237850104563,2.067861493813741,2.150313367197824,0.7894143026564387,1.9523661286793308,1.6851487827890153,1.5019660820493503,1.2903904425201598,1.5186306134304006,1.5197322134439077,1.5447119827354063,1.3564111692056056,2.1937550528617473,1.3642309086595925,1.8696107231487016,1.4817143226889338,1.5519178565010243,1.984529706194815,2.885223543485691,1.418330896613761,1.572423365290839,2.53517872301257,1.814109164479762,1.2087180686166612,1.2446036968448984
1.0,1.0,1.0,1.0,1.0,1.0,1.0,1.0,1.0,1.0,1.0,1.0,1.0,1.0,1.0,1.0,1.0,1.0,1.0,1.0,1.0,1.0,1.0,1.0,1.0,1.0,1.0,1.0,1.0,1.0,1.0,1.0,1.0,1.0,1.0,1.0,1.0,1.0,1.0,1.0,1.0,1.0,1.0,1.0,1.0,1.0,1.0,1.0,1.0,1.0,1.0,1.0,1.0,1.0,1.0,1.0,1.0,1.0,1.0,1.0,1.0,1.0,1.0,1.0,1.0,1.0,1.0,1.0,1.0,1.0,1.0,1.0,1.0,1.0,1.0,1.0,1.0,1.0,1.0,1.0,1.0,1.0,1.0,1.0,1.0,1.0,1.0,1.0,1.0,1.0,1.0,1.0,1.0,1.0,1.0,1.0,1.0,1.0,1.0,1.0,1.0,1.0,1.0,1.0,1.0,1.0,1.0,1.0,1.0,1.0,1.0,1.0,1.0,1.0,1.0,1.0,1.0,1.0,1.0,1.0,1.0,1.0,1.0,1.0,1.0,1.0,1.0,1.0,1.0,1.0,1.0,1.0,1.0,1.0,1.0,1.0,1.0,1.0,1.0,1.0,1.0,1.0,1.0,1.0,1.0,1.0,1.0,1.0,1.0,1.0,1.0,1.0,1.0,1.0,1.0,1.0,1.0,1.0,1.0,1.0,1.0,1.0,1.0,1.0,1.0,1.0,1.0,1.0,1.0,1.0,1.0,1.0,1.0,1.0,1.0,1.0,1.0,1.0,1.0,1.0,1.0,1.0,1.0,1.0,1.0,1.0,1.0,1.0,1.0,1.0,1.0,1.0,1.0,1.0,1.0,1.0,1.0,1.0,1.0,1.0,1.0,1.0,1.0,1.0,1.0,1.0,1.0,1.0,1.0,1.0,1.0,1.0,1.0,1.0,1.0,1.0,1.0,1.0,1.0,1.0,1.0,1.0,1.0,1.0,1.0,1.0,1.0,1.0,1.0,1.0,1.0,1.0,1.0,1.0,1.0,1.0,1.0,1.0,1.0,1.0,1.0,1.0,1.0,1.0,1.0,1.0,1.0,1.0,1.0,1.0,1.0,1.0,1.0,1.0,1.0,1.0,1.0,1.0,1.0,1.0,1.0,1.0,1.0,1.0,1.0,1.0,1.0,1.0,1.0,1.0,1.0,1.0,1.0,1.0,1.0,1.0,1.0,1.0,1.0,1.0,1.0,1.0,1.0,1.0,1.0,1.0,1.0,1.0,1.0,1.0,1.0,1.0,1.0,1.0,1.0,1.0,1.0,1.0,1.0,1.0,1.0,1.0,0.9572308542460561,0.8044372819859509,1.3863847795443975,0.7914704761676276,1.165688686007639,1.0373221770713106,0.985761445836826,1.0573320122796799,0.6527351850664884,0.899560476734977,0.7122830737629215,0.8939641703627756,0.9274580848273615,0.9866936636760923,0.7445030223657267,0.8745395016804565,1.2284255562528217,0.8290681781851292,0.7169462681898733,0.8212124830641852,0.7294348179108002,1.0173010401147469,0.8634290467521142,1.0823330255409207,1.1641140984751157,1.8308896810321227,1.0231996510152137,0.7666277960826313,0.6820712476882016,0.7791938939802474,0.9804534861079415,1.0451513812873083,0.7870362601990188,0.6940020776055355,0.8903635742025007,0.7833078936120528,0.9078977126856267,0.7601489790490596,0.8454010009151762,0.59840041643647,0.8558791362141105,1.0221608311902517,1.031191868815592,0.8218570738358435,0.9370252938672065,0.9143954299761214,0.8654510964201442,0.8555115051968047,0.9147996989372771,0.7775641303581153,0.7312648150262684,0.7556416042231582,0.9441197313630383,0.9790715909825636,0.8001319929446081,1.059762451695283,0.9960584607737388,0.9422063103171718,0.7694707239604454,0.6685754669746822,1.0848942374742927,0.9584352863004196,0.8532834254194853,0.8819719659527462,0.8691581722168106,0.6159696135432926,0.9591684672199253,0.9804953727275806,0.8655568685682783,0.8073229183603452,0.7119380454044858,0.8725055654211673,0.8739457825629748,0.8684194777920868,0.7202736652186895,0.9154402951293121,0.8195608088179455,0.9086467247030037,0.953756472716248,0.8496135774139473,0.8070575124932527,0.9112435874666308,0.9312897446973387,1.178696570078853,0.8678494317815213,2.3120883212907284,0.571087910201077,0.7654760777795676,1.8098168660308276,0.9947850102122963,1.7765500447009277,0.9352019834714778,0.8291697045442078,1.0640572356364135,0.7665376897889841,0.9477460831018044,1.1613663314682436,1.4373302311776848,1.0050517648532737,1.07824522943758,0.959762703905412,1.260487923174003,0.838840901639083,0.7091338512151795,0.9921645615352197,0.5790915707244029,0.9607857908133219,0.7178166775661734,0.7771485574765106,1.385005694298119,0.9032859148197796,2.0418532831498197,0.7690664600279812,1.1187712954329307,0.6959792622341889,0.7923622354120808,0.7550766202206785,0.9832148844780189,1.1850866125446546,0.8267302359075387,0.8505821648000695,0.8562748233848606,0.7667472678227165,0.9546476914140102,2.034580308352195,1.2222784746917221,1.5243841147809731,1.5674476483754893,0.5739808074983623,1.422030015656806,1.2313297856390295,1.0967551577389942,0.9446883982897458,1.1094811191234797,1.108181974687561,1.12725435447316,0.9916383840885161,1.5966574208073165,0.9897607801220123,1.3648891437739188,1.0859205424174438,1.1329101183439505,1.4458327612445807,2.07018031082011,1.029004670322748,1.147455133527229,1.855364458757407,1.32676883051039,0.8799417599891342,0.9066763332858959
1.0,1.0,1.0,1.0,1.0,1.0,1.0,1.0,1.0,1.0,1.0,1.0,1.0,1.0,1.0,1.0,1.0,1.0,1.0,1.0,1.0,1.0,1.0,1.0,1.0,1.0,1.0,1.0,1.0,1.0,1.0,1.0,1.0,1.0,1.0,1.0,1.0,1.0,1.0,1.0,1.0,1.0,1.0,1.0,1.0,1.0,1.0,1.0,1.0,1.0,1.0,1.0,1.0,1.0,1.0,1.0,1.0,1.0,1.0,1.0,1.0,1.0,1.0,1.0,1.0,1.0,1.0,1.0,1.0,1.0,1.0,1.0,1.0,1.0,1.0,1.0,1.0,1.0,1.0,1.0,1.0,1.0,1.0,1.0,1.0,1.0,1.0,1.0,1.0,1.0,1.0,1.0,1.0,1.0,1.0,1.0,1.0,1.0,1.0,1.0,1.0,1.0,1.0,1.0,1.0,1.0,1.0,1.0,1.0,1.0,1.0,1.0,1.0,1.0,1.0,1.0,1.0,1.0,1.0,1.0,1.0,1.0,1.0,1.0,1.0,1.0,1.0,1.0,1.0,1.0,1.0,1.0,1.0,1.0,1.0,1.0,1.0,1.0,1.0,1.0,1.0,1.0,1.0,1.0,1.0,1.0,1.0,1.0,1.0,1.0,1.0,1.0,1.0,1.0,1.0,1.0,1.0,1.0,1.0,1.0,1.0,1.0,1.0,1.0,1.0,1.0,1.0,1.0,1.0,1.0,1.0,1.0,1.0,1.0,1.0,1.0,1.0,1.0,1.0,1.0,1.0,1.0,1.0,1.0,1.0,1.0,1.0,1.0,1.0,1.0,1.0,1.0,1.0,1.0,1.0,1.0,1.0,1.0,1.0,1.0,1.0,1.0,1.0,1.0,1.0,1.0,1.0,1.0,1.0,1.0,1.0,1.0,1.0,1.0,1.0,1.0,1.0,1.0,1.0,1.0,1.0,1.0,1.0,1.0,1.0,1.0,1.0,1.0,1.0,1.0,1.0,1.0,1.0,1.0,1.0,1.0,1.0,1.0,1.0,1.0,1.0,1.0,1.0,1.0,1.0,1.0,1.0,1.0,1.0,1.0,1.0,1.0,1.0,1.0,1.0,1.0,1.0,1.0,1.0,1.0,1.0,1.0,1.0,1.0,1.0,1.0,1.0,1.0,1.0,1.0,1.0,1.0,1.0,1.0,1.0,1.0,1.0,1.0,1.0,1.0,1.0,1.0,1.0,1.0,1.0,1.0,1.0,1.0,1.0,1.0,1.0,1.0,1.0,1.0,1.0,1.0,1.0,1.0,1.0,1.0,1.0,1.0,1.0,0.837407850050816,1.4498337774956322,0.8254040118815993,1.2178032311968392,1.0823307487834422,1.0278541531384382,1.0967520275340787,0.6798018962290158,0.9387516637421821,0.7434039069890397,0.9301536178989538,0.9666431020156443,1.0287133638553738,0.7761899465646829,0.9124260208669953,1.2799871590700935,0.865531148834534,0.7461070725466766,0.8520358224668168,0.7602245218396345,1.060825129866287,0.8997615124872698,1.1288412300762893,1.2141037199241316,1.907659629397957,1.0653156005575526,0.7990018442683524,0.7097560720882533,0.812315760290771,1.0244310195911897,1.08911979534895,0.8201779067358392,0.7227494061660724,0.9302441712649556,0.8140712841807055,0.9453011036968549,0.7937503208515133,0.8787605092642539,0.6228803951546855,0.8966249867864032,1.0649968374072585,1.0766101715591647,0.8566252905357974,0.9769202923571919,0.9514075968015518,0.9024659990379009,0.8927794715202617,0.9558338288682167,0.8110051350567108,0.7638527668479935,0.7919977705491549,0.9879783405367868,1.0166526965248253,0.833617090432932,1.1039737991871879,1.0419339211259468,0.982695213013147,0.8004265662292834,0.6956935826284597,1.1309780686952795,0.9944021101966283,0.8884500549202428,0.9158710948464317,0.9045584598425629,0.6415103046332574,0.9998382031019053,1.0067072044642047,0.8988264910037573,0.839073589947877,0.7413296706251155,0.9077506301704727,0.9086309619689306,0.9049282778227774,0.7499175476101155,0.9542018018332841,0.8509182769363952,0.9428174048491385,0.9891503272447096,0.8821341562888748,0.8372574246194764,0.948322449174589,0.9680103486702927,1.230374478300667,0.9040489480388407,2.412093361182124,0.5946121988810849,0.7941920462476612,1.8820626218716554,1.0379475292817706,1.8566450053546046,0.9751234883272561,0.8630828468413305,1.1074341005658574,0.7994070078329215,0.9882178605603364,1.2032737992541844,1.4811022618748586,1.0449609227403718,1.1274774296311496,0.9999468540206102,1.3013254877872118,0.8743568089228316,0.736859945101382,1.0326211378938117,0.6007084122619614,0.9940494099089183,0.7439779924346756,0.8072015947153373,1.4349846988716877,0.9390344616724517,2.114587083420855,0.8030322538222892,1.1660812669988814,0.7257839543826272,0.8243629161317514,0.7880408233861964,1.0251288587814154,1.2345961071563663,0.8607838277149706,0.8862766450570034,0.8928191055435619,0.7950800769411166,0.9953367020337919,2.1227531748579125,1.27534106313147,1.6003596187907994,1.6397421023638912,0.5967643991153845,1.4699834683870276,1.2807714872222347,1.1426665987975742,0.987205403580854,1.15685057422594,1.1571944305756126,1.1764696639050818,1.0367122088071676,1.658563129476245,1.028087749187312,1.4174581263234405,1.133519728119991,1.1803521893982307,1.507091269873893,2.1345123927727325,1.0657399025678025,1.1966284004846197,1.9355885052296986,1.382888156787509,0.9125406037998468,0.9452337967877824
1.0,1.0,1.0,1.0,1.0,1.0,1.0,1.0,1.0,1.0,1.0,1.0,1.0,1.0,1.0,1.0,1.0,1.0,1.0,1.0,1.0,1.0,1.0,1.0,1.0,1.0,1.0,1.0,1.0,1.0,1.0,1.0,1.0,1.0,1.0,1.0,1.0,1.0,1.0,1.0,1.0,1.0,1.0,1.0,1.0,1.0,1.0,1.0,1.0,1.0,1.0,1.0,1.0,1.0,1.0,1.0,1.0,1.0,1.0,1.0,1.0,1.0,1.0,1.0,1.0,1.0,1.0,1.0,1.0,1.0,1.0,1.0,1.0,1.0,1.0,1.0,1.0,1.0,1.0,1.0,1.0,1.0,1.0,1.0,1.0,1.0,1.0,1.0,1.0,1.0,1.0,1.0,1.0,1.0,1.0,1.0,1.0,1.0,1.0,1.0,1.0,1.0,1.0,1.0,1.0,1.0,1.0,1.0,1.0,1.0,1.0,1.0,1.0,1.0,1.0,1.0,1.0,1.0,1.0,1.0,1.0,1.0,1.0,1.0,1.0,1.0,1.0,1.0,1.0,1.0,1.0,1.0,1.0,1.0,1.0,1.0,1.0,1.0,1.0,1.0,1.0,1.0,1.0,1.0,1.0,1.0,1.0,1.0,1.0,1.0,1.0,1.0,1.0,1.0,1.0,1.0,1.0,1.0,1.0,1.0,1.0,1.0,1.0,1.0,1.0,1.0,1.0,1.0,1.0,1.0,1.0,1.0,1.0,1.0,1.0,1.0,1.0,1.0,1.0,1.0,1.0,1.0,1.0,1.0,1.0,1.0,1.0,1.0,1.0,1.0,1.0,1.0,1.0,1.0,1.0,1.0,1.0,1.0,1.0,1.0,1.0,1.0,1.0,1.0,1.0,1.0,1.0,1.0,1.0,1.0,1.0,1.0,1.0,1.0,1.0,1.0,1.0,1.0,1.0,1.0,1.0,1.0,1.0,1.0,1.0,1.0,1.0,1.0,1.0,1.0,1.0,1.0,1.0,1.0,1.0,1.0,1.0,1.0,1.0,1.0,1.0,1.0,1.0,1.0,1.0,1.0,1.0,1.0,1.0,1.0,1.0,1.0,1.0,1.0,1.0,1.0,1.0,1.0,1.0,1.0,1.0,1.0,1.0,1.0,1.0,1.0,1.0,1.0,1.0,1.0,1.0,1.0,1.0,1.0,1.0,1.0,1.0,1.0,1.0,1.0,1.0,1.0,1.0,1.0,1.0,1.0,1.0,1.0,1.0,1.0,1.0,1.0,1.0,1.0,1.0,1.0,1.0,1.0,1.0,1.0,1.0,1.0,1.0,1.0,1.7104931201822946,0.9817952818804666,1.4432293896197401,1.2853955684834375,1.2220323752262083,1.3129085959214228,0.8110538768432651,1.115500348887914,0.8840359278994194,1.1130836971324716,1.1499816224505177,1.2239281850362025,0.9238759483206005,1.0822914654897764,1.5219184484571038,1.0285863194276896,0.8933631007150482,1.0247788905455355,0.905112730582604,1.2612613792397038,1.0703938547697833,1.3422331064786308,1.4426058983240468,2.2740527383132063,1.2730593594804454,0.9519184460168368,0.8484987434424652,0.9672401575191464,1.2129124792860446,1.2949024094516328,0.9767953837021319,0.8618897446005542,1.1019620513506239,0.9745252545060882,1.126310744359487,0.9415178528197685,1.0503659426653842,0.7437245631417926,1.0552165213812292,1.2715412987036507,1.2770016146820742,1.0212087613875207,1.16291611545891,1.134785479536526,1.0747107395703155,1.0603472910429268,1.134278819469484,0.9643217578240357,0.9069455240774154,0.9346176044254049,1.1665341352105385,1.2226362446319077,0.9936334459780378,1.3139736779489952,1.2293331461954176,1.168160702107182,0.9574144585715396,0.8310351770439025,1.346199896671075,1.193767188730816,1.0589580892543713,1.0989893452330068,1.0810958118260203,0.7653250105442196,1.1901283317534115,1.2290981476631977,1.07794175265243,1.0060494159077726,0.8860861952937784,1.0843409159205313,1.0872346066342071,1.0782624723474605,0.8930565785092216,1.138253397222097,1.021340875491291,1.1319887958261403,1.192703183257938,1.0609640672545768,1.0088688646373831,1.1330283393555352,1.158731580737012,1.458622191699126,1.080111855662822,2.86096845288644,0.7097462521981006,0.9536198119348098,2.24405655224021,1.2316932208275078,2.1952261309540857,1.1606319618899876,1.0316647409144988,1.3209635261164254,0.951002680025368,1.1765072838360058,1.443803130120989,1.7960946226260994,1.2479406234258459,1.337551492694885,1.1937524169027935,1.5771110783449607,1.0404097392803324,0.8810611678432696,1.2353926934653003,0.7223664048673993,1.1997922995593484,0.896200257079669,0.9670692660820948,1.72398463549652,1.1238279557859712,2.54249239518992,0.9534846135463291,1.388396864585088,0.8639191103054857,0.9867967506388277,0.9364237149819918,1.2192655149482974,1.470232923777576,1.0258661646677218,1.0552729596664967,1.0615005137105107,0.9555361187889917,1.1828631950215476,2.528252196472022,1.5162166817912253,1.875184218837854,1.9420349640122765,0.714287992596247,1.7697942702072558,1.5272553255760606,1.3604576574853258,1.1683414514649568,1.375241001917579,1.374158974920438,1.3981294164305085,1.2273139911830393,1.986256642917362,1.2336709432361952,1.6947735144589684,1.3429004314677597,1.4056037728432196,1.7956799132181516,2.6051272225671234,1.283799396857531,1.4235147620208093,2.297951783790702,1.6443494320924965,1.0953251497002827,1.1260651967116577
1.0,1.0,1.0,1.0,1.0,1.0,1.0,1.0,1.0,1.0,1.0,1.0,1.0,1.0,1.0,1.0,1.0,1.0,1.0,1.0,1.0,1.0,1.0,1.0,1.0,1.0,1.0,1.0,1.0,1.0,1.0,1.0,1.0,1.0,1.0,1.0,1.0,1.0,1.0,1.0,1.0,1.0,1.0,1.0,1.0,1.0,1.0,1.0,1.0,1.0,1.0,1.0,1.0,1.0,1.0,1.0,1.0,1.0,1.0,1.0,1.0,1.0,1.0,1.0,1.0,1.0,1.0,1.0,1.0,1.0,1.0,1.0,1.0,1.0,1.0,1.0,1.0,1.0,1.0,1.0,1.0,1.0,1.0,1.0,1.0,1.0,1.0,1.0,1.0,1.0,1.0,1.0,1.0,1.0,1.0,1.0,1.0,1.0,1.0,1.0,1.0,1.0,1.0,1.0,1.0,1.0,1.0,1.0,1.0,1.0,1.0,1.0,1.0,1.0,1.0,1.0,1.0,1.0,1.0,1.0,1.0,1.0,1.0,1.0,1.0,1.0,1.0,1.0,1.0,1.0,1.0,1.0,1.0,1.0,1.0,1.0,1.0,1.0,1.0,1.0,1.0,1.0,1.0,1.0,1.0,1.0,1.0,1.0,1.0,1.0,1.0,1.0,1.0,1.0,1.0,1.0,1.0,1.0,1.0,1.0,1.0,1.0,1.0,1.0,1.0,1.0,1.0,1.0,1.0,1.0,1.0,1.0,1.0,1.0,1.0,1.0,1.0,1.0,1.0,1.0,1.0,1.0,1.0,1.0,1.0,1.0,1.0,1.0,1.0,1.0,1.0,1.0,1.0,1.0,1.0,1.0,1.0,1.0,1.0,1.0,1.0,1.0,1.0,1.0,1.0,1.0,1.0,1.0,1.0,1.0,1.0,1.0,1.0,1.0,1.0,1.0,1.0,1.0,1.0,1.0,1.0,1.0,1.0,1.0,1.0,1.0,1.0,1.0,1.0,1.0,1.0,1.0,1.0,1.0,1.0,1.0,1.0,1.0,1.0,1.0,1.0,1.0,1.0,1.0,1.0,1.0,1.0,1.0,1.0,1.0,1.0,1.0,1.0,1.0,1.0,1.0,1.0,1.0,1.0,1.0,1.0,1.0,1.0,1.0,1.0,1.0,1.0,1.0,1.0,1.0,1.0,1.0,1.0,1.0,1.0,1.0,1.0,1.0,1.0,1.0,1.0,1.0,1.0,1.0,1.0,1.0,1.0,1.0,1.0,1.0,1.0,1.0,1.0,1.0,1.0,1.0,1.0,1.0,1.0,1.0,1.0,1.0,1.0,1.0,1.0,0.5641034505658826,0.8348906650916539,0.7407639025997217,0.7027708813590361,0.7467848511106504,0.4631489272826157,0.641712800081887,0.5076200868430418,0.631851802934794,0.6605821040591702,0.7027171147983112,0.5299821162735057,0.6253710590033227,0.8760162030700163,0.5914863012109133,0.5058916476303416,0.5762861409393185,0.5192907867792786,0.7251031236981226,0.6150331356248168,0.7716239901568986,0.8308490071735576,1.3010287405508003,0.7247107365746117,0.5451218887066103,0.4827024655051701,0.5545575551318914,0.7028157867945762,0.7450936080968675,0.5598063874599879,0.4929059528608888,0.6380993029230968,0.5534524570953132,0.6454271499093969,0.5436784397739819,0.5985758092410964,0.4243582618787944,0.6190840532522774,0.7246535165791839,0.7380191277417703,0.5841917344540786,0.666772126746285,0.6492268660449148,0.6157576233122546,0.6108038425375389,0.6534919899707423,0.5543025273917315,0.5223734737553903,0.5442004791351669,0.6800221440060432,0.6877785544638577,0.5683453453718973,0.7547601419685127,0.717907026809982,0.6718967041308617,0.54425231672677,0.4735381966520339,0.7725598756584381,0.6746935509293841,0.6061057657989511,0.6209923788785863,0.615681660278365,0.4372947682627728,0.6830466346436648,0.6747590973101814,0.609803550416357,0.5694240754661155,0.5042074846295586,0.6182827991819537,0.6178697613705245,0.6172471064871172,0.5128251324141403,0.6501355634741258,0.5767140112099434,0.6394026871218659,0.6672215598390017,0.5960322941240547,0.5650834731243146,0.6458105151765229,0.6577936259968832,0.8443829998336008,0.6148529397153712,1.6551572051472805,0.4050502816742817,0.5390648896187961,1.284146448197776,0.7110605843295248,1.2761640996605577,0.6654958634044341,0.5866823474999976,0.7554874236957767,0.5461174729203848,0.6738710906706897,0.8179381606913136,0.9986816008161483,0.712110848608585,0.7711718733694337,0.6809062738565839,0.8746812591141915,0.5973017907989356,0.5017565915596178,0.7021292504359855,0.4065661253192788,0.6714847945320013,0.5027949121697726,0.5482789833049391,0.9735298029418542,0.6385261601465,1.4350919528122965,0.549212380932155,0.7963342275588005,0.49546841175895695,0.5600693814646589,0.5387878228428,0.7004978446085826,0.8429947211274196,0.5871913935931836,0.6052218837866405,0.6105046591895545,0.5385620555012011,0.6810736764670777,1.4478482349844382,0.8714678214047664,1.1077812867763486,1.1248128763504077,0.40555462579184637,0.9964358719572479,0.8750367830275219,0.7804996167750374,0.6779836719593149,0.7912808458585889,0.7916615337700341,0.8040518342738153,0.7115774875647406,1.1272917103032203,0.6970109199787891,0.9653494858889924,0.7783245854810608,0.8058872375310693,1.0275614791990684,1.4248532575177202,0.7205761679570766,0.817426811950063,1.3245567203865103,0.9454264710640944,0.619221198285029,0.6446508989629903
1.0,1.0,1.0,1.0,1.0,1.0,1.0,1.0,1.0,1.0,1.0,1.0,1.0,1.0,1.0,1.0,1.0,1.0,1.0,1.0,1.0,1.0,1.0,1.0,1.0,1.0,1.0,1.0,1.0,1.0,1.0,1.0,1.0,1.0,1.0,1.0,1.0,1.0,1.0,1.0,1.0,1.0,1.0,1.0,1.0,1.0,1.0,1.0,1.0,1.0,1.0,1.0,1.0,1.0,1.0,1.0,1.0,1.0,1.0,1.0,1.0,1.0,1.0,1.0,1.0,1.0,1.0,1.0,1.0,1.0,1.0,1.0,1.0,1.0,1.0,1.0,1.0,1.0,1.0,1.0,1.0,1.0,1.0,1.0,1.0,1.0,1.0,1.0,1.0,1.0,1.0,1.0,1.0,1.0,1.0,1.0,1.0,1.0,1.0,1.0,1.0,1.0,1.0,1.0,1.0,1.0,1.0,1.0,1.0,1.0,1.0,1.0,1.0,1.0,1.0,1.0,1.0,1.0,1.0,1.0,1.0,1.0,1.0,1.0,1.0,1.0,1.0,1.0,1.0,1.0,1.0,1.0,1.0,1.0,1.0,1.0,1.0,1.0,1.0,1.0,1.0,1.0,1.0,1.0,1.0,1.0,1.0,1.0,1.0,1.0,1.0,1.0,1.0,1.0,1.0,1.0,1.0,1.0,1.0,1.0,1.0,1.0,1.0,1.0,1.0,1.0,1.0,1.0,1.0,1.0,1.0,1.0,1.0,1.0,1.0,1.0,1.0,1.0,1.0,1.0,1.0,1.0,1.0,1.0,1.0,1.0,1.0,1.0,1.0,1.0,1.0,1.0,1.0,1.0,1.0,1.0,1.0,1.0,1.0,1.0,1.0,1.0,1.0,1.0,1.0,1.0,1.0,1.0,1.0,1.0,1.0,1.0,1.0,1.0,1.0,1.0,1.0,1.0,1.0,1.0,1.0,1.0,1.0,1.0,1.0,1.0,1.0,1.0,1.0,1.0,1.0,1.0,1.0,1.0,1.0,1.0,1.0,1.0,1.0,1.0,1.0,1.0,1.0,1.0,1.0,1.0,1.0,1.0,1.0,1.0,1.0,1.0,1.0,1.0,1.0,1.0,1.0,1.0,1.0,1.0,1.0,1.0,1.0,1.0,1.0,1.0,1.0,1.0,1.0,1.0,1.0,1.0,1.0,1.0,1.0,1.0,1.0,1.0,1.0,1.0,1.0,1.0,1.0,1.0,1.0,1.0,1.0,1.0,1.0,1.0,1.0,1.0,1.0,1.0,1.0,1.0,1.0,1.0,1.0,1.0,1.0,1.0,1.0,1.0,1.0,1.0,1.4733984318394548,1.3098431669468065,1.2446149470087198,1.331543794127297,0.8242507963803333,1.1363917306830094,0.9001410732169315,1.1290961863746625,1.1706376621201975,1.245737143256684,0.9403136698780908,1.104485352381877,1.5502054169259991,1.0476369298397117,0.9056945960734563,1.036349107992845,0.9213598564082559,1.2846347801617775,1.089690049764901,1.3665213189100656,1.4701740618422832,2.3121920823126176,1.2928870705576534,0.9683809238620815,0.8610887262688847,0.9841925763142569,1.2383092840670613,1.318890763392619,0.9937240328565594,0.8761827011086343,1.124907418894208,0.9884078248327532,1.1458222261011208,0.960067129788357,1.0663335233078515,0.7558640502630103,1.0819254697775098,1.2918515618912836,1.3028619932956262,1.03812826730328,1.1835714262874655,1.153509892708422,1.0934179656165535,1.0804733809604414,1.1564251881859553,0.9820602134460489,0.9243044292943304,0.955791847611847,1.1935107680492283,1.2368230498148085,1.0103243583958246,1.3375181841497137,1.2576802886109513,1.1896628047131934,0.9714176229969355,0.8438175052715732,1.3704341795240826,1.2087969623867711,1.0765707141738414,1.1131535983518221,1.097678170381648,0.7780093397787304,1.211577212251624,1.2332343370780738,1.0920232309889633,1.0194300190058745,0.8997761566145785,1.10130725449801,1.1030991294444599,1.0968191585496492,0.9089198156407226,1.1566542742441195,1.0339613538272632,1.1462402539963863,1.20450360780584,1.0727176273596604,1.0191859442099176,1.1505642769925961,1.175196531519263,1.4882462464086719,1.0967360204158294,2.922226663974277,0.7211385434157386,0.9657169947589852,2.2803483220208247,1.256267112252043,2.2429216381521937,1.1808140436267927,1.046808739716754,1.3429189468009954,0.9681891634803403,1.196662334949386,1.4625564999493932,1.8066818072069988,1.2673307838395735,1.3636680826844025,1.2126392959726662,1.5872259326947065,1.0589097918798436,0.8942792386827307,1.2537490702720038,0.7307820114493964,1.2106226029111338,0.9055256219564406,0.980360499387883,1.7448908746031961,1.1403481119899839,2.573044127254269,0.971755001074561,1.4131408805322843,0.8793593308270179,1.0013534381844973,0.9539713378947725,1.2414165859246151,1.4958958508478486,1.043028478649501,1.0738705302679035,1.0806047059195323,0.9666192761321057,1.2052068959963853,2.571096613790103,1.5438893780009693,1.9252887686858884,1.984483844680759,0.7244909311432506,1.789326475881573,1.5531963419712547,1.3843728081048763,1.1933995963095203,1.4007416095734777,1.4005493484214564,1.4242902562016844,1.2533797132098665,2.0142730782169087,1.2493303775716433,1.722056792701019,1.3705707877524413,1.4300905313695003,1.825842771977173,2.610737024019458,1.2967247625593021,1.4491720093495752,2.3410699061891034,1.6743006948706358,1.1091758331124968,1.1454533880300803
1.0,1.0,1.0,1.0,1.0,1.0,1.0,1.0,1.0,1.0,1.0,1.0,1.0,1.0,1.0,1.0,1.0,1.0,1.0,1.0,1.0,1.0,1.0,1.0,1.0,1.0,1.0,1.0,1.0,1.0,1.0,1.0,1.0,1.0,1.0,1.0,1.0,1.0,1.0,1.0,1.0,1.0,1.0,1.0,1.0,1.0,1.0,1.0,1.0,1.0,1.0,1.0,1.0,1.0,1.0,1.0,1.0,1.0,1.0,1.0,1.0,1.0,1.0,1.0,1.0,1.0,1.0,1.0,1.0,1.0,1.0,1.0,1.0,1.0,1.0,1.0,1.0,1.0,1.0,1.0,1.0,1.0,1.0,1.0,1.0,1.0,1.0,1.0,1.0,1.0,1.0,1.0,1.0,1.0,1.0,1.0,1.0,1.0,1.0,1.0,1.0,1.0,1.0,1.0,1.0,1.0,1.0,1.0,1.0,1.0,1.0,1.0,1.0,1.0,1.0,1.0,1.0,1.0,1.0,1.0,1.0,1.0,1.0,1.0,1.0,1.0,1.0,1.0,1.0,1.0,1.0,1.0,1.0,1.0,1.0,1.0,1.0,1.0,1.0,1.0,1.0,1.0,1.0,1.0,1.0,1.0,1.0,1.0,1.0,1.0,1.0,1.0,1.0,1.0,1.0,1.0,1.0,1.0,1.0,1.0,1.0,1.0,1.0,1.0,1.0,1.0,1.0,1.0,1.0,1.0,1.0,1.0,1.0,1.0,1.0,1.0,1.0,1.0,1.0,1.0,1.0,1.0,1.0,1.0,1.0,1.0,1.0,1.0,1.0,1.0,1.0,1.0,1.0,1.0,1.0,1.0,1.0,1.0,1.0,1.0,1.0,1.0,1.0,1.0,1.0,1.0,1.0,1.0,1.0,1.0,1.0,1.0,1.0,1.0,1.0,1.0,1.0,1.0,1.0,1.0,1.0,1.0,1.0,1.0,1.0,1.0,1.0,1.0,1.0,1.0,1.0,1.0,1.0,1.0,1.0,1.0,1.0,1.0,1.0,1.0,1.0,1.0,1.0,1.0,1.0,1.0,1.0,1.0,1.0,1.0,1.0,1.0,1.0,1.0,1.0,1.0,1.0,1.0,1.0,1.0,1.0,1.0,1.0,1.0,1.0,1.0,1.0,1.0,1.0,1.0,1.0,1.0,1.0,1.0,1.0,1.0,1.0,1.0,1.0,1.0,1.0,1.0,1.0,1.0,1.0,1.0,1.0,1.0,1.0,1.0,1.0,1.0,1.0,1.0,1.0,1.0,1.0,1.0,1.0,1.0,1.0,1.0,1.0,1.0,1.0,1.0,1.0,0.8853336205260469,0.840706801194834,0.8949505683777947,0.555756531426187,0.7679822805557308,0.6080550792772024,0.7593531496412836,0.7906581303797836,0.8409506187285054,0.635105237600458,0.7486807242812845,1.0464840212865507,0.7078018957422254,0.6090380226046707,0.6948389380748858,0.622192953266472,0.8681726654511874,0.7356175208206205,0.9223929156704005,0.9945821476236891,1.5583923311053696,0.8711558020034303,0.6535213744573094,0.5793791210934567,0.664371021760813,0.8387245159664556,0.8912304463727234,0.6708203679257143,0.5907089875945657,0.7616494397043432,0.6647453403301915,0.773618301007087,0.649572575753251,0.717808804658377,0.5099611803041288,0.7364148006046591,0.8707654548882082,0.882341407621052,0.6996078835754198,0.7993732116742803,0.7776506562909811,0.7382021291981917,0.7303696868126598,0.7827769983449998,0.6633950990077758,0.6248925667658605,0.6494016433977998,0.8102405201584675,0.8300891643808708,0.6814445617290341,0.9025724099552848,0.8529739545627459,0.803458146655162,0.6535731482126935,0.5682637609150005,0.9251610811890945,0.8114135900635111,0.7259195888124166,0.7474370696675519,0.7389160964675234,0.5247336389001025,0.8181891575490537,0.819195986402612,0.7333220144413144,0.6846425265189373,0.6065145310733366,0.7418456070467199,0.7421286189135383,0.740291810614827,0.6133611941391273,0.7785018405107935,0.6940857695164212,0.7698491185274545,0.806166849290697,0.7189821253274286,0.6825636070955295,0.7747706875461977,0.7903691597877812,1.0074440721776854,0.7383686339529576,1.9816759159767838,0.48588532143933266,0.6478711862773279,1.535626427141319,0.850640529253431,1.5205987427121601,0.7968032353126686,0.7046545982442549,0.9049956180181964,0.6537427335724335,0.8078785424794375,0.9818331437909633,1.2000169570761576,0.8529029140344497,0.9221155749603236,0.8164932790932453,1.0573609143380756,0.7147519902329498,0.6017035875644962,0.8448155587885542,0.49019298795559496,0.8084141896163975,0.6061776591897399,0.6592052268011557,1.170582778453853,0.7676610559472801,1.7242803913296787,0.65708182623839,0.9546448878101861,0.5939651963977672,0.6747830810492148,0.6446834381179336,0.8386701833146961,1.0096861849612881,0.7037528270355649,0.7248009633831174,0.7297309415983406,0.6480034536042081,0.8147644265484615,1.7316045427300586,1.0423592508710176,1.3136981073314922,1.3463031395789236,0.487378721171029,1.1987757310946017,1.047416029944666,0.9343641903623946,0.8089724415771624,0.9464000770652492,0.9468098015129964,0.9626361473825003,0.8496284797814004,1.354667588300718,0.8388998696242498,1.1637427274295618,0.927197620960464,0.9649293110126527,1.2315111984236986,1.7273380095180833,0.8674904307166826,0.9785536820010062,1.5854292553246099,1.1311558841295186,0.7447549458850745,0.7730363930252054
1.0,1.0,1.0,1.0,1.0,1.0,1.0,1.0,1.0,1.0,1.0,1.0,1.0,1.0,1.0,1.0,1.0,1.0,1.0,1.0,1.0,1.0,1.0,1.0,1.0,1.0,1.0,1.0,1.0,1.0,1.0,1.0,1.0,1.0,1.0,1.0,1.0,1.0,1.0,1.0,1.0,1.0,1.0,1.0,1.0,1.0,1.0,1.0,1.0,1.0,1.0,1.0,1.0,1.0,1.0,1.0,1.0,1.0,1.0,1.0,1.0,1.0,1.0,1.0,1.0,1.0,1.0,1.0,1.0,1.0,1.0,1.0,1.0,1.0,1.0,1.0,1.0,1.0,1.0,1.0,1.0,1.0,1.0,1.0,1.0,1.0,1.0,1.0,1.0,1.0,1.0,1.0,1.0,1.0,1.0,1.0,1.0,1.0,1.0,1.0,1.0,1.0,1.0,1.0,1.0,1.0,1.0,1.0,1.0,1.0,1.0,1.0,1.0,1.0,1.0,1.0,1.0,1.0,1.0,1.0,1.0,1.0,1.0,1.0,1.0,1.0,1.0,1.0,1.0,1.0,1.0,1.0,1.0,1.0,1.0,1.0,1.0,1.0,1.0,1.0,1.0,1.0,1.0,1.0,1.0,1.0,1.0,1.0,1.0,1.0,1.0,1.0,1.0,1.0,1.0,1.0,1.0,1.0,1.0,1.0,1.0,1.0,1.0,1.0,1.0,1.0,1.0,1.0,1.0,1.0,1.0,1.0,1.0,1.0,1.0,1.0,1.0,1.0,1.0,1.0,1.0,1.0,1.0,1.0,1.0,1.0,1.0,1.0,1.0,1.0,1.0,1.0,1.0,1.0,1.0,1.0,1.0,1.0,1.0,1.0,1.0,1.0,1.0,1.0,1.0,1.0,1.0,1.0,1.0,1.0,1.0,1.0,1.0,1.0,1.0,1.0,1.0,1.0,1.0,1.0,1.0,1.0,1.0,1.0,1.0,1.0,1.0,1.0,1.0,1.0,1.0,1.0,1.0,1.0,1.0,1.0,1.0,1.0,1.0,1.0,1.0,1.0,1.0,1.0,1.0,1.0,1.0,1.0,1.0,1.0,1.0,1.0,1.0,1.0,1.0,1.0,1.0,1.0,1.0,1.0,1.0,1.0,1.0,1.0,1.0,1.0,1.0,1.0,1.0,1.0,1.0,1.0,1.0,1.0,1.0,1.0,1.0,1.0,1.0,1.0,1.0,1.0,1.0,1.0,1.0,1.0,1.0,1.0,1.0,1.0,1.0,1.0,1.0,1.0,1.0,1.0,1.0,1.0,1.0,1.0,1.0,1.0,1.0,1.0,1.0,1.0,1.0,1.0,0.9496472998262069,1.0157652606330965,0.6283560265821323,0.8669382430693324,0.6865784216527817,0.8602592667203708,0.8932719654267189,0.9507271232729897,0.7170555093915817,0.8421950920571651,1.1832830921105226,0.7993318135231939,0.6897576802268738,0.7888201564088989,0.7023501981377452,0.9799298558870133,0.8317044921744994,1.043424426452102,1.1212988678782054,1.7632899141438731,0.9844789398716824,0.7382844630902823,0.656632745447576,0.7506053097006534,0.945755061386293,1.0065062478775861,0.7579383454503075,0.6681773268324289,0.8588368629412055,0.7532780342386601,0.8737811431843401,0.7330071903934339,0.8131753431469382,0.5755382101133408,0.8267564966313735,0.9840394320519623,0.9938988347015228,0.7921384267962315,0.9023246833851961,0.8799438528681047,0.8337101832621844,0.8247010821387654,0.8820302244498621,0.7492369541304258,0.7053235000000309,0.7302122796258386,0.9112446240521515,0.9407893496453497,0.7705120345154094,1.0205955846292354,0.96223449090785,0.9080803291462134,0.7404133184434649,0.6434795409640325,1.0448367610128877,0.9209984648375914,0.8213986411207346,0.8476176026117133,0.8365767622554976,0.5928965908476704,0.9238097857883101,0.9356734164981189,0.8319070611700999,0.7766248624560603,0.6851354117010577,0.8394653975117679,0.8405051543157536,0.8360765989443517,0.6934162069583192,0.8823757823909959,0.7877752617017388,0.8727694528367442,0.9158751178978097,0.8164946309048066,0.7751594891899452,0.8772070647303474,0.8955475047094477,1.136272199331241,0.8358017853068944,2.2253476549426443,0.5497453623212563,0.7355692540215385,1.7416423700530026,0.9583180475915947,1.7140892846210831,0.9012391851728853,0.7981946660374071,1.0239557122914955,0.7385667078387644,0.9130126974241516,1.1146789270505457,1.3787071061623033,0.966962456253579,1.0406171474062975,0.9246049074011267,1.2076442508333816,0.8081250760354712,0.6818609049581477,0.9545932199496411,0.5560834619931324,0.9221600993443237,0.6892619790964292,0.7469805146506834,1.3289882472741281,0.8684562450438608,1.9599146636084877,0.7415658597170067,1.0772060622660358,0.6703867402357464,0.7618536541364249,0.7278397143668314,0.9472006877377896,1.141205269113871,0.7958088511265244,0.8191743020530635,0.825217914447139,0.7365331931406884,0.9196181180944161,1.9630852858664336,1.1785139706391565,1.47541651837256,1.511919088121608,0.5520855032808611,1.3626068078855793,1.1847442897988434,1.056246560919635,0.9110921247166339,1.0689667835971923,1.0684970022133047,1.0864103041346116,0.9567417420568969,1.5346380233613752,0.9514416719804141,1.3096922486977485,1.0474885081454677,1.0911498809177615,1.3928896697663515,1.9844679653484492,0.9877195360230717,1.1056721699903176,1.7880728164565562,1.2779847266389885,0.8450491329378195,0.8732786675309865
1.0,1.0,1.0,1.0,1.0,1.0,1.0,1.0,1.0,1.0,1.0,1.0,1.0,1.0,1.0,1.0,1.0,1.0,1.0,1.0,1.0,1.0,1.0,1.0,1.0,1.0,1.0,1.0,1.0,1.0,1.0,1.0,1.0,1.0,1.0,1.0,1.0,1.0,1.0,1.0,1.0,1.0,1.0,1.0,1.0,1.0,1.0,1.0,1.0,1.0,1.0,1.0,1.0,1.0,1.0,1.0,1.0,1.0,1.0,1.0,1.0,1.0,1.0,1.0,1.0,1.0,1.0,1.0,1.0,1.0,1.0,1.0,1.0,1.0,1.0,1.0,1.0,1.0,1.0,1.0,1.0,1.0,1.0,1.0,1.0,1.0,1.0,1.0,1.0,1.0,1.0,1.0,1.0,1.0,1.0,1.0,1.0,1.0,1.0,1.0,1.0,1.0,1.0,1.0,1.0,1.0,1.0,1.0,1.0,1.0,1.0,1.0,1.0,1.0,1.0,1.0,1.0,1.0,1.0,1.0,1.0,1.0,1.0,1.0,1.0,1.0,1.0,1.0,1.0,1.0,1.0,1.0,1.0,1.0,1.0,1.0,1.0,1.0,1.0,1.0,1.0,1.0,1.0,1.0,1.0,1.0,1.0,1.0,1.0,1.0,1.0,1.0,1.0,1.0,1.0,1.0,1.0,1.0,1.0,1.0,1.0,1.0,1.0,1.0,1.0,1.0,1.0,1.0,1.0,1.0,1.0,1.0,1.0,1.0,1.0,1.0,1.0,1.0,1.0,1.0,1.0,1.0,1.0,1.0,1.0,1.0,1.0,1.0,1.0,1.0,1.0,1.0,1.0,1.0,1.0,1.0,1.0,1.0,1.0,1.0,1.0,1.0,1.0,1.0,1.0,1.0,1.0,1.0,1.0,1.0,1.0,1.0,1.0,1.0,1.0,1.0,1.0,1.0,1.0,1.0,1.0,1.0,1.0,1.0,1.0,1.0,1.0,1.0,1.0,1.0,1.0,1.0,1.0,1.0,1.0,1.0,1.0,1.0,1.0,1.0,1.0,1.0,1.0,1.0,1.0,1.0,1.0,1.0,1.0,1.0,1.0,1.0,1.0,1.0,1.0,1.0,1.0,1.0,1.0,1.0,1.0,1.0,1.0,1.0,1.0,1.0,1.0,1.0,1.0,1.0,1.0,1.0,1.0,1.0,1.0,1.0,1.0,1.0,1.0,1.0,1.0,1.0,1.0,1.0,1.0,1.0,1.0,1.0,1.0,1.0,1.0,1.0,1.0,1.0,1.0,1.0,1.0,1.0,1.0,1.0,1.0,1.0,1.0,1.0,1.0,1.0,1.0,1.0,1.0,1.0710684092693086,0.6618705369161588,0.9126612380654945,0.7227132730864214,0.9065885657784989,0.9404938223292483,1.000882475941299,0.7550348209643817,0.8864669105461628,1.2458404323023675,0.8412541380487373,0.7271158870074788,0.8323211883165488,0.7396918404673767,1.0317723610976426,0.8757217854539926,1.0981968082795834,1.1803546933618194,1.8573964565266419,1.0373979575374719,0.777486437638998,0.6917882922578376,0.7903280160581141,0.9948697276258202,1.0597198158717767,0.798182658735645,0.7037461380857006,0.9034171348458093,0.7940015824794824,0.9204244346416024,0.771243036997348,0.856797428066849,0.606478614338887,0.8686277665921367,1.0366475529323589,1.0459376673505196,0.8338692372694171,0.9502754676832241,0.9272854853483534,0.8777276345536282,0.8679063335699376,0.928262977571422,0.7887641277702959,0.7420518002591046,0.7671035934659469,0.9580809743956892,0.991998559934236,0.8114976006592387,1.0747593837675988,1.0113249098802566,0.9558573911838675,0.7801834001283499,0.6779447570674745,1.100230303453138,0.9710711567997625,0.8650158226522544,0.8939385130007449,0.881192406766777,0.6244534173740077,0.9728067679089498,0.9908007741847042,0.877365666942918,0.818476379775441,0.72158973783219,0.8846070299352566,0.8858871418759298,0.8806307567092415,0.7302202122763671,0.9290175563062142,0.8306465554803132,0.9204960255468285,0.9666219617675749,0.8612984074696743,0.8178687793890748,0.9239185061756284,0.9440778051972558,1.1954815575013593,0.8803769979574494,2.3431797500741185,0.5791002391612442,0.7756837922395334,1.8349845878205018,1.0087151441348146,1.8025785684403666,0.9488273622522148,0.8407104868690031,1.0786763379967985,0.7775515012362204,0.9611771868360207,1.1757903835695656,1.4561153144431416,1.0188992158317227,1.0944554302935787,0.9735585326315246,1.276612548438389,0.8508283894102845,0.7187634847479043,1.0055129019612967,0.5867117649821676,0.9734245742815804,0.7273665546328981,0.787550596424919,1.4020278696283484,0.915327336343815,2.0679812431505575,0.7803835342500152,1.134118962967096,0.7058740035477429,0.80287728534179,0.7660440247239007,0.9971255154793235,1.2016789304016706,0.8381804844873416,0.8627172943695409,0.8684799754298904,0.776913806579725,0.9682341267454135,2.065730508975031,1.240325388557503,1.5478075074513362,1.5894874359737707,0.5818660524621988,1.4385753402701444,1.2479834031121397,1.1122771962609956,0.9583058017119458,1.125212808498772,1.1244239302469845,1.143700959984593,1.0061217807664926,1.61816543769746,1.003244327210959,1.3811638775130455,1.1018259147101972,1.1490241914276988,1.4664786419908693,2.098056203709757,1.042434681448185,1.16395804316883,1.881050743864002,1.3455810776935895,0.891525247002892,0.9195707342533316
1.0,1.0,1.0,1.0,1.0,1.0,1.0,1.0,1.0,1.0,1.0,1.0,1.0,1.0,1.0,1.0,1.0,1.0,1.0,1.0,1.0,1.0,1.0,1.0,1.0,1.0,1.0,1.0,1.0,1.0,1.0,1.0,1.0,1.0,1.0,1.0,1.0,1.0,1.0,1.0,1.0,1.0,1.0,1.0,1.0,1.0,1.0,1.0,1.0,1.0,1.0,1.0,1.0,1.0,1.0,1.0,1.0,1.0,1.0,1.0,1.0,1.0,1.0,1.0,1.0,1.0,1.0,1.0,1.0,1.0,1.0,1.0,1.0,1.0,1.0,1.0,1.0,1.0,1.0,1.0,1.0,1.0,1.0,1.0,1.0,1.0,1.0,1.0,1.0,1.0,1.0,1.0,1.0,1.0,1.0,1.0,1.0,1.0,1.0,1.0,1.0,1.0,1.0,1.0,1.0,1.0,1.0,1.0,1.0,1.0,1.0,1.0,1.0,1.0,1.0,1.0,1.0,1.0,1.0,1.0,1.0,1.0,1.0,1.0,1.0,1.0,1.0,1.0,1.0,1.0,1.0,1.0,1.0,1.0,1.0,1.0,1.0,1.0,1.0,1.0,1.0,1.0,1.0,1.0,1.0,1.0,1.0,1.0,1.0,1.0,1.0,1.0,1.0,1.0,1.0,1.0,1.0,1.0,1.0,1.0,1.0,1.0,1.0,1.0,1.0,1.0,1.0,1.0,1.0,1.0,1.0,1.0,1.0,1.0,1.0,1.0,1.0,1.0,1.0,1.0,1.0,1.0,1.0,1.0,1.0,1.0,1.0,1.0,1.0,1.0,1.0,1.0,1.0,1.0,1.0,1.0,1.0,1.0,1.0,1.0,1.0,1.0,1.0,1.0,1.0,1.0,1.0,1.0,1.0,1.0,1.0,1.0,1.0,1.0,1.0,1.0,1.0,1.0,1.0,1.0,1.0,1.0,1.0,1.0,1.0,1.0,1.0,1.0,1.0,1.0,1.0,1.0,1.0,1.0,1.0,1.0,1.0,1.0,1.0,1.0,1.0,1.0,1.0,1.0,1.0,1.0,1.0,1.0,1.0,1.0,1.0,1.0,1.0,1.0,1.0,1.0,1.0,1.0,1.0,1.0,1.0,1.0,1.0,1.0,1.0,1.0,1.0,1.0,1.0,1.0,1.0,1.0,1.0,1.0,1.0,1.0,1.0,1.0,1.0,1.0,1.0,1.0,1.0,1.0,1.0,1.0,1.0,1.0,1.0,1.0,1.0,1.0,1.0,1.0,1.0,1.0,1.0,1.0,1.0,1.0,1.0,1.0,1.0,1.0,1.0,1.0,1.0,1.0,1.0,1.0,0.6126271182877587,0.8412667651397234,0.6660884876893455,0.841331409438349,0.8689930345087464,0.9246391196099026,0.6969460420027996,0.8156131439265291,1.1511683121741052,0.77480684399642,0.6749875699756424,0.777481773240863,0.6830029106504316,0.9517970503852751,0.8094413891489755,1.014099365037275,1.0877167966257908,1.718682918221516,0.9604781216464962,0.7182830231808078,0.6420345950244918,0.7297790882124078,0.9140542513802291,0.9787276223028138,0.7377151654642193,0.6512678631193682,0.8297487931527114,0.738373993372917,0.8519265909022635,0.7096675154259175,0.7961193896175207,0.5612099651345995,0.7915605707965798,0.9589401809336091,0.9613187913635712,0.7708979889151037,0.8771745295395939,0.8599038289474364,0.8099424831710382,0.7997953863493081,0.8534210824711246,0.7275514051248118,0.6823523924724471,0.6999698874755873,0.8759476995739417,0.923660999719769,0.750802241384131,0.993708397840603,0.9268638358169744,0.8822014000991111,0.7239862344551807,0.6290641625635107,1.0154504063135612,0.9059502020772233,0.8011120150648903,0.8329483895893571,0.8167211411343644,0.5774216089446891,0.8982133219484363,0.943399160456877,0.8176249723367495,0.761165124051361,0.6674676706241365,0.8203692007544356,0.8229295638038419,0.8137662405132797,0.6754540475090516,0.8592327299150315,0.7746628152957613,0.858561830511358,0.9035868958613044,0.8040058320468493,0.7639461545747406,0.8560864711034082,0.8779921912168538,1.0992059269790075,0.8149345916322555,2.1519635307299705,0.5363710278953419,0.7234855788198096,1.7058682654203614,0.9283587765252349,1.6550587217785275,0.8769541840032076,0.7798022343525468,0.9992566694902497,0.717472261638412,0.8881277283719438,1.0993321294448066,1.381621733767069,0.9472455878264162,1.0046922374678993,0.9004741819194351,1.2064514214882298,0.786333478243786,0.6685259789950155,0.9304650830929252,0.5477196624956806,0.9150345423473649,0.6809173854091641,0.7331907024003044,1.3108718816770777,0.8498467592679106,1.9356487664132582,0.7183906953856096,1.0464600533427988,0.6512028903009226,0.743418353716025,0.705750221028917,0.9203215660235241,1.1111981942403302,0.7763633244485073,0.7974542443670559,0.8019579323065973,0.7263655005766975,0.8936900205170788,1.9084873595410254,1.1445024007101043,1.4066589036469987,1.4519328859221068,0.5405049000277591,1.3511301158839795,1.1565203189348665,1.0285332759120627,0.8793637072412841,1.0381355984189589,1.0346223745831733,1.053982892176076,0.9223509150719309,1.5053565963306632,0.9345010928878513,1.281761474906821,1.0142925494182549,1.062470085948275,1.3551987659565308,1.9918757491298387,0.9777270039331063,1.074358619559556,1.7355586260071234,1.2433624412852777,0.8325305280419204,0.8492024072572897
1.0,1.0,1.0,1.0,1.0,1.0,1.0,1.0,1.0,1.0,1.0,1.0,1.0,1.0,1.0,1.0,1.0,1.0,1.0,1.0,1.0,1.0,1.0,1.0,1.0,1.0,1.0,1.0,1.0,1.0,1.0,1.0,1.0,1.0,1.0,1.0,1.0,1.0,1.0,1.0,1.0,1.0,1.0,1.0,1.0,1.0,1.0,1.0,1.0,1.0,1.0,1.0,1.0,1.0,1.0,1.0,1.0,1.0,1.0,1.0,1.0,1.0,1.0,1.0,1.0,1.0,1.0,1.0,1.0,1.0,1.0,1.0,1.0,1.0,1.0,1.0,1.0,1.0,1.0,1.0,1.0,1.0,1.0,1.0,1.0,1.0,1.0,1.0,1.0,1.0,1.0,1.0,1.0,1.0,1.0,1.0,1.0,1.0,1.0,1.0,1.0,1.0,1.0,1.0,1.0,1.0,1.0,1.0,1.0,1.0,1.0,1.0,1.0,1.0,1.0,1.0,1.0,1.0,1.0,1.0,1.0,1.0,1.0,1.0,1.0,1.0,1.0,1.0,1.0,1.0,1.0,1.0,1.0,1.0,1.0,1.0,1.0,1.0,1.0,1.0,1.0,1.0,1.0,1.0,1.0,1.0,1.0,1.0,1.0,1.0,1.0,1.0,1.0,1.0,1.0,1.0,1.0,1.0,1.0,1.0,1.0,1.0,1.0,1.0,1.0,1.0,1.0,1.0,1.0,1.0,1.0,1.0,1.0,1.0,1.0,1.0,1.0,1.0,1.0,1.0,1.0,1.0,1.0,1.0,1.0,1.0,1.0,1.0,1.0,1.0,1.0,1.0,1.0,1.0,1.0,1.0,1.0,1.0,1.0,1.0,1.0,1.0,1.0,1.0,1.0,1.0,1.0,1.0,1.0,1.0,1.0,1.0,1.0,1.0,1.0,1.0,1.0,1.0,1.0,1.0,1.0,1.0,1.0,1.0,1.0,1.0,1.0,1.0,1.0,1.0,1.0,1.0,1.0,1.0,1.0,1.0,1.0,1.0,1.0,1.0,1.0,1.0,1.0,1.0,1.0,1.0,1.0,1.0,1.0,1.0,1.0,1.0,1.0,1.0,1.0,1.0,1.0,1.0,1.0,1.0,1.0,1.0,1.0,1.0,1.0,1.0,1.0,1.0,1.0,1.0,1.0,1.0,1.0,1.0,1.0,1.0,1.0,1.0,1.0,1.0,1.0,1.0,1.0,1.0,1.0,1.0,1.0,1.0,1.0,1.0,1.0,1.0,1.0,1.0,1.0,1.0,1.0,1.0,1.0,1.0,1.0,1.0,1.0,1.0,1.0,1.0,1.0,1.0,1.0,1.0,1.0,1.3758859187208228,1.090304852961748,1.3719916698625667,1.4183411501359922,1.5096952991456027,1.1391828906553059,1.3346711893573837,1.877212778686538,1.2686183189223366,1.1010811223580061,1.2626189175157612,1.1159477649444338,1.5554533599584328,1.3203113250973582,1.6559525238020156,1.7789225226553105,2.8042698568316475,1.568852441793961,1.1736715058698186,1.0461689562777132,1.1927184285097696,1.4966327964736723,1.597168491358719,1.2044966612446564,1.0627157572843524,1.3595985216632571,1.201188857174632,1.3887862088779173,1.1615577773465353,1.2949686293654503,0.9164822063093407,1.3023226592431731,1.5674477067079196,1.5748411801873827,1.2594104708179599,1.4338538298964942,1.3992744841851619,1.325108535450429,1.3079841935454648,1.3990640710203894,1.1892989323808605,1.118718121000955,1.153474658615165,1.4391814217983392,1.505827377436246,1.225322621617909,1.620521494657537,1.5179589510072622,1.441016124657669,1.1801535792458182,1.024709267022738,1.6598204747731637,1.4711518530404937,1.3060398020327728,1.3543116173482712,1.3326952730995814,0.9433899972271433,1.4676018105264659,1.5117286979654947,1.328528460197428,1.2398491044394828,1.0919188948620568,1.3367517604025754,1.3401159516572065,1.3293775802379562,1.1012234181546459,1.4038131541341397,1.2586706826468608,1.3947808876405277,1.4686492464796448,1.3072400459320073,1.2425412235097757,1.396705213329101,1.4284390627778398,1.7991088025926678,1.331554404518331,3.5260917112503503,0.8750667240491379,1.1749918051053925,2.7686246215102397,1.5189474914350354,2.709330250539709,1.431745977955286,1.2719668630912717,1.6286740254692516,1.1728312608992582,1.4513122382272219,1.7794015812608253,2.2137976448948313,1.539193060013779,1.6500180093206993,1.4717207069742981,1.9425292009215487,1.2833309945934162,1.086216373202236,1.52199387865656,0.8898118122377086,1.4783007794816458,1.1041236274340585,1.1919325645469154,2.1242002112922824,1.3849493937756372,3.132828195036937,1.1761841632275507,1.7116527357595872,1.0651965345166121,1.215500133833211,1.1549739388494844,1.5037553293821673,1.813142402283369,1.265152266078342,1.3014070531986994,1.309470347681027,1.1776152343953128,1.459045137620727,3.1195940276525187,1.870558408844731,2.3168480215661678,2.394024337995371,0.8803547337812064,2.1803513677167268,1.8830564494080584,1.6778306590667227,1.4413193846284762,1.6962311122998577,1.6947956608767387,1.7244153571970406,1.5138469616855201,2.4478048346085424,1.5202682084133037,2.087297032598657,1.6572925949755628,1.733531673807838,2.214456395545385,3.2073901629704884,1.5818400917261548,1.75573478219077,2.8356655113013103,2.028431990554254,1.3497639814546183,1.388430336539182
1.0,1.0,1.0,1.0,1.0,1.0,1.0,1.0,1.0,1.0,1.0,1.0,1.0,1.0,1.0,1.0,1.0,1.0,1.0,1.0,1.0,1.0,1.0,1.0,1.0,1.0,1.0,1.0,1.0,1.0,1.0,1.0,1.0,1.0,1.0,1.0,1.0,1.0,1.0,1.0,1.0,1.0,1.0,1.0,1.0,1.0,1.0,1.0,1.0,1.0,1.0,1.0,1.0,1.0,1.0,1.0,1.0,1.0,1.0,1.0,1.0,1.0,1.0,1.0,1.0,1.0,1.0,1.0,1.0,1.0,1.0,1.0,1.0,1.0,1.0,1.0,1.0,1.0,1.0,1.0,1.0,1.0,1.0,1.0,1.0,1.0,1.0,1.0,1.0,1.0,1.0,1.0,1.0,1.0,1.0,1.0,1.0,1.0,1.0,1.0,1.0,1.0,1.0,1.0,1.0,1.0,1.0,1.0,1.0,1.0,1.0,1.0,1.0,1.0,1.0,1.0,1.0,1.0,1.0,1.0,1.0,1.0,1.0,1.0,1.0,1.0,1.0,1.0,1.0,1.0,1.0,1.0,1.0,1.0,1.0,1.0,1.0,1.0,1.0,1.0,1.0,1.0,1.0,1.0,1.0,1.0,1.0,1.0,1.0,1.0,1.0,1.0,1.0,1.0,1.0,1.0,1.0,1.0,1.0,1.0,1.0,1.0,1.0,1.0,1.0,1.0,1.0,1.0,1.0,1.0,1.0,1.0,1.0,1.0,1.0,1.0,1.0,1.0,1.0,1.0,1.0,1.0,1.0,1.0,1.0,1.0,1.0,1.0,1.0,1.0,1.0,1.0,1.0,1.0,1.0,1.0,1.0,1.0,1.0,1.0,1.0,1.0,1.0,1.0,1.0,1.0,1.0,1.0,1.0,1.0,1.0,1.0,1.0,1.0,1.0,1.0,1.0,1.0,1.0,1.0,1.0,1.0,1.0,1.0,1.0,1.0,1.0,1.0,1.0,1.0,1.0,1.0,1.0,1.0,1.0,1.0,1.0,1.0,1.0,1.0,1.0,1.0,1.0,1.0,1.0,1.0,1.0,1.0,1.0,1.0,1.0,1.0,1.0,1.0,1.0,1.0,1.0,1.0,1.0,1.0,1.0,1.0,1.0,1.0,1.0,1.0,1.0,1.0,1.0,1.0,1.0,1.0,1.0,1.0,1.0,1.0,1.0,1.0,1.0,1.0,1.0,1.0,1.0,1.0,1.0,1.0,1.0,1.0,1.0,1.0,1.0,1.0,1.0,1.0,1.0,1.0,1.0,1.0,1.0,1.0,1.0,1.0,1.0,1.0,1.0,1.0,1.0,1.0,1.0,1.0,1.0,1.0,0.7920021441080672,0.9928793343029094,1.0300560820321234,1.0962675226767513,0.8270969331004443,0.9710848456919758,1.3638194131542578,0.9219061207572319,0.7965125072005994,0.9109623745126338,0.8101452172248904,1.1300719233650158,0.9587898398800758,1.2028474023672722,1.292922936404514,2.0343559633234425,1.1364663398285215,0.8516666824774033,0.7574512283274315,0.8657482127002141,1.0899563991835848,1.1603585406859644,0.8741940428528032,0.7706717648435737,0.9899794764547443,0.8691328463532493,1.0077045753264176,0.8450557022631419,0.9378130674451428,0.6642853356925436,0.9519416932203981,1.1359721680394597,1.1459840764222322,0.9133940559946084,1.041019296991053,1.0147003196027053,0.9618130767413127,0.950818420862011,1.0176385501876668,0.8640029564191725,0.8133651032860527,0.8416956266502269,1.0501107727022752,1.0866310307656968,0.8887918530607192,1.1765861429093105,1.1077473370051352,1.0469467094720237,0.8542009917259253,0.7422414576925901,1.2052462572489868,1.0625084106140537,0.9473637917509743,0.9784623405152254,0.9652239216427317,0.6839921806299198,1.0655088300037134,1.0813085000764195,0.9601850222599219,0.896160944161685,0.7907653188502419,0.9684513861723776,0.9699047967606239,0.9646062790896545,0.7993355868556437,1.0176887583185208,0.9091849303064166,1.0074108104053368,1.058092742008776,0.9430884958137538,0.8954527702720624,1.011791582680687,1.0335305491088045,1.3094629526554913,0.9644102924704042,2.566259226578803,0.6342231903951491,0.848671395238882,2.007634389008146,1.1048958680641425,1.9748166217894174,1.0393457224534388,0.9210293321917524,1.181009031683956,0.8517871141777758,1.0533042514868711,1.285743382618981,1.5886953834089192,1.1151289437673884,1.200205122578323,1.0665241737840936,1.3949663549869933,0.9318305458726186,0.7864927270096409,1.1017029821173263,0.6421096408693688,1.064134395222411,0.7958166284806727,0.8619470368301868,1.5338239447519175,1.0022618700319512,2.261128868458914,0.8551082498801426,1.242531031161119,0.7734044255553278,0.8796016518852128,0.839379422475544,1.0921558804051612,1.3158869257422712,0.9177681090800933,0.9445580584387143,0.9512102948112877,0.8499346868734743,1.0603266358701,2.2634726134745273,1.358822404839207,1.697415343577904,1.7440890189445253,0.6369810033068617,1.5722432251328309,1.3657353826553498,1.2179198124500252,1.0501463646755076,1.2323907825834637,1.2322888818351894,1.2532145930021774,1.102714270106451,1.770686188430887,1.0985447098486396,1.5119066305572777,1.2064537969955,1.2581104045506835,1.606528491038199,2.293198025409113,1.1402267614172743,1.2750533228095144,2.0612129957647043,1.473485552207162,0.9750157027605728,1.0074861031837261
1.0,1.0,1.0,1.0,1.0,1.0,1.0,1.0,1.0,1.0,1.0,1.0,1.0,1.0,1.0,1.0,1.0,1.0,1.0,1.0,1.0,1.0,1.0,1.0,1.0,1.0,1.0,1.0,1.0,1.0,1.0,1.0,1.0,1.0,1.0,1.0,1.0,1.0,1.0,1.0,1.0,1.0,1.0,1.0,1.0,1.0,1.0,1.0,1.0,1.0,1.0,1.0,1.0,1.0,1.0,1.0,1.0,1.0,1.0,1.0,1.0,1.0,1.0,1.0,1.0,1.0,1.0,1.0,1.0,1.0,1.0,1.0,1.0,1.0,1.0,1.0,1.0,1.0,1.0,1.0,1.0,1.0,1.0,1.0,1.0,1.0,1.0,1.0,1.0,1.0,1.0,1.0,1.0,1.0,1.0,1.0,1.0,1.0,1.0,1.0,1.0,1.0,1.0,1.0,1.0,1.0,1.0,1.0,1.0,1.0,1.0,1.0,1.0,1.0,1.0,1.0,1.0,1.0,1.0,1.0,1.0,1.0,1.0,1.0,1.0,1.0,1.0,1.0,1.0,1.0,1.0,1.0,1.0,1.0,1.0,1.0,1.0,1.0,1.0,1.0,1.0,1.0,1.0,1.0,1.0,1.0,1.0,1.0,1.0,1.0,1.0,1.0,1.0,1.0,1.0,1.0,1.0,1.0,1.0,1.0,1.0,1.0,1.0,1.0,1.0,1.0,1.0,1.0,1.0,1.0,1.0,1.0,1.0,1.0,1.0,1.0,1.0,1.0,1.0,1.0,1.0,1.0,1.0,1.0,1.0,1.0,1.0,1.0,1.0,1.0,1.0,1.0,1.0,1.0,1.0,1.0,1.0,1.0,1.0,1.0,1.0,1.0,1.0,1.0,1.0,1.0,1.0,1.0,1.0,1.0,1.0,1.0,1.0,1.0,1.0,1.0,1.0,1.0,1.0,1.0,1.0,1.0,1.0,1.0,1.0,1.0,1.0,1.0,1.0,1.0,1.0,1.0,1.0,1.0,1.0,1.0,1.0,1.0,1.0,1.0,1.0,1.0,1.0,1.0,1.0,1.0,1.0,1.0,1.0,1.0,1.0,1.0,1.0,1.0,1.0,1.0,1.0,1.0,1.0,1.0,1.0,1.0,1.0,1.0,1.0,1.0,1.0,1.0,1.0,1.0,1.0,1.0,1.0,1.0,1.0,1.0,1.0,1.0,1.0,1.0,1.0,1.0,1.0,1.0,1.0,1.0,1.0,1.0,1.0,1.0,1.0,1.0,1.0,1.0,1.0,1.0,1.0,1.0,1.0,1.0,1.0,1.0,1.0,1.0,1.0,1.0,1.0,1.0,1.0,1.0,1.0,1.0,1.0,1.2544586939549058,1.2998222959132186,1.3836719079969657,1.0440556024753538,1.2248573767189699,1.7205786839881316,1.163966781099115,1.0065111776162317,1.151139893331964,1.0225317743413718,1.4261039251517431,1.2098612162699345,1.518231149127085,1.631459110563774,2.5681306763313545,1.4354902718543534,1.0752918634716686,0.956756093611922,1.0929929280603958,1.374956772144077,1.4639192230874336,1.1034395818554468,0.9729922171404916,1.2491118926976243,1.0975691234978924,1.2715304300713695,1.0663124493115594,1.1839479788404668,0.8387151951899734,1.2002095020602392,1.4349235438850978,1.445883372387267,1.15377197594352,1.3140712994041568,1.2802785706424265,1.214524998699262,1.1999769682734822,1.2844206785863266,1.0905149592932193,1.0270284456431913,1.0623951294406777,1.3244694370874537,1.3740764509538463,1.1221201611579006,1.4847042159200607,1.3965995719158868,1.321252629213456,1.0790640877391782,0.9372439006620215,1.5213237627801517,1.3422967953262241,1.19584258668378,1.236110589618813,1.2192988075584623,0.8637842240795245,1.344851221012281,1.366551865452154,1.212746634674135,1.1326048386690784,0.999290747574678,1.2227179585519146,1.224893040020751,1.2177598283815794,1.0086375925226578,1.2857574617773901,1.1487131396110146,1.2724694219113202,1.338149260572031,1.1921883674602152,1.132434946430488,1.2780649819829164,1.30517059817969,1.6519536057306792,1.218675435874385,3.236514225251493,0.800889603146687,1.0721276438750038,2.5326218945643975,1.3938685337805286,2.4901832324623188,1.3120100470344953,1.1636016798595543,1.4907718783324535,1.0752185442862099,1.3298674364611616,1.6228173671944073,2.007657657365587,1.4073374957521572,1.5158404993386423,1.3476042885203312,1.7627853573252583,1.1760208664735172,0.9926530209800973,1.3923732608969974,0.8113688842547027,1.3448132812614095,1.0058026623049936,1.0884642442535437,1.9367686716019978,1.26584703433113,2.854991742938215,1.0793366323853242,1.5687166081184083,0.9763941438678005,1.1115419186824265,1.0595480092954273,1.3784913785310902,1.6608806674687542,1.1582476168920255,1.1921384366779066,1.20050743739479,1.0736801160225231,1.3376361783817472,2.8595584885581093,1.7153568150844918,2.1393209507416344,2.2028680240851264,0.8045885307557223,1.9845062930573358,1.723310920629313,1.5370361676763868,1.324621260386572,1.5552660069244157,1.5555408215718474,1.5817171989633922,1.3915298095435407,2.2358267743719695,1.3879250245552284,1.907378694240251,1.521636846171618,1.5880143673630118,2.028747539559591,2.9045460076690266,1.440545375672464,1.609520396822278,2.600672364208033,1.8590303883390868,1.231028352517824,1.2721831486902448
1.0,1.0,1.0,1.0,1.0,1.0,1.0,1.0,1.0,1.0,1.0,1.0,1.0,1.0,1.0,1.0,1.0,1.0,1.0,1.0,1.0,1.0,1.0,1.0,1.0,1.0,1.0,1.0,1.0,1.0,1.0,1.0,1.0,1.0,1.0,1.0,1.0,1.0,1.0,1.0,1.0,1.0,1.0,1.0,1.0,1.0,1.0,1.0,1.0,1.0,1.0,1.0,1.0,1.0,1.0,1.0,1.0,1.0,1.0,1.0,1.0,1.0,1.0,1.0,1.0,1.0,1.0,1.0,1.0,1.0,1.0,1.0,1.0,1.0,1.0,1.0,1.0,1.0,1.0,1.0,1.0,1.0,1.0,1.0,1.0,1.0,1.0,1.0,1.0,1.0,1.0,1.0,1.0,1.0,1.0,1.0,1.0,1.0,1.0,1.0,1.0,1.0,1.0,1.0,1.0,1.0,1.0,1.0,1.0,1.0,1.0,1.0,1.0,1.0,1.0,1.0,1.0,1.0,1.0,1.0,1.0,1.0,1.0,1.0,1.0,1.0,1.0,1.0,1.0,1.0,1.0,1.0,1.0,1.0,1.0,1.0,1.0,1.0,1.0,1.0,1.0,1.0,1.0,1.0,1.0,1.0,1.0,1.0,1.0,1.0,1.0,1.0,1.0,1.0,1.0,1.0,1.0,1.0,1.0,1.0,1.0,1.0,1.0,1.0,1.0,1.0,1.0,1.0,1.0,1.0,1.0,1.0,1.0,1.0,1.0,1.0,1.0,1.0,1.0,1.0,1.0,1.0,1.0,1.0,1.0,1.0,1.0,1.0,1.0,1.0,1.0,1.0,1.0,1.0,1.0,1.0,1.0,1.0,1.0,1.0,1.0,1.0,1.0,1.0,1.0,1.0,1.0,1.0,1.0,1.0,1.0,1.0,1.0,1.0,1.0,1.0,1.0,1.0,1.0,1.0,1.0,1.0,1.0,1.0,1.0,1.0,1.0,1.0,1.0,1.0,1.0,1.0,1.0,1.0,1.0,1.0,1.0,1.0,1.0,1.0,1.0,1.0,1.0,1.0,1.0,1.0,1.0,1.0,1.0,1.0,1.0,1.0,1.0,1.0,1.0,1.0,1.0,1.0,1.0,1.0,1.0,1.0,1.0,1.0,1.0,1.0,1.0,1.0,1.0,1.0,1.0,1.0,1.0,1.0,1.0,1.0,1.0,1.0,1.0,1.0,1.0,1.0,1.0,1.0,1.0,1.0,1.0,1.0,1.0,1.0,1.0,1.0,1.0,1.0,1.0,1.0,1.0,1.0,1.0,1.0,1.0,1.0,1.0,1.0,1.0,1.0,1.0,1.0,1.0,1.0,1.0,1.0,1.0,1.0,1.0293719647624209,1.0960899676394096,0.8271870605159058,0.965651681050625,1.3623342405445757,0.9211736831203929,0.8024071483359205,0.921752860623872,0.8101667605599658,1.1286926951206988,0.9583297312299857,1.2023118722913542,1.2899899438200708,2.0389760876040466,1.1415820666086574,0.8527110360414936,0.7616755643149056,0.8663990423522308,1.083798968427254,1.1583985825279794,0.8748894529613442,0.7724806279578289,0.9849275967442168,0.8747548201074555,1.0081959753934489,0.8422901264846068,0.9420644547466805,0.6660468731728194,0.9396498245952367,1.1401326299166394,1.1413195480064742,0.9160039207442899,1.0411260182909463,1.0170227620539791,0.9626500388522856,0.9487528687501764,1.0143808147488271,0.863318487455373,0.8117940334095672,0.834459208212238,1.040913177411644,1.0994348945144128,0.8903900069953739,1.1767147624024188,1.0976143560437939,1.0457868790838734,0.8596409781224177,0.7452774406031696,1.2054516757661384,1.072682130146565,0.9491127109768067,0.9872713095165437,0.9701110257253289,0.6857266750685209,1.0654197729185395,1.1097491794268701,0.9685775329830566,0.9041456070499997,0.7945290851604612,0.972453201074015,0.9757883118824507,0.9658097252119775,0.7995218189160456,1.0218425986037065,0.9180001953505772,1.0167265746774647,1.074240414942132,0.9547905099215336,0.9082615751727467,1.0164920123562504,1.0402649867187024,1.304170548023675,0.9698060481707667,2.549840163055139,0.6363807399808081,0.8572078302567482,2.011761378102211,1.1007204572664653,1.9603684608654248,1.0398638082844596,0.9260762433763812,1.183887046901569,0.8516163543061768,1.0539142905020675,1.296219520280681,1.6241361141641866,1.1191625863066819,1.1973881114731277,1.0713736628420691,1.423168307071871,0.9316896793763045,0.7903423725823855,1.1081650045764682,0.6493753390709613,1.0812979450073326,0.8067520282590529,0.8679139872875411,1.549048571449248,1.0078809323758289,2.285784094349164,0.8532340778554395,1.242554602811969,0.7734953151346848,0.8849387179373185,0.8381545262419483,1.0913265915167067,1.3164663651847572,0.9188944154536103,0.9449330254188796,0.9508315927381544,0.8594859972315111,1.0580107459831243,2.2690699031410966,1.3578472230632066,1.6692216597067389,1.733867791347347,0.6411455105953857,1.5900965712342654,1.3677292393938323,1.2183367073733768,1.0434565295555356,1.2307416795303172,1.2297288862603637,1.251423268913311,1.0964164655807924,1.7824811742260693,1.1084700884441914,1.5140477806329247,1.2006564156679138,1.25905355066353,1.6096929836789362,2.362241378988063,1.1562392458002226,1.274680893212352,2.054388692660786,1.4718100331503219,0.9839136143787535,1.008753206229903
1.0,1.0,1.0,1.0,1.0,1.0,1.0,1.0,1.0,1.0,1.0,1.0,1.0,1.0,1.0,1.0,1.0,1.0,1.0,1.0,1.0,1.0,1.0,1.0,1.0,1.0,1.0,1.0,1.0,1.0,1.0,1.0,1.0,1.0,1.0,1.0,1.0,1.0,1.0,1.0,1.0,1.0,1.0,1.0,1.0,1.0,1.0,1.0,1.0,1.0,1.0,1.0,1.0,1.0,1.0,1.0,1.0,1.0,1.0,1.0,1.0,1.0,1.0,1.0,1.0,1.0,1.0,1.0,1.0,1.0,1.0,1.0,1.0,1.0,1.0,1.0,1.0,1.0,1.0,1.0,1.0,1.0,1.0,1.0,1.0,1.0,1.0,1.0,1.0,1.0,1.0,1.0,1.0,1.0,1.0,1.0,1.0,1.0,1.0,1.0,1.0,1.0,1.0,1.0,1.0,1.0,1.0,1.0,1.0,1.0,1.0,1.0,1.0,1.0,1.0,1.0,1.0,1.0,1.0,1.0,1.0,1.0,1.0,1.0,1.0,1.0,1.0,1.0,1.0,1.0,1.0,1.0,1.0,1.0,1.0,1.0,1.0,1.0,1.0,1.0,1.0,1.0,1.0,1.0,1.0,1.0,1.0,1.0,1.0,1.0,1.0,1.0,1.0,1.0,1.0,1.0,1.0,1.0,1.0,1.0,1.0,1.0,1.0,1.0,1.0,1.0,1.0,1.0,1.0,1.0,1.0,1.0,1.0,1.0,1.0,1.0,1.0,1.0,1.0,1.0,1.0,1.0,1.0,1.0,1.0,1.0,1.0,1.0,1.0,1.0,1.0,1.0,1.0,1.0,1.0,1.0,1.0,1.0,1.0,1.0,1.0,1.0,1.0,1.0,1.0,1.0,1.0,1.0,1.0,1.0,1.0,1.0,1.0,1.0,1.0,1.0,1.0,1.0,1.0,1.0,1.0,1.0,1.0,1.0,1.0,1.0,1.0,1.0,1.0,1.0,1.0,1.0,1.0,1.0,1.0,1.0,1.0,1.0,1.0,1.0,1.0,1.0,1.0,1.0,1.0,1.0,1.0,1.0,1.0,1.0,1.0,1.0,1.0,1.0,1.0,1.0,1.0,1.0,1.0,1.0,1.0,1.0,1.0,1.0,1.0,1.0,1.0,1.0,1.0,1.0,1.0,1.0,1.0,1.0,1.0,1.0,1.0,1.0,1.0,1.0,1.0,1.0,1.0,1.0,1.0,1.0,1.0,1.0,1.0,1.0,1.0,1.0,1.0,1.0,1.0,1.0,1.0,1.0,1.0,1.0,1.0,1.0,1.0,1.0,1.0,1.0,1.0,1.0,1.0,1.0,1.0,1.0,1.0,1.0,1.0,1.0640550963335456,0.8026204398593844,0.9422098776719929,1.3239805718411342,0.8941116826632944,0.7733131763789074,0.8854604427073579,0.7861474719533615,1.0965995375809388,0.9308004729003481,1.167397379261726,1.2545153667206186,1.9743578112657763,1.1029448849429149,0.8264817266703826,0.7356715860277059,0.8401184639588308,1.0570977971199236,1.1264376849422808,0.8485392677795742,0.7481637102800927,0.9598993848594728,0.8444685618101092,0.9786157406963562,0.8197064417149837,0.9112764794549345,0.6447726860798941,0.9221479552107534,1.1021746161311485,1.1113148653730824,0.8864669765171258,1.0101025557618253,0.9857097831462286,0.9331512221296943,0.9224774092695367,0.9866340802566241,0.8383067321270639,0.7886338047221362,0.8152304923120575,1.0173783173297344,1.055461217819333,0.8628001472920022,1.1422009037337193,1.0741501089055272,1.0160093839104416,0.8296005866689027,0.7209913573099389,1.1693031396026974,1.0330221603857932,0.9199414452882817,0.9507427635927449,0.9370883751171719,0.6638824138394154,1.0339121377317149,1.0550143961260787,0.9331329606836821,0.870520013702804,0.7674258676495399,0.9404789606718957,0.9420702087039075,0.9361296052627619,0.7761273086364051,0.9874647436586695,0.8838476349681386,0.9793161640531072,1.0283133555289419,0.9164901338844311,0.8701899744996779,0.9824102396723807,1.0040569861920798,1.2701237868469213,0.9359215889101966,2.488339208636895,0.6157172351554557,0.8248944612265995,1.9515119042453217,1.0719517538714793,1.9154008279301007,1.008815399554552,0.894458026086403,1.1467231091918642,0.8264626844782363,1.02232908991542,1.2509269062959556,1.5499645650917706,1.083588047638001,1.1630870022635298,1.0349653802623504,1.358904688384736,0.9045375528454274,0.7643179759655188,1.069369839446432,0.6241525942325195,1.0357615129059736,0.7739037698462872,0.8377082599222514,1.4918819064559918,0.9734352971646099,2.199559355359008,0.8293610803951244,1.205689747729419,0.7503282821957618,0.8537595341875457,0.8141819917392533,1.0600001663799743,1.2775788137638262,0.8914171230577752,0.9168896066936982,0.9233910708724138,0.826670861031007,1.0291103143732607,2.1957797232328415,1.3184383108541544,1.6447407156704208,1.6885418421149607,0.618806233061657,1.5309235811037465,1.3266759065412952,1.1823869823813358,1.0181940785962174,1.195993378127155,1.194958918251852,1.2155688542051992,1.0689823297278862,1.720777458849736,1.0673087001697827,1.4692295851473747,1.1707077035954516,1.2214052891405154,1.5593316322817343,2.233698788502748,1.1094656039475685,1.237288628045424,2.001490968532194,1.430543577638895,0.9482953612029607,0.9775583695241761
1.0,1.0,1.0,1.0,1.0,1.0,1.0,1.0,1.0,1.0,1.0,1.0,1.0,1.0,1.0,1.0,1.0,1.0,1.0,1.0,1.0,1.0,1.0,1.0,1.0,1.0,1.0,1.0,1.0,1.0,1.0,1.0,1.0,1.0,1.0,1.0,1.0,1.0,1.0,1.0,1.0,1.0,1.0,1.0,1.0,1.0,1.0,1.0,1.0,1.0,1.0,1.0,1.0,1.0,1.0,1.0,1.0,1.0,1.0,1.0,1.0,1.0,1.0,1.0,1.0,1.0,1.0,1.0,1.0,1.0,1.0,1.0,1.0,1.0,1.0,1.0,1.0,1.0,1.0,1.0,1.0,1.0,1.0,1.0,1.0,1.0,1.0,1.0,1.0,1.0,1.0,1.0,1.0,1.0,1.0,1.0,1.0,1.0,1.0,1.0,1.0,1.0,1.0,1.0,1.0,1.0,1.0,1.0,1.0,1.0,1.0,1.0,1.0,1.0,1.0,1.0,1.0,1.0,1.0,1.0,1.0,1.0,1.0,1.0,1.0,1.0,1.0,1.0,1.0,1.0,1.0,1.0,1.0,1.0,1.0,1.0,1.0,1.0,1.0,1.0,1.0,1.0,1.0,1.0,1.0,1.0,1.0,1.0,1.0,1.0,1.0,1.0,1.0,1.0,1.0,1.0,1.0,1.0,1.0,1.0,1.0,1.0,1.0,1.0,1.0,1.0,1.0,1.0,1.0,1.0,1.0,1.0,1.0,1.0,1.0,1.0,1.0,1.0,1.0,1.0,1.0,1.0,1.0,1.0,1.0,1.0,1.0,1.0,1.0,1.0,1.0,1.0,1.0,1.0,1.0,1.0,1.0,1.0,1.0,1.0,1.0,1.0,1.0,1.0,1.0,1.0,1.0,1.0,1.0,1.0,1.0,1.0,1.0,1.0,1.0,1.0,1.0,1.0,1.0,1.0,1.0,1.0,1.0,1.0,1.0,1.0,1.0,1.0,1.0,1.0,1.0,1.0,1.0,1.0,1.0,1.0,1.0,1.0,1.0,1.0,1.0,1.0,1.0,1.0,1.0,1.0,1.0,1.0,1.0,1.0,1.0,1.0,1.0,1.0,1.0,1.0,1.0,1.0,1.0,1.0,1.0,1.0,1.0,1.0,1.0,1.0,1.0,1.0,1.0,1.0,1.0,1.0,1.0,1.0,1.0,1.0,1.0,1.0,1.0,1.0,1.0,1.0,1.0,1.0,1.0,1.0,1.0,1.0,1.0,1.0,1.0,1.0,1.0,1.0,1.0,1.0,1.0,1.0,1.0,1.0,1.0,1.0,1.0,1.0,1.0,1.0,1.0,1.0,1.0,1.0,1.0,1.0,1.0,1.0,1.0,1.0,0.7541670088933015,0.8847084745648135,1.2439795306174068,0.8404127515938916,0.7269978511815991,0.8324356385004164,0.7386621476364656,1.030308148380005,0.8746675155748675,1.0973178829592007,1.1785558159642249,1.8557820022813334,1.0366157104924056,0.7767213330504523,0.6916108836032846,0.7895485051748448,0.9932074301466614,1.0582144895891963,0.7973638193929362,0.7031430012053612,0.9019482084684536,0.793673322912819,0.9193233486515295,0.7702283510917588,0.8563479175620787,0.6057766636380746,0.866137095192705,1.0360716637279501,1.0440341597616043,0.8335172057500775,0.9491088479592545,0.926139285093991,0.8770187931708939,0.8668847626450978,0.9270900956036277,0.7877815102545918,0.7412762135753675,0.7661068739369938,0.9558046367349328,0.9923480076678631,0.8108934151436629,1.073326398813787,1.0093313682459548,0.9548437053017699,0.7798652659506224,0.677626993679504,1.0988134762506154,0.9710368414817087,0.864481127834516,0.8937290077148079,0.880923361490346,0.6239130437382071,0.9716083702343777,0.9911945095531349,0.8770700144877069,0.8185483730674796,0.7213314807068201,0.8838286157591451,0.8854194155613897,0.8796600563374853,0.7292280602616761,0.9287124433207081,0.8308203385293349,0.9203255431694425,0.9670623973884949,0.861810631612039,0.8183449675034763,0.9235110051353778,0.9436691706620288,1.1932806122519766,0.8800791031217456,2.3362543817620622,0.5787159057716391,0.7754578623598729,1.8336503668899204,1.0067946171903712,1.7993848530951726,0.9481944574460075,0.8408127710617629,1.0776255176381944,0.7766919954209619,0.9607855076744485,1.1752097644557413,1.4581920216486224,1.0183487136815872,1.093484404618429,0.9731915875737023,1.2775853678398823,0.850033468386157,0.7182007749535575,1.0050894258062426,0.5866588184669985,0.9739970330967618,0.7276508318245816,0.7872476432839234,1.4017129795538272,0.9147829449877733,2.0672030342820564,0.779470514774319,1.132842447906693,0.7050972030552212,0.8023194800022926,0.7651712680947328,0.9960260077954604,1.2004773375854683,0.8375320815135465,0.8616260771795419,0.8677554264703741,0.7770412309502979,0.9668489055927945,2.065508384262857,1.239367154580172,1.544698604765764,1.5867158989113352,0.5816088778429951,1.4380714123122524,1.246389119158351,1.1110967235308378,0.9564781664282521,1.1238117474858549,1.123066041627621,1.1423059776901712,1.0043879082289022,1.6168597297870855,1.0032912077536196,1.3787801866834288,1.1000695455271652,1.1478271528122865,1.4655901899862394,2.103641111782747,1.0429225120471286,1.1628155045757158,1.8801493179481414,1.3440113406369103,0.89099734532676,0.918757743159067
1.0,1.0,1.0,1.0,1.0,1.0,1.0,1.0,1.0,1.0,1.0,1.0,1.0,1.0,1.0,1.0,1.0,1.0,1.0,1.0,1.0,1.0,1.0,1.0,1.0,1.0,1.0,1.0,1.0,1.0,1.0,1.0,1.0,1.0,1.0,1.0,1.0,1.0,1.0,1.0,1.0,1.0,1.0,1.0,1.0,1.0,1.0,1.0,1.0,1.0,1.0,1.0,1.0,1.0,1.0,1.0,1.0,1.0,1.0,1.0,1.0,1.0,1.0,1.0,1.0,1.0,1.0,1.0,1.0,1.0,1.0,1.0,1.0,1.0,1.0,1.0,1.0,1.0,1.0,1.0,1.0,1.0,1.0,1.0,1.0,1.0,1.0,1.0,1.0,1.0,1.0,1.0,1.0,1.0,1.0,1.0,1.0,1.0,1.0,1.0,1.0,1.0,1.0,1.0,1.0,1.0,1.0,1.0,1.0,1.0,1.0,1.0,1.0,1.0,1.0,1.0,1.0,1.0,1.0,1.0,1.0,1.0,1.0,1.0,1.0,1.0,1.0,1.0,1.0,1.0,1.0,1.0,1.0,1.0,1.0,1.0,1.0,1.0,1.0,1.0,1.0,1.0,1.0,1.0,1.0,1.0,1.0,1.0,1.0,1.0,1.0,1.0,1.0,1.0,1.0,1.0,1.0,1.0,1.0,1.0,1.0,1.0,1.0,1.0,1.0,1.0,1.0,1.0,1.0,1.0,1.0,1.0,1.0,1.0,1.0,1.0,1.0,1.0,1.0,1.0,1.0,1.0,1.0,1.0,1.0,1.0,1.0,1.0,1.0,1.0,1.0,1.0,1.0,1.0,1.0,1.0,1.0,1.0,1.0,1.0,1.0,1.0,1.0,1.0,1.0,1.0,1.0,1.0,1.0,1.0,1.0,1.0,1.0,1.0,1.0,1.0,1.0,1.0,1.0,1.0,1.0,1.0,1.0,1.0,1.0,1.0,1.0,1.0,1.0,1.0,1.0,1.0,1.0,1.0,1.0,1.0,1.0,1.0,1.0,1.0,1.0,1.0,1.0,1.0,1.0,1.0,1.0,1.0,1.0,1.0,1.0,1.0,1.0,1.0,1.0,1.0,1.0,1.0,1.0,1.0,1.0,1.0,1.0,1.0,1.0,1.0,1.0,1.0,1.0,1.0,1.0,1.0,1.0,1.0,1.0,1.0,1.0,1.0,1.0,1.0,1.0,1.0,1.0,1.0,1.0,1.0,1.0,1.0,1.0,1.0,1.0,1.0,1.0,1.0,1.0,1.0,1.0,1.0,1.0,1.0,1.0,1.0,1.0,1.0,1.0,1.0,1.0,1.0,1.0,1.0,1.0,1.0,1.0,1.0,1.0,1.0,1.0,1.173080026964612,1.648266803200088,1.1140772009586974,0.9640359941350483,1.103612649270904,0.9794492493952691,1.3658691619693986,1.1588947914820018,1.4535231212225952,1.5626108019291833,2.4594328972510158,1.375106118984517,1.0297758620721302,0.9164845624099593,1.0467044123647204,1.316103262208962,1.4024565039095416,1.0569936511185585,0.9320263198198552,1.1953976084612075,1.0519674438356375,1.2185299736870103,1.0208239173182938,1.1347380709010277,0.8036464272334698,1.1482448531095701,1.3738985516953197,1.3845138855493735,1.1044675011380196,1.2584839156060021,1.2274034769785125,1.1628543248274374,1.14878976393068,1.229204397591296,1.0442429682620582,0.9827028772253288,1.01575428624944,1.2673517124683562,1.3167592487520245,1.0746661059464433,1.4222646627411262,1.3364379491841205,1.2651216866015145,1.0339115296546295,0.8979398379528251,1.4569134744928887,1.2869669466352418,1.1455513255729597,1.184801511359498,1.1677820679452957,0.8273593627557809,1.2879734730686012,1.3146850588361307,1.1626212429294427,1.0850425358877414,0.9570601751680553,1.1717010984616323,1.173835354233546,1.1664214370525121,0.9665037486468177,1.2305996266754549,1.1011758141177932,1.2202275354660372,1.282668572351553,1.1424146117897735,1.085388655075208,1.2242045645159279,1.2507636543318803,1.5820986588097372,1.1668339075394898,3.0999989113748363,0.7671083334512232,1.0279537053327061,2.427450791973913,1.33509025663225,2.383754970973494,1.2561967408952288,1.114420081455403,1.428237284294319,1.0295313711126282,1.2731232723449524,1.55707027702184,1.9286900813817947,1.3486266879175104,1.4496443813123534,1.2901334847299346,1.6925531955252784,1.1262529695122434,0.9516523026314563,1.3338986596245839,0.7780016823058857,1.2901032626609132,0.9644708213918793,1.043522279345375,1.8580629771401345,1.2130580897182142,2.7394878737582573,1.0331358220659237,1.5023005530143962,0.9349524980462601,1.0651007361096045,1.014232807238431,1.3201594029285477,1.5909415653516905,1.1098393529559627,1.1419988552558311,1.1497872186356268,1.0296982652467026,1.2812451415420085,2.7353930927572216,1.641779777122799,2.0459386188596698,2.1060631814646054,0.7710764042589675,1.905445699202917,1.6518634048289846,1.47234771412153,1.2679405773303243,1.4894060614385838,1.488670110243577,1.5142319697602344,1.33173411759079,2.143665204974221,1.3300282441705438,1.8302109341179655,1.4569727112297506,1.5210756685296865,1.9427176144996194,2.7853645408150567,1.3820075298359553,1.5410682471681942,2.490739779482913,1.7809396935992714,1.181089745034122,1.2181580112921107
1.0,1.0,1.0,1.0,1.0,1.0,1.0,1.0,1.0,1.0,1.0,1.0,1.0,1.0,1.0,1.0,1.0,1.0,1.0,1.0,1.0,1.0,1.0,1.0,1.0,1.0,1.0,1.0,1.0,1.0,1.0,1.0,1.0,1.0,1.0,1.0,1.0,1.0,1.0,1.0,1.0,1.0,1.0,1.0,1.0,1.0,1.0,1.0,1.0,1.0,1.0,1.0,1.0,1.0,1.0,1.0,1.0,1.0,1.0,1.0,1.0,1.0,1.0,1.0,1.0,1.0,1.0,1.0,1.0,1.0,1.0,1.0,1.0,1.0,1.0,1.0,1.0,1.0,1.0,1.0,1.0,1.0,1.0,1.0,1.0,1.0,1.0,1.0,1.0,1.0,1.0,1.0,1.0,1.0,1.0,1.0,1.0,1.0,1.0,1.0,1.0,1.0,1.0,1.0,1.0,1.0,1.0,1.0,1.0,1.0,1.0,1.0,1.0,1.0,1.0,1.0,1.0,1.0,1.0,1.0,1.0,1.0,1.0,1.0,1.0,1.0,1.0,1.0,1.0,1.0,1.0,1.0,1.0,1.0,1.0,1.0,1.0,1.0,1.0,1.0,1.0,1.0,1.0,1.0,1.0,1.0,1.0,1.0,1.0,1.0,1.0,1.0,1.0,1.0,1.0,1.0,1.0,1.0,1.0,1.0,1.0,1.0,1.0,1.0,1.0,1.0,1.0,1.0,1.0,1.0,1.0,1.0,1.0,1.0,1.0,1.0,1.0,1.0,1.0,1.0,1.0,1.0,1.0,1.0,1.0,1.0,1.0,1.0,1.0,1.0,1.0,1.0,1.0,1.0,1.0,1.0,1.0,1.0,1.0,1.0,1.0,1.0,1.0,1.0,1.0,1.0,1.0,1.0,1.0,1.0,1.0,1.0,1.0,1.0,1.0,1.0,1.0,1.0,1.0,1.0,1.0,1.0,1.0,1.0,1.0,1.0,1.0,1.0,1.0,1.0,1.0,1.0,1.0,1.0,1.0,1.0,1.0,1.0,1.0,1.0,1.0,1.0,1.0,1.0,1.0,1.0,1.0,1.0,1.0,1.0,1.0,1.0,1.0,1.0,1.0,1.0,1.0,1.0,1.0,1.0,1.0,1.0,1.0,1.0,1.0,1.0,1.0,1.0,1.0,1.0,1.0,1.0,1.0,1.0,1.0,1.0,1.0,1.0,1.0,1.0,1.0,1.0,1.0,1.0,1.0,1.0,1.0,1.0,1.0,1.0,1.0,1.0,1.0,1.0,1.0,1.0,1.0,1.0,1.0,1.0,1.0,1.0,1.0,1.0,1.0,1.0,1.0,1.0,1.0,1.0,1.0,1.0,1.0,1.0,1.0,1.0,1.0,1.0,1.3954372435120828,0.9416245012893028,0.8115419323769457,0.9271132018680048,0.8292817246994804,1.1566184839533298,0.9807104389909435,1.2288413343883573,1.3247628772294564,2.076371042992784,1.1605059836027092,0.8706260755408275,0.7723569598027225,0.884756776838037,1.1170396311188553,1.1882364585620975,0.8934186199464393,0.7871842747011186,1.0146272549376798,0.8865399045754847,1.031584174361785,0.8643208017987312,0.9575819865469231,0.6796761516643264,0.980437732905181,1.160080781815733,1.1740263917975091,0.9318370357973651,1.064896109067014,1.0359345642662006,0.9827340128811033,0.9729920442927608,1.0419581882236661,0.8835256094103379,0.8316812230309483,0.8623412808431564,1.0775461303798832,1.106130528550466,0.9082951417840035,1.2031882306410164,1.1355088926626227,1.070531833444328,0.870762727735048,0.7581092821497717,1.2326277414356572,1.0833033285280949,0.967247283481455,0.9978050725816177,0.9848103538009882,0.6992568407966262,1.0903854579802668,1.098900236626497,0.9781746390453416,0.9130507703531576,0.8077432292315778,0.9888271485973692,0.9895000663542279,0.9860609022829077,0.8177448522526971,1.0370312184510695,0.9256779692614515,1.027406425844442,1.0754986550346812,0.9591520200028609,0.9104652103361932,1.0322023695974982,1.0544427543887025,1.3396527832080205,0.9832917126255126,2.6498566213526087,0.647799051831584,0.8646018472286832,2.0500420886571553,1.133160832608561,2.0246084143733496,1.061740866559369,0.9387609982455698,1.2068117860497196,0.8707963218879926,1.0764785223020368,1.3121302421371819,1.6049092036521728,1.138752251874085,1.2265795554152041,1.0873314401921466,1.415000036673904,0.952715692110581,0.8028346124311345,1.1245118138956443,0.6542838476974046,1.0809765063982133,0.8094569337672208,0.8795334435703035,1.563035312552421,1.0244183798593696,2.3028748787797113,0.8747263903159069,1.2723647470614057,0.790954430850601,0.89869432768892,0.858605324727906,1.1175584628249018,1.3463199364474172,0.9379953787469103,0.966060654640853,0.9710611303880059,0.864873769166476,1.0860178241872602,2.3069179969152693,1.3893571878173459,1.7436468796589195,1.7925367298748123,0.6497602498908837,1.6043166096739578,1.3974115621587664,1.2452684185680898,1.0769275773687108,1.2612161238608675,1.2606515521128536,1.281932583860652,1.1300801936378142,1.8077453217963386,1.1190668431047257,1.5562722958425945,1.2353895992180406,1.2863143022886885,1.6397569327413692,2.3131491060116978,1.1574219336792213,1.3038837386115645,2.1100544475088334,1.5070070453894537,0.9942102689031049,1.0297201374757607
1.0,1.0,1.0,1.0,1.0,1.0,1.0,1.0,1.0,1.0,1.0,1.0,1.0,1.0,1.0,1.0,1.0,1.0,1.0,1.0,1.0,1.0,1.0,1.0,1.0,1.0,1.0,1.0,1.0,1.0,1.0,1.0,1.0,1.0,1.0,1.0,1.0,1.0,1.0,1.0,1.0,1.0,1.0,1.0,1.0,1.0,1.0,1.0,1.0,1.0,1.0,1.0,1.0,1.0,1.0,1.0,1.0,1.0,1.0,1.0,1.0,1.0,1.0,1.0,1.0,1.0,1.0,1.0,1.0,1.0,1.0,1.0,1.0,1.0,1.0,1.0,1.0,1.0,1.0,1.0,1.0,1.0,1.0,1.0,1.0,1.0,1.0,1.0,1.0,1.0,1.0,1.0,1.0,1.0,1.0,1.0,1.0,1.0,1.0,1.0,1.0,1.0,1.0,1.0,1.0,1.0,1.0,1.0,1.0,1.0,1.0,1.0,1.0,1.0,1.0,1.0,1.0,1.0,1.0,1.0,1.0,1.0,1.0,1.0,1.0,1.0,1.0,1.0,1.0,1.0,1.0,1.0,1.0,1.0,1.0,1.0,1.0,1.0,1.0,1.0,1.0,1.0,1.0,1.0,1.0,1.0,1.0,1.0,1.0,1.0,1.0,1.0,1.0,1.0,1.0,1.0,1.0,1.0,1.0,1.0,1.0,1.0,1.0,1.0,1.0,1.0,1.0,1.0,1.0,1.0,1.0,1.0,1.0,1.0,1.0,1.0,1.0,1.0,1.0,1.0,1.0,1.0,1.0,1.0,1.0,1.0,1.0,1.0,1.0,1.0,1.0,1.0,1.0,1.0,1.0,1.0,1.0,1.0,1.0,1.0,1.0,1.0,1.0,1.0,1.0,1.0,1.0,1.0,1.0,1.0,1.0,1.0,1.0,1.0,1.0,1.0,1.0,1.0,1.0,1.0,1.0,1.0,1.0,1.0,1.0,1.0,1.0,1.0,1.0,1.0,1.0,1.0,1.0,1.0,1.0,1.0,1.0,1.0,1.0,1.0,1.0,1.0,1.0,1.0,1.0,1.0,1.0,1.0,1.0,1.0,1.0,1.0,1.0,1.0,1.0,1.0,1.0,1.0,1.0,1.0,1.0,1.0,1.0,1.0,1.0,1.0,1.0,1.0,1.0,1.0,1.0,1.0,1.0,1.0,1.0,1.0,1.0,1.0,1.0,1.0,1.0,1.0,1.0,1.0,1.0,1.0,1.0,1.0,1.0,1.0,1.0,1.0,1.0,1.0,1.0,1.0,1.0,1.0,1.0,1.0,1.0,1.0,1.0,1.0,1.0,1.0,1.0,1.0,1.0,1.0,1.0,1.0,1.0,1.0,1.0,1.0,1.0,1.0,1.0,0.6737143243161335,0.5821816408400886,0.6667349822664541,0.5928003520180075,0.8269243666712922,0.7020828315025223,0.880169668431094,0.945755260328238,1.4882343482628597,0.8308920890267137,0.6228925089404165,0.5545063682535938,0.6331097139310018,0.7973213464581628,0.8495596912663463,0.6394483956784381,0.5640583869985887,0.724107103497666,0.6363302047924333,0.73753689530129,0.6179134352662293,0.6870780810902561,0.4858462973614415,0.6963928024596633,0.830186040778117,0.8378968964635405,0.668526067575038,0.7612617008998532,0.7429859650553402,0.702970559643033,0.6955111901008759,0.7431864289960358,0.6321402404885773,0.5944395060874557,0.6137277545544557,0.7677075267381671,0.7946190624911355,0.650164227156314,0.8619243115089715,0.8112027723522764,0.7660465133007679,0.6250959715632572,0.5433128007428706,0.8820475415031375,0.7786970958689027,0.6931341758353134,0.7164353322141866,0.7063546499974114,0.5003719179102414,0.7794701131386137,0.7958352366588084,0.7031302259955534,0.656276015929065,0.5779484157496163,0.7088824238409087,0.709914823137036,0.7054642000956761,0.5856328740114236,0.7448018653708547,0.665597058897776,0.7377862330586452,0.7744765811373144,0.689774895306358,0.6551196058464986,0.7406341028077417,0.7565724509563265,0.958033878873316,0.7051407118491488,1.8793574741722183,0.4640780711572491,0.6223816441235791,1.4712319782717107,0.8085445007209839,1.4445608042544809,0.7601408553912282,0.6734718307621433,0.8649774074215821,0.6231576055774345,0.7698512722760058,0.9432192998946703,1.17109914498108,0.8169447351511934,0.8764171002581098,0.7805029889219648,1.0241791614371825,0.6818727710953335,0.5762871508723866,0.8053499529602803,0.47020062505315297,0.781256109295833,0.5830495297373381,0.6311609911861933,1.1244631589924061,0.7336467826725283,1.65990642963063,0.6251354941358952,0.9089509905707545,0.5654450820986324,0.6429503860483741,0.6138091806062922,0.7991103919404795,0.9632313985351568,0.6714516238890671,0.6914984187564899,0.6958486623601282,0.6229663098349805,0.7758181757980593,1.656645056619912,0.9938935983164707,1.2400349251373926,1.2741778643086739,0.4663690296868702,1.1544130140863276,1.0012563546720301,0.8914055553820859,0.7680556473098354,0.9019870558375067,0.9007891393105809,0.9161120467332122,0.8060698124458446,1.2972996048147407,0.8037782421283066,1.1070593822360033,0.8838226572896974,0.9210753472070803,1.1750067232244343,1.6844104122025962,0.8357793219717732,0.9327734618981713,1.505307004384718,1.0781408702388415,0.7147979972620817,0.7366213075039241
1.0,1.0,1.0,1.0,1.0,1.0,1.0,1.0,1.0,1.0,1.0,1.0,1.0,1.0,1.0,1.0,1.0,1.0,1.0,1.0,1.0,1.0,1.0,1.0,1.0,1.0,1.0,1.0,1.0,1.0,1.0,1.0,1.0,1.0,1.0,1.0,1.0,1.0,1.0,1.0,1.0,1.0,1.0,1.0,1.0,1.0,1.0,1.0,1.0,1.0,1.0,1.0,1.0,1.0,1.0,1.0,1.0,1.0,1.0,1.0,1.0,1.0,1.0,1.0,1.0,1.0,1.0,1.0,1.0,1.0,1.0,1.0,1.0,1.0,1.0,1.0,1.0,1.0,1.0,1.0,1.0,1.0,1.0,1.0,1.0,1.0,1.0,1.0,1.0,1.0,1.0,1.0,1.0,1.0,1.0,1.0,1.0,1.0,1.0,1.0,1.0,1.0,1.0,1.0,1.0,1.0,1.0,1.0,1.0,1.0,1.0,1.0,1.0,1.0,1.0,1.0,1.0,1.0,1.0,1.0,1.0,1.0,1.0,1.0,1.0,1.0,1.0,1.0,1.0,1.0,1.0,1.0,1.0,1.0,1.0,1.0,1.0,1.0,1.0,1.0,1.0,1.0,1.0,1.0,1.0,1.0,1.0,1.0,1.0,1.0,1.0,1.0,1.0,1.0,1.0,1.0,1.0,1.0,1.0,1.0,1.0,1.0,1.0,1.0,1.0,1.0,1.0,1.0,1.0,1.0,1.0,1.0,1.0,1.0,1.0,1.0,1.0,1.0,1.0,1.0,1.0,1.0,1.0,1.0,1.0,1.0,1.0,1.0,1.0,1.0,1.0,1.0,1.0,1.0,1.0,1.0,1.0,1.0,1.0,1.0,1.0,1.0,1.0,1.0,1.0,1.0,1.0,1.0,1.0,1.0,1.0,1.0,1.0,1.0,1.0,1.0,1.0,1.0,1.0,1.0,1.0,1.0,1.0,1.0,1.0,1.0,1.0,1.0,1.0,1.0,1.0,1.0,1.0,1.0,1.0,1.0,1.0,1.0,1.0,1.0,1.0,1.0,1.0,1.0,1.0,1.0,1.0,1.0,1.0,1.0,1.0,1.0,1.0,1.0,1.0,1.0,1.0,1.0,1.0,1.0,1.0,1.0,1.0,1.0,1.0,1.0,1.0,1.0,1.0,1.0,1.0,1.0,1.0,1.0,1.0,1.0,1.0,1.0,1.0,1.0,1.0,1.0,1.0,1.0,1.0,1.0,1.0,1.0,1.0,1.0,1.0,1.0,1.0,1.0,1.0,1.0,1.0,1.0,1.0,1.0,1.0,1.0,1.0,1.0,1.0,1.0,1.0,1.0,1.0,1.0,1.0,1.0,1.0,1.0,1.0,1.0,1.0,1.0,1.0,1.0,0.8636164022505557,0.987193145172687,0.8776375520088711,1.2242670933383177,1.0387039453543538,1.3037961886041036,1.4007251839743275,2.2048416046389385,1.231875841958686,0.9230761880412134,0.8210962696523783,0.9384895375163788,1.1810328177299172,1.25667957813629,0.9473989562796719,0.8352457368187856,1.0727221914345075,0.9418549273611377,1.091290573564223,0.9160487517657953,1.0160216498788108,0.7195888392063242,1.031246397847226,1.231194517355975,1.2419519312705551,0.9905990896418768,1.1279827154691204,1.0994087464181947,1.0428152017357832,1.0303979867829056,1.102688134359639,0.9363632375302986,0.8820798544475275,0.9132825124162973,1.1383247693822454,1.178484753142975,0.9631396004184782,1.2746737858124444,1.2003104357170753,1.1345334018398134,0.9263325275551262,0.8042066987443408,1.3059325266937933,1.151366637778347,1.0267490333307863,1.0600937935932202,1.046377604146325,0.7413662747716737,1.1543337927748396,1.1694549562743632,1.0405053750781792,0.9716898383296768,0.8575156257248675,1.049429929500851,1.0510895404668457,1.0453549322344298,0.8659381617779872,1.1039379061750738,0.9856265180214487,1.091295317864005,1.1475300095206993,1.022582722523908,0.9711212945309882,1.0970891064190782,1.1196613254593122,1.4198820223387676,1.0461524053497162,2.7748725274731383,0.6873229282184825,0.9197566922941764,2.174348933033489,1.1967272404842328,2.1395522749694447,1.1264071214056963,0.9987573197702779,1.2795809322130864,0.9231787802652704,1.1414072799106858,1.3922166280978199,1.722228166727566,1.2076602024909793,1.3022736831819985,1.1569413769891106,1.5103968676004287,1.0096387867667511,0.8518677095193987,1.1950824726793905,0.6957956022273784,1.15307913615132,0.8624921871801727,0.9337614318029919,1.661434684972516,1.0856848379828474,2.44877497753135,0.9268851851229759,1.346372046023204,0.8381829281393394,0.9536888569018851,0.9097679587390031,1.183444739588332,1.425565789339133,0.9943767276636073,1.0233192842193464,1.0315385105418966,0.9211007008066506,1.1483256361713248,2.4546825932186165,1.4726742065192489,1.8407163467153391,1.890481163158138,0.6904747099158923,1.7015075476099977,1.4789769099543109,1.3195771043243045,1.1378685510774558,1.3352894472075405,1.335971234637792,1.3580012388240539,1.1957532310462453,1.9182626794274182,1.1904866574805497,1.6341256696128061,1.307285967091439,1.3632459330955304,1.7421895484272323,2.4872846682014544,1.236070621825355,1.3817938012736677,2.2334817415748534,1.5962333276676421,1.0560621229282965,1.0920780839025395
1.0,1.0,1.0,1.0,1.0,1.0,1.0,1.0,1.0,1.0,1.0,1.0,1.0,1.0,1.0,1.0,1.0,1.0,1.0,1.0,1.0,1.0,1.0,1.0,1.0,1.0,1.0,1.0,1.0,1.0,1.0,1.0,1.0,1.0,1.0,1.0,1.0,1.0,1.0,1.0,1.0,1.0,1.0,1.0,1.0,1.0,1.0,1.0,1.0,1.0,1.0,1.0,1.0,1.0,1.0,1.0,1.0,1.0,1.0,1.0,1.0,1.0,1.0,1.0,1.0,1.0,1.0,1.0,1.0,1.0,1.0,1.0,1.0,1.0,1.0,1.0,1.0,1.0,1.0,1.0,1.0,1.0,1.0,1.0,1.0,1.0,1.0,1.0,1.0,1.0,1.0,1.0,1.0,1.0,1.0,1.0,1.0,1.0,1.0,1.0,1.0,1.0,1.0,1.0,1.0,1.0,1.0,1.0,1.0,1.0,1.0,1.0,1.0,1.0,1.0,1.0,1.0,1.0,1.0,1.0,1.0,1.0,1.0,1.0,1.0,1.0,1.0,1.0,1.0,1.0,1.0,1.0,1.0,1.0,1.0,1.0,1.0,1.0,1.0,1.0,1.0,1.0,1.0,1.0,1.0,1.0,1.0,1.0,1.0,1.0,1.0,1.0,1.0,1.0,1.0,1.0,1.0,1.0,1.0,1.0,1.0,1.0,1.0,1.0,1.0,1.0,1.0,1.0,1.0,1.0,1.0,1.0,1.0,1.0,1.0,1.0,1.0,1.0,1.0,1.0,1.0,1.0,1.0,1.0,1.0,1.0,1.0,1.0,1.0,1.0,1.0,1.0,1.0,1.0,1.0,1.0,1.0,1.0,1.0,1.0,1.0,1.0,1.0,1.0,1.0,1.0,1.0,1.0,1.0,1.0,1.0,1.0,1.0,1.0,1.0,1.0,1.0,1.0,1.0,1.0,1.0,1.0,1.0,1.0,1.0,1.0,1.0,1.0,1.0,1.0,1.0,1.0,1.0,1.0,1.0,1.0,1.0,1.0,1.0,1.0,1.0,1.0,1.0,1.0,1.0,1.0,1.0,1.0,1.0,1.0,1.0,1.0,1.0,1.0,1.0,1.0,1.0,1.0,1.0,1.0,1.0,1.0,1.0,1.0,1.0,1.0,1.0,1.0,1.0,1.0,1.0,1.0,1.0,1.0,1.0,1.0,1.0,1.0,1.0,1.0,1.0,1.0,1.0,1.0,1.0,1.0,1.0,1.0,1.0,1.0,1.0,1.0,1.0,1.0,1.0,1.0,1.0,1.0,1.0,1.0,1.0,1.0,1.0,1.0,1.0,1.0,1.0,1.0,1.0,1.0,1.0,1.0,1.0,1.0,1.0,1.0,1.0,1.0,1.0,1.0,1.0,1.1483896762827477,1.0078952046990475,1.40406567041219,1.1918581150823448,1.495160191303982,1.6040533107467851,2.5369698499760656,1.4213115233635985,1.0610194669434478,0.9478985949243484,1.0778701018550052,1.3475423094413936,1.4408093884428905,1.0884719022705134,0.9610791906115124,1.2245680645359869,1.0887880868189241,1.2543096922539898,1.0472580649987422,1.1720377292385407,0.829226784725106,1.1667000612369884,1.4195114571391942,1.4189342734620711,1.1393470666028778,1.2957957790944987,1.2649117201132427,1.1978889042698706,1.1801141254146628,1.2625128447457052,1.0738443258838477,1.0098884226633738,1.0373786578913695,1.2932685117956195,1.3695526164143281,1.1080849750293935,1.4631106326039347,1.3625725492912393,1.3007119661020532,1.0695952306342775,0.9277434030116063,1.49950754649428,1.3350321579917628,1.180878268553911,1.2296368171280314,1.2070121711938366,0.8533129607453079,1.3252057392790058,1.3835469526761004,1.2060200982506502,1.125327883892971,0.9890337080149105,1.210025513616469,1.2144953118688089,1.2019709385121258,0.9940489139643233,1.2710615404251504,1.1432826161209748,1.2660002256760046,1.3387794675780098,1.1899315434379443,1.1319108329997016,1.2646025338570472,1.2951088160790711,1.620408666746342,1.2066617439880023,3.1722936104629236,0.7919937309721894,1.0665862645108175,2.503034738339661,1.368795057843998,2.436152292908215,1.293948003347464,1.153016678380439,1.4727914830175988,1.0594236744886816,1.3121358512637413,1.6132191364290849,2.0186600881744363,1.392623382201819,1.4896669110730056,1.3328648566975443,1.774557842635649,1.159051072063646,0.9834217051746162,1.3793171842067533,0.8089910817847059,1.3464364243863987,1.0048557367123387,1.0806114836202936,1.928618408127425,1.2548193368710034,2.8433408750461875,1.06120561913923,1.5461406768908006,0.9624581990441463,1.1018853666198332,1.0426817207181085,1.3576192590125715,1.6377930532986449,1.1435497730775963,1.175416004686475,1.1822073969986233,1.070090850265696,1.315879816430956,2.8217653162031544,1.6891182747632898,2.0712105802743626,2.1561604649377575,0.7980806275786609,1.9800534713168236,1.700511395956939,1.5153518924151648,1.2970949622250836,1.530631992197559,1.5297590922581719,1.5569023680403302,1.3628648319225585,2.218986246838802,1.3808671502136405,1.8867285877650406,1.4914779499728765,1.5662353172263352,2.0030678555679717,2.9450218049686683,1.4400481527032687,1.585780652177519,2.5553516924445003,1.8305704985915867,1.2248492254765722,1.2554838462249958
1.0,1.0,1.0,1.0,1.0,1.0,1.0,1.0,1.0,1.0,1.0,1.0,1.0,1.0,1.0,1.0,1.0,1.0,1.0,1.0,1.0,1.0,1.0,1.0,1.0,1.0,1.0,1.0,1.0,1.0,1.0,1.0,1.0,1.0,1.0,1.0,1.0,1.0,1.0,1.0,1.0,1.0,1.0,1.0,1.0,1.0,1.0,1.0,1.0,1.0,1.0,1.0,1.0,1.0,1.0,1.0,1.0,1.0,1.0,1.0,1.0,1.0,1.0,1.0,1.0,1.0,1.0,1.0,1.0,1.0,1.0,1.0,1.0,1.0,1.0,1.0,1.0,1.0,1.0,1.0,1.0,1.0,1.0,1.0,1.0,1.0,1.0,1.0,1.0,1.0,1.0,1.0,1.0,1.0,1.0,1.0,1.0,1.0,1.0,1.0,1.0,1.0,1.0,1.0,1.0,1.0,1.0,1.0,1.0,1.0,1.0,1.0,1.0,1.0,1.0,1.0,1.0,1.0,1.0,1.0,1.0,1.0,1.0,1.0,1.0,1.0,1.0,1.0,1.0,1.0,1.0,1.0,1.0,1.0,1.0,1.0,1.0,1.0,1.0,1.0,1.0,1.0,1.0,1.0,1.0,1.0,1.0,1.0,1.0,1.0,1.0,1.0,1.0,1.0,1.0,1.0,1.0,1.0,1.0,1.0,1.0,1.0,1.0,1.0,1.0,1.0,1.0,1.0,1.0,1.0,1.0,1.0,1.0,1.0,1.0,1.0,1.0,1.0,1.0,1.0,1.0,1.0,1.0,1.0,1.0,1.0,1.0,1.0,1.0,1.0,1.0,1.0,1.0,1.0,1.0,1.0,1.0,1.0,1.0,1.0,1.0,1.0,1.0,1.0,1.0,1.0,1.0,1.0,1.0,1.0,1.0,1.0,1.0,1.0,1.0,1.0,1.0,1.0,1.0,1.0,1.0,1.0,1.0,1.0,1.0,1.0,1.0,1.0,1.0,1.0,1.0,1.0,1.0,1.0,1.0,1.0,1.0,1.0,1.0,1.0,1.0,1.0,1.0,1.0,1.0,1.0,1.0,1.0,1.0,1.0,1.0,1.0,1.0,1.0,1.0,1.0,1.0,1.0,1.0,1.0,1.0,1.0,1.0,1.0,1.0,1.0,1.0,1.0,1.0,1.0,1.0,1.0,1.0,1.0,1.0,1.0,1.0,1.0,1.0,1.0,1.0,1.0,1.0,1.0,1.0,1.0,1.0,1.0,1.0,1.0,1.0,1.0,1.0,1.0,1.0,1.0,1.0,1.0,1.0,1.0,1.0,1.0,1.0,1.0,1.0,1.0,1.0,1.0,1.0,1.0,1.0,1.0,1.0,1.0,1.0,1.0,1.0,1.0,1.0,1.0,1.0,1.0,0.8714671138851722,1.2128234170098038,1.0306215523502995,1.292099730573279,1.3851260644061982,2.195827396909663,1.231011563327826,0.9174906065975514,0.8218386347359061,0.9317631945441794,1.1608269875794166,1.2453074004242928,0.9413454688730597,0.8318689159161037,1.0549566682756313,0.945108516345593,1.0857152452965277,0.9030564517768614,1.016728959257744,0.7179931771617445,1.000747043615125,1.228915941501427,1.2234322816060592,0.9856045705357283,1.1197532242352102,1.096228731270308,1.03510633853027,1.01857865082629,1.0882987950152694,0.9275426527875328,0.8706481410026026,0.8900701488605983,1.1113491200273937,1.1905989463701736,0.9587877467069527,1.2656404136962929,1.1722475859551786,1.1237369242870798,0.9274277856033291,0.80410146400076,1.2960246081581333,1.16128992630536,1.0220807342489053,1.068896109691879,1.0459562182403295,0.7383808875937422,1.1459295054957692,1.2186278433246795,1.0481818490486505,0.9772287583980632,0.8562620409102919,1.0488402489600395,1.0537717124011827,1.0394272408684457,0.8601634087798401,1.0999336036889988,0.9938643954292117,1.101242438142688,1.1662754179238577,1.0351920734976159,0.985591459293643,1.0956023246669528,1.1242389045751384,1.3970397181194278,1.0449503690271196,2.7352430999263744,0.6858696674356909,0.9278150435568386,2.1699624697307227,1.1806835249822236,2.0976672507738785,1.1187138405392676,0.9989009642813469,1.275410044228301,0.9152823145072271,1.1339080570460909,1.4043098955420277,1.773277980162439,1.2081705773621558,1.282878206990025,1.153471623267516,1.5546221495645032,1.0020927650260067,0.8536097890638421,1.194622311319118,0.7039935209954813,1.1762555206032697,0.8759697674851767,0.9386730869278224,1.678814147111742,1.08850234041721,2.4786891543321308,0.9156127407477067,1.335984169793397,0.8316174884143908,0.954683804722883,0.8999564084909428,1.1728852629098299,1.4166590143547588,0.9898124333415212,1.016779949251581,1.021322483689083,0.9316105011760836,1.1371309493953135,2.4401971939288103,1.4591855493938695,1.770985737270984,1.8529337308430045,0.6923062675119642,1.7280593099264878,1.4733153628842648,1.3108986658352175,1.1167133013984296,1.3222203744893555,1.3193957705796309,1.3441988314587312,1.1728745193272088,1.9266506365374831,1.2000276093584696,1.636344581827847,1.2865629146485498,1.354720149542079,1.7315148799998608,2.5898589357171473,1.255689247742594,1.370166268400041,2.206457575223392,1.5824995558972583,1.0657509692890779,1.0852825590920765
1.0,1.0,1.0,1.0,1.0,1.0,1.0,1.0,1.0,1.0,1.0,1.0,1.0,1.0,1.0,1.0,1.0,1.0,1.0,1.0,1.0,1.0,1.0,1.0,1.0,1.0,1.0,1.0,1.0,1.0,1.0,1.0,1.0,1.0,1.0,1.0,1.0,1.0,1.0,1.0,1.0,1.0,1.0,1.0,1.0,1.0,1.0,1.0,1.0,1.0,1.0,1.0,1.0,1.0,1.0,1.0,1.0,1.0,1.0,1.0,1.0,1.0,1.0,1.0,1.0,1.0,1.0,1.0,1.0,1.0,1.0,1.0,1.0,1.0,1.0,1.0,1.0,1.0,1.0,1.0,1.0,1.0,1.0,1.0,1.0,1.0,1.0,1.0,1.0,1.0,1.0,1.0,1.0,1.0,1.0,1.0,1.0,1.0,1.0,1.0,1.0,1.0,1.0,1.0,1.0,1.0,1.0,1.0,1.0,1.0,1.0,1.0,1.0,1.0,1.0,1.0,1.0,1.0,1.0,1.0,1.0,1.0,1.0,1.0,1.0,1.0,1.0,1.0,1.0,1.0,1.0,1.0,1.0,1.0,1.0,1.0,1.0,1.0,1.0,1.0,1.0,1.0,1.0,1.0,1.0,1.0,1.0,1.0,1.0,1.0,1.0,1.0,1.0,1.0,1.0,1.0,1.0,1.0,1.0,1.0,1.0,1.0,1.0,1.0,1.0,1.0,1.0,1.0,1.0,1.0,1.0,1.0,1.0,1.0,1.0,1.0,1.0,1.0,1.0,1.0,1.0,1.0,1.0,1.0,1.0,1.0,1.0,1.0,1.0,1.0,1.0,1.0,1.0,1.0,1.0,1.0,1.0,1.0,1.0,1.0,1.0,1.0,1.0,1.0,1.0,1.0,1.0,1.0,1.0,1.0,1.0,1.0,1.0,1.0,1.0,1.0,1.0,1.0,1.0,1.0,1.0,1.0,1.0,1.0,1.0,1.0,1.0,1.0,1.0,1.0,1.0,1.0,1.0,1.0,1.0,1.0,1.0,1.0,1.0,1.0,1.0,1.0,1.0,1.0,1.0,1.0,1.0,1.0,1.0,1.0,1.0,1.0,1.0,1.0,1.0,1.0,1.0,1.0,1.0,1.0,1.0,1.0,1.0,1.0,1.0,1.0,1.0,1.0,1.0,1.0,1.0,1.0,1.0,1.0,1.0,1.0,1.0,1.0,1.0,1.0,1.0,1.0,1.0,1.0,1.0,1.0,1.0,1.0,1.0,1.0,1.0,1.0,1.0,1.0,1.0,1.0,1.0,1.0,1.0,1.0,1.0,1.0,1.0,1.0,1.0,1.0,1.0,1.0,1.0,1.0,1.0,1.0,1.0,1.0,1.0,1.0,1.0,1.0,1.0,1.0,1.0,1.0,1.0,1.3938135284880382,1.1826930345028053,1.4828127573687504,1.5948688316254152,2.5096709514149946,1.4034589066427094,1.0508587981796957,0.9350808205222463,1.0679341661120785,1.3427825462178151,1.4313199378605157,1.0783706157605129,0.9511304111463469,1.2198579264602571,1.0735495894687135,1.2437114620793162,1.0411543642641639,1.1580912570794117,0.820525317793704,1.1722483371307122,1.4022440013161797,1.4127581254316468,1.126794302124937,1.2842374484786132,1.252216743604551,1.1862558840109256,1.1721424916394378,1.2539898719092402,1.0655177941773777,1.0024232939032875,1.0352094978042592,1.293365602776528,1.3438566596893193,1.0965583175214528,1.4518021292482244,1.3635729610035117,1.29083097232812,1.0548179927862584,0.9163326355189094,1.4871664954183834,1.3137862251333554,1.1684816696735907,1.2096326026786361,1.1918203745719569,0.8444480668043206,1.3148670010930958,1.344593670835398,1.1865029275451846,1.107496949622526,0.9766518941599833,1.195862125705061,1.1980831065776056,1.1902445635404706,0.986658722950829,1.2556212342205695,1.123314253655893,1.2456407115711023,1.3093043878549262,1.1656349241995458,1.1077670909593798,1.2491102407605104,1.2766061658004446,1.6138474600392096,1.1905353627558073,3.170914348595231,0.7829087076493464,1.0495999161528293,2.4761888511501575,1.362638223543408,2.431785619630525,1.2814115169951907,1.1364175790969553,1.4579683298827795,1.0505424502780092,1.2985706301666207,1.5897308396358585,1.9682157673216165,1.3765132195394196,1.4785068470152523,1.3163949200242253,1.7282803222864955,1.1491658805462408,0.9713794005400109,1.3609295852406178,0.7942504883556033,1.3173914639380673,0.984592858021768,1.0650524022893222,1.8965161905573653,1.238616898854744,2.7977793274944727,1.0540208282456478,1.533443967575948,0.9540664509363102,1.0870940885406108,1.0348941739194444,1.3470265994380655,1.623659138593562,1.1320166282254611,1.165630074423899,1.1722955153805434,1.0506590906379216,1.307708031869697,2.7911201136172217,1.6752106666027289,2.0838494732880326,2.151035818808827,0.7868252497307067,1.9461704667270001,1.6866498417383706,1.5024493539787651,1.2938982602893192,1.5199546522865397,1.5189306903596909,1.5450439344247235,1.358586320077988,2.1882665480923555,1.3573615614809384,1.8703634794611792,1.4867217470395604,1.5521808445825873,1.981250862133039,2.8456470931037927,1.409833568989601,1.5725070210121883,2.5388398360538584,1.8168201270334077,1.2055354624241148,1.2429764331781765
1.0,1.0,1.0,1.0,1.0,1.0,1.0,1.0,1.0,1.0,1.0,1.0,1.0,1.0,1.0,1.0,1.0,1.0,1.0,1.0,1.0,1.0,1.0,1.0,1.0,1.0,1.0,1.0,1.0,1.0,1.0,1.0,1.0,1.0,1.0,1.0,1.0,1.0,1.0,1.0,1.0,1.0,1.0,1.0,1.0,1.0,1.0,1.0,1.0,1.0,1.0,1.0,1.0,1.0,1.0,1.0,1.0,1.0,1.0,1.0,1.0,1.0,1.0,1.0,1.0,1.0,1.0,1.0,1.0,1.0,1.0,1.0,1.0,1.0,1.0,1.0,1.0,1.0,1.0,1.0,1.0,1.0,1.0,1.0,1.0,1.0,1.0,1.0,1.0,1.0,1.0,1.0,1.0,1.0,1.0,1.0,1.0,1.0,1.0,1.0,1.0,1.0,1.0,1.0,1.0,1.0,1.0,1.0,1.0,1.0,1.0,1.0,1.0,1.0,1.0,1.0,1.0,1.0,1.0,1.0,1.0,1.0,1.0,1.0,1.0,1.0,1.0,1.0,1.0,1.0,1.0,1.0,1.0,1.0,1.0,1.0,1.0,1.0,1.0,1.0,1.0,1.0,1.0,1.0,1.0,1.0,1.0,1.0,1.0,1.0,1.0,1.0,1.0,1.0,1.0,1.0,1.0,1.0,1.0,1.0,1.0,1.0,1.0,1.0,1.0,1.0,1.0,1.0,1.0,1.0,1.0,1.0,1.0,1.0,1.0,1.0,1.0,1.0,1.0,1.0,1.0,1.0,1.0,1.0,1.0,1.0,1.0,1.0,1.0,1.0,1.0,1.0,1.0,1.0,1.0,1.0,1.0,1.0,1.0,1.0,1.0,1.0,1.0,1.0,1.0,1.0,1.0,1.0,1.0,1.0,1.0,1.0,1.0,1.0,1.0,1.0,1.0,1.0,1.0,1.0,1.0,1.0,1.0,1.0,1.0,1.0,1.0,1.0,1.0,1.0,1.0,1.0,1.0,1.0,1.0,1.0,1.0,1.0,1.0,1.0,1.0,1.0,1.0,1.0,1.0,1.0,1.0,1.0,1.0,1.0,1.0,1.0,1.0,1.0,1.0,1.0,1.0,1.0,1.0,1.0,1.0,1.0,1.0,1.0,1.0,1.0,1.0,1.0,1.0,1.0,1.0,1.0,1.0,1.0,1.0,1.0,1.0,1.0,1.0,1.0,1.0,1.0,1.0,1.0,1.0,1.0,1.0,1.0,1.0,1.0,1.0,1.0,1.0,1.0,1.0,1.0,1.0,1.0,1.0,1.0,1.0,1.0,1.0,1.0,1.0,1.0,1.0,1.0,1.0,1.0,1.0,1.0,1.0,1.0,1.0,1.0,1.0,1.0,1.0,1.0,1.0,1.0,1.0,1.0,0.8483265717804485,1.0637221570463504,1.1438987824478115,1.7987143052324033,1.0051741281530804,0.7533179136398143,0.6700951152354694,0.7656670401359023,0.9639152334320367,1.0267328912262699,0.7732946361065232,0.6817610012401488,0.8753505991656869,0.7690190263763852,0.8917792338279348,0.7472363102378352,0.8299359811009155,0.5877558338431067,0.842065426744445,1.0044843772100918,1.0135256353337012,0.8077493760124126,0.9208579731306369,0.8979730708474221,0.8505023905454048,0.8408850745288681,0.8997339512049158,0.7642383053883957,0.7190559149662938,0.7435438092740105,0.9284313900713126,0.9611764625208999,0.786200410684683,1.0410814847877057,0.9796400181805167,0.9259472662243093,0.7557230839165712,0.6567078939640145,1.0660594038771545,0.9405515111259289,0.8379127622070532,0.8658289355190398,0.8537539766980569,0.6051220304890227,0.942514955449097,0.9592383377003058,0.8496870296782265,0.792865804057661,0.6994657966132287,0.8568442164307017,0.8581007719984017,0.8533208380342726,0.7073463062668415,0.8997513283503459,0.8045141149076886,0.8916710208700604,0.9362563526476517,0.8341873763270959,0.7922194852174334,0.8951322917949227,0.9143661251169083,1.158104896796289,0.8528840729859086,2.2718969028639653,0.5610050039514005,0.7512156742149565,1.7764827948565527,0.9777413308092067,1.7462240599060803,0.9191109341116901,0.8144919790538991,1.0449631853738113,0.7533495589759439,0.9314485897661967,1.1383603715755195,1.4083779919280048,0.9865298858725201,1.0604295969679487,0.9432599938167605,1.2355758850878387,0.8242154258804754,0.6960808263520233,0.9745013491555228,0.5683202432030826,0.9421307509857079,0.7043717868162533,0.7628856648255719,1.3578401398282463,0.8868768309259345,2.0024957378860395,0.7561854842959934,1.0991695762318807,0.6840280333474718,0.778292479386411,0.742245789876461,0.9662361987207404,1.1642763328771084,0.8119904466809493,0.835896022568016,0.8411829393113023,0.7524041818086287,0.9380111528022168,2.0011538800684354,1.2014430447714546,1.5004767219372601,1.5418316366623461,0.5637286207349879,1.3928043272427293,1.2090549672997728,1.0775010985583244,0.9286285587371554,1.090188434389476,1.089426608205388,1.108143176017176,0.9749860606180147,1.5674170653647002,0.971633186133795,1.3393118851866803,1.0672191340505093,1.113174527182922,1.420823688434157,2.0300500314303767,1.0090736504394857,1.1277365952350449,1.8227438384904806,1.3035644664518604,0.8634144839957784,0.8910572598038156
1.0,1.0,1.0,1.0,1.0,1.0,1.0,1.0,1.0,1.0,1.0,1.0,1.0,1.0,1.0,1.0,1.0,1.0,1.0,1.0,1.0,1.0,1.0,1.0,1.0,1.0,1.0,1.0,1.0,1.0,1.0,1.0,1.0,1.0,1.0,1.0,1.0,1.0,1.0,1.0,1.0,1.0,1.0,1.0,1.0,1.0,1.0,1.0,1.0,1.0,1.0,1.0,1.0,1.0,1.0,1.0,1.0,1.0,1.0,1.0,1.0,1.0,1.0,1.0,1.0,1.0,1.0,1.0,1.0,1.0,1.0,1.0,1.0,1.0,1.0,1.0,1.0,1.0,1.0,1.0,1.0,1.0,1.0,1.0,1.0,1.0,1.0,1.0,1.0,1.0,1.0,1.0,1.0,1.0,1.0,1.0,1.0,1.0,1.0,1.0,1.0,1.0,1.0,1.0,1.0,1.0,1.0,1.0,1.0,1.0,1.0,1.0,1.0,1.0,1.0,1.0,1.0,1.0,1.0,1.0,1.0,1.0,1.0,1.0,1.0,1.0,1.0,1.0,1.0,1.0,1.0,1.0,1.0,1.0,1.0,1.0,1.0,1.0,1.0,1.0,1.0,1.0,1.0,1.0,1.0,1.0,1.0,1.0,1.0,1.0,1.0,1.0,1.0,1.0,1.0,1.0,1.0,1.0,1.0,1.0,1.0,1.0,1.0,1.0,1.0,1.0,1.0,1.0,1.0,1.0,1.0,1.0,1.0,1.0,1.0,1.0,1.0,1.0,1.0,1.0,1.0,1.0,1.0,1.0,1.0,1.0,1.0,1.0,1.0,1.0,1.0,1.0,1.0,1.0,1.0,1.0,1.0,1.0,1.0,1.0,1.0,1.0,1.0,1.0,1.0,1.0,1.0,1.0,1.0,1.0,1.0,1.0,1.0,1.0,1.0,1.0,1.0,1.0,1.0,1.0,1.0,1.0,1.0,1.0,1.0,1.0,1.0,1.0,1.0,1.0,1.0,1.0,1.0,1.0,1.0,1.0,1.0,1.0,1.0,1.0,1.0,1.0,1.0,1.0,1.0,1.0,1.0,1.0,1.0,1.0,1.0,1.0,1.0,1.0,1.0,1.0,1.0,1.0,1.0,1.0,1.0,1.0,1.0,1.0,1.0,1.0,1.0,1.0,1.0,1.0,1.0,1.0,1.0,1.0,1.0,1.0,1.0,1.0,1.0,1.0,1.0,1.0,1.0,1.0,1.0,1.0,1.0,1.0,1.0,1.0,1.0,1.0,1.0,1.0,1.0,1.0,1.0,1.0,1.0,1.0,1.0,1.0,1.0,1.0,1.0,1.0,1.0,1.0,1.0,1.0,1.0,1.0,1.0,1.0,1.0,1.0,1.0,1.0,1.0,1.0,1.0,1.0,1.0,1.0,1.0,1.253879798593851,1.3471424315931477,2.12012466104482,1.1840883362513948,0.8874696353313729,0.7901576963452925,0.9020732235628093,1.1352585779364501,1.2098471296430213,0.9111668899388108,0.8034998778707876,1.0307239467359088,0.9069037351077593,1.0509157436608654,0.8801031923993987,0.9787884661468789,0.6922318414231245,0.9905691989219767,1.1832715850402755,1.1932115414478717,0.9521711289379186,1.0845148672269682,1.058867601049191,1.0017462330165943,0.9906010109467561,1.0589924642846824,0.9002965653006667,0.8466828737010648,0.8745993532379197,1.0925342334547539,1.1329429850477664,0.9265234008484311,1.2271786966698968,1.1542286798494796,1.0911913138218379,0.8909520135830691,0.7743400552392175,1.2557405465349276,1.1097773750361095,0.9877377361614539,1.0211846342628643,1.006264575376842,0.7128724519418086,1.110434058963866,1.1341322583606575,1.0022405814493616,0.935019083250972,0.8237648219153901,1.0100523679472406,1.0116943102762876,1.0051726562290009,0.833817130771792,1.0607840622851357,0.9490810467459738,1.0516756248214252,1.1043321319171087,0.9839740356830435,0.9343931841566889,1.055073707459624,1.0782201603753743,1.3640244767786252,1.005138863822182,2.672594173523159,0.6612151775483415,0.8863648790930622,2.0965474486592086,1.1510426341925262,2.0568327329403377,1.0832804836735246,0.9601157053160938,1.2317782266571442,0.8874880707843711,1.097331819214692,1.3437695716319014,1.668739455473504,1.164021249785164,1.248455892801469,1.1116166004345862,1.4604431251967838,0.9714080795259088,0.8210665574901568,1.147662586511108,0.6702826258424637,1.1133826031108658,0.8313584101429496,0.8997153919770542,1.6021588559870406,1.0452793970033718,2.3641056801946956,0.8906252519799945,1.2944101569615118,0.805574873424864,0.9163638999247088,0.874240992147554,1.1383515981086552,1.3721112042768508,0.9571439579227025,0.98510232986526,0.9915265608491135,0.8880023621306959,1.1052317287770048,2.3595672644862464,1.4159479059866187,1.7654620537131962,1.8121723503393459,0.6645813183139351,1.644856085897447,1.4253965276438456,1.2699941913047437,1.0932128286732246,1.2844741219849118,1.282838290545068,1.305090738890712,1.1475941265437437,1.8481345574139858,1.1457950576539324,1.5767483463670837,1.2578660600729177,1.3119874318100586,1.6741769585203101,2.4022679209373745,1.1916480950735422,1.3287420481799965,2.147929961464607,1.5363168659342823,1.018702838500587,1.0496175218627934
1.0,1.0,1.0,1.0,1.0,1.0,1.0,1.0,1.0,1.0,1.0,1.0,1.0,1.0,1.0,1.0,1.0,1.0,1.0,1.0,1.0,1.0,1.0,1.0,1.0,1.0,1.0,1.0,1.0,1.0,1.0,1.0,1.0,1.0,1.0,1.0,1.0,1.0,1.0,1.0,1.0,1.0,1.0,1.0,1.0,1.0,1.0,1.0,1.0,1.0,1.0,1.0,1.0,1.0,1.0,1.0,1.0,1.0,1.0,1.0,1.0,1.0,1.0,1.0,1.0,1.0,1.0,1.0,1.0,1.0,1.0,1.0,1.0,1.0,1.0,1.0,1.0,1.0,1.0,1.0,1.0,1.0,1.0,1.0,1.0,1.0,1.0,1.0,1.0,1.0,1.0,1.0,1.0,1.0,1.0,1.0,1.0,1.0,1.0,1.0,1.0,1.0,1.0,1.0,1.0,1.0,1.0,1.0,1.0,1.0,1.0,1.0,1.0,1.0,1.0,1.0,1.0,1.0,1.0,1.0,1.0,1.0,1.0,1.0,1.0,1.0,1.0,1.0,1.0,1.0,1.0,1.0,1.0,1.0,1.0,1.0,1.0,1.0,1.0,1.0,1.0,1.0,1.0,1.0,1.0,1.0,1.0,1.0,1.0,1.0,1.0,1.0,1.0,1.0,1.0,1.0,1.0,1.0,1.0,1.0,1.0,1.0,1.0,1.0,1.0,1.0,1.0,1.0,1.0,1.0,1.0,1.0,1.0,1.0,1.0,1.0,1.0,1.0,1.0,1.0,1.0,1.0,1.0,1.0,1.0,1.0,1.0,1.0,1.0,1.0,1.0,1.0,1.0,1.0,1.0,1.0,1.0,1.0,1.0,1.0,1.0,1.0,1.0,1.0,1.0,1.0,1.0,1.0,1.0,1.0,1.0,1.0,1.0,1.0,1.0,1.0,1.0,1.0,1.0,1.0,1.0,1.0,1.0,1.0,1.0,1.0,1.0,1.0,1.0,1.0,1.0,1.0,1.0,1.0,1.0,1.0,1.0,1.0,1.0,1.0,1.0,1.0,1.0,1.0,1.0,1.0,1.0,1.0,1.0,1.0,1.0,1.0,1.0,1.0,1.0,1.0,1.0,1.0,1.0,1.0,1.0,1.0,1.0,1.0,1.0,1.0,1.0,1.0,1.0,1.0,1.0,1.0,1.0,1.0,1.0,1.0,1.0,1.0,1.0,1.0,1.0,1.0,1.0,1.0,1.0,1.0,1.0,1.0,1.0,1.0,1.0,1.0,1.0,1.0,1.0,1.0,1.0,1.0,1.0,1.0,1.0,1.0,1.0,1.0,1.0,1.0,1.0,1.0,1.0,1.0,1.0,1.0,1.0,1.0,1.0,1.0,1.0,1.0,1.0,1.0,1.0,1.0,1.0,1.0,1.0,1.0,1.073450967353592,1.690469630421151,0.9437325724431833,0.707399922349219,0.6299463170967703,0.7191862885151105,0.9050781594917299,0.963904511667738,0.7262509745619831,0.6404300899473427,0.8218918302459816,0.7226661136094685,0.8371498887283577,0.7018558591282278,0.7798719436145273,0.5513937623158048,0.789550491284076,0.9434000364444343,0.9511103342041725,0.7595343188329626,0.8642977631876164,0.843573032483396,0.7988036196027646,0.7898052107660302,0.844418298729973,0.7176460499591203,0.6754236691504862,0.6983628883262207,0.8711299691498682,0.9031167584424225,0.7385439112451875,0.9778217676280101,0.9205188957980421,0.8699644277928253,0.7102340541151606,0.6170910829097875,1.0007936695472122,0.884069845633866,0.787451913883245,0.8135155161378369,0.8023024215980112,0.5681349106384952,0.8849590719384325,0.900634311098699,0.7984631708921133,0.7454119613692791,0.6567244794592664,0.8048410190901663,0.8061915696719416,0.8010517116540358,0.6642638529138021,0.8463242736092471,0.7563707356374271,0.8376313303867893,0.8799896229861309,0.7843871125789167,0.7446914529496882,0.841177760471613,0.8591740919194667,1.0874596935770415,0.8016228172184772,2.126190029771849,0.5270414417528317,0.7060529398395481,1.6704825577418019,0.916945671099288,1.6400193940369427,0.8638385250202374,0.7657342389098011,0.9814572476783909,0.7075186093028845,0.8750752768268487,1.0698030003720256,1.3286970562834135,0.927542225144372,0.9964661849086015,0.8865943645548491,1.1621478124216627,0.7743642587914772,0.6539875228599312,0.9150164870906983,0.5338319264860321,0.8866760504143176,0.6622849579294374,0.7166657174500676,1.2757502465525257,0.8326925833469234,1.8819998278950505,0.7101858353698008,1.0315796853463821,0.6421546787727961,0.730176485295048,0.6970819898581603,0.9072644831415014,1.0934088226500116,0.7627778583904243,0.7848416736270333,0.7907614908311071,0.7074127423625969,0.8806982521497921,1.88293282456277,1.1292977400557418,1.4093340874170164,1.4451824030548344,0.5295655260999204,1.3084353594078844,1.1351821563333742,1.0121330937280266,0.8715204220900428,1.0237800399289743,1.0231656087369219,1.0405437459413909,0.9152537023051115,1.4717976820572631,0.9132932797901058,1.253549105627168,1.002821382550123,1.0455764138102428,1.335025331752233,1.9145890802774357,0.9493465073139588,1.0592867887904338,1.7129303429986547,1.224360796744739,0.8109838441247744,0.8367515823438925
1.0,1.0,1.0,1.0,1.0,1.0,1.0,1.0,1.0,1.0,1.0,1.0,1.0,1.0,1.0,1.0,1.0,1.0,1.0,1.0,1.0,1.0,1.0,1.0,1.0,1.0,1.0,1.0,1.0,1.0,1.0,1.0,1.0,1.0,1.0,1.0,1.0,1.0,1.0,1.0,1.0,1.0,1.0,1.0,1.0,1.0,1.0,1.0,1.0,1.0,1.0,1.0,1.0,1.0,1.0,1.0,1.0,1.0,1.0,1.0,1.0,1.0,1.0,1.0,1.0,1.0,1.0,1.0,1.0,1.0,1.0,1.0,1.0,1.0,1.0,1.0,1.0,1.0,1.0,1.0,1.0,1.0,1.0,1.0,1.0,1.0,1.0,1.0,1.0,1.0,1.0,1.0,1.0,1.0,1.0,1.0,1.0,1.0,1.0,1.0,1.0,1.0,1.0,1.0,1.0,1.0,1.0,1.0,1.0,1.0,1.0,1.0,1.0,1.0,1.0,1.0,1.0,1.0,1.0,1.0,1.0,1.0,1.0,1.0,1.0,1.0,1.0,1.0,1.0,1.0,1.0,1.0,1.0,1.0,1.0,1.0,1.0,1.0,1.0,1.0,1.0,1.0,1.0,1.0,1.0,1.0,1.0,1.0,1.0,1.0,1.0,1.0,1.0,1.0,1.0,1.0,1.0,1.0,1.0,1.0,1.0,1.0,1.0,1.0,1.0,1.0,1.0,1.0,1.0,1.0,1.0,1.0,1.0,1.0,1.0,1.0,1.0,1.0,1.0,1.0,1.0,1.0,1.0,1.0,1.0,1.0,1.0,1.0,1.0,1.0,1.0,1.0,1.0,1.0,1.0,1.0,1.0,1.0,1.0,1.0,1.0,1.0,1.0,1.0,1.0,1.0,1.0,1.0,1.0,1.0,1.0,1.0,1.0,1.0,1.0,1.0,1.0,1.0,1.0,1.0,1.0,1.0,1.0,1.0,1.0,1.0,1.0,1.0,1.0,1.0,1.0,1.0,1.0,1.0,1.0,1.0,1.0,1.0,1.0,1.0,1.0,1.0,1.0,1.0,1.0,1.0,1.0,1.0,1.0,1.0,1.0,1.0,1.0,1.0,1.0,1.0,1.0,1.0,1.0,1.0,1.0,1.0,1.0,1.0,1.0,1.0,1.0,1.0,1.0,1.0,1.0,1.0,1.0,1.0,1.0,1.0,1.0,1.0,1.0,1.0,1.0,1.0,1.0,1.0,1.0,1.0,1.0,1.0,1.0,1.0,1.0,1.0,1.0,1.0,1.0,1.0,1.0,1.0,1.0,1.0,1.0,1.0,1.0,1.0,1.0,1.0,1.0,1.0,1.0,1.0,1.0,1.0,1.0,1.0,1.0,1.0,1.0,1.0,1.0,1.0,1.0,1.0,1.0,1.0,1.0,1.0,1.0,1.5699642702187453,0.8774137962869136,0.6577559357741034,0.5846102681332723,0.6685496004901688,0.8422676633228491,0.8965298476733702,0.6751922144037377,0.5951063090585207,0.7647089932355496,0.6708591981495995,0.7788000582058219,0.652775304490113,0.7241605252194079,0.5132011316488292,0.7369569837037173,0.8768457808956158,0.8858296760533709,0.7049901524190978,0.8039852963383222,0.7837519854971563,0.7426595027269023,0.7343848788330525,0.7859451959409838,0.6673327132360338,0.6279153957058522,0.6502227749886318,0.8120408394284105,0.8382245494880204,0.6863435254869785,0.9090104500548681,0.856320160093577,0.8085246169809277,0.659407340185001,0.5729965277308711,0.930859325288858,0.8202275912131531,0.7313066048583108,0.755091557462664,0.7450710725034215,0.5283600436298018,0.8233061512573359,0.8344636556792433,0.7407770321680194,0.6916081613037609,0.6106880864747273,0.7477703872152728,0.7486678889326612,0.744991013213287,0.617618769553626,0.7851371240617673,0.7014370813783422,0.7777348004614243,0.8159823764651977,0.7272128175224631,0.6905879913143652,0.7811078926182207,0.7975524331932253,1.0119623987633128,0.7443941941435371,1.9872990544227562,0.4896193581312255,0.6550049010148778,1.5496748242451206,0.8542809751288108,1.5263452346740023,0.8022734859570573,0.7104874067381246,0.912141239749833,0.6577638286549643,0.8131502681865164,0.9927225474600956,1.2249943739996385,0.8608081308746376,0.926268496759442,0.8231427922632313,1.074915727687964,0.719578634817746,0.6073026033338724,0.8508589211053024,0.4954827701215747,0.8205124868885911,0.6138662627818724,0.6654779272572722,1.1837031212506295,0.7740198363068211,1.7457892589930044,0.6605727329874171,0.960091976383012,0.5973799982130676,0.6794773962042718,0.6482239977896067,0.8437375560048336,1.0165275701317047,0.7087840397225503,0.7297955756559183,0.7345308072669976,0.6557173870538437,0.8193680328974038,1.7458330084943308,1.0490893507490409,1.3131931850528302,1.3482455224452181,0.49182886619404487,1.2140716270383423,1.0555401176197232,0.9408322703399195,0.8117054017466405,0.95202204176917,0.9516194870659297,0.9678526241572444,0.8523938783945775,1.367242248035377,0.8471527079330095,1.1700973445912874,0.9323696194916092,0.971727716183342,1.2401236592935556,1.764692670565436,0.8789519743202545,0.9846953449872198,1.5933633670266052,1.138271778051803,0.7527578936817036,0.7779519640048143
1.0,1.0,1.0,1.0,1.0,1.0,1.0,1.0,1.0,1.0,1.0,1.0,1.0,1.0,1.0,1.0,1.0,1.0,1.0,1.0,1.0,1.0,1.0,1.0,1.0,1.0,1.0,1.0,1.0,1.0,1.0,1.0,1.0,1.0,1.0,1.0,1.0,1.0,1.0,1.0,1.0,1.0,1.0,1.0,1.0,1.0,1.0,1.0,1.0,1.0,1.0,1.0,1.0,1.0,1.0,1.0,1.0,1.0,1.0,1.0,1.0,1.0,1.0,1.0,1.0,1.0,1.0,1.0,1.0,1.0,1.0,1.0,1.0,1.0,1.0,1.0,1.0,1.0,1.0,1.0,1.0,1.0,1.0,1.0,1.0,1.0,1.0,1.0,1.0,1.0,1.0,1.0,1.0,1.0,1.0,1.0,1.0,1.0,1.0,1.0,1.0,1.0,1.0,1.0,1.0,1.0,1.0,1.0,1.0,1.0,1.0,1.0,1.0,1.0,1.0,1.0,1.0,1.0,1.0,1.0,1.0,1.0,1.0,1.0,1.0,1.0,1.0,1.0,1.0,1.0,1.0,1.0,1.0,1.0,1.0,1.0,1.0,1.0,1.0,1.0,1.0,1.0,1.0,1.0,1.0,1.0,1.0,1.0,1.0,1.0,1.0,1.0,1.0,1.0,1.0,1.0,1.0,1.0,1.0,1.0,1.0,1.0,1.0,1.0,1.0,1.0,1.0,1.0,1.0,1.0,1.0,1.0,1.0,1.0,1.0,1.0,1.0,1.0,1.0,1.0,1.0,1.0,1.0,1.0,1.0,1.0,1.0,1.0,1.0,1.0,1.0,1.0,1.0,1.0,1.0,1.0,1.0,1.0,1.0,1.0,1.0,1.0,1.0,1.0,1.0,1.0,1.0,1.0,1.0,1.0,1.0,1.0,1.0,1.0,1.0,1.0,1.0,1.0,1.0,1.0,1.0,1.0,1.0,1.0,1.0,1.0,1.0,1.0,1.0,1.0,1.0,1.0,1.0,1.0,1.0,1.0,1.0,1.0,1.0,1.0,1.0,1.0,1.0,1.0,1.0,1.0,1.0,1.0,1.0,1.0,1.0,1.0,1.0,1.0,1.0,1.0,1.0,1.0,1.0,1.0,1.0,1.0,1.0,1.0,1.0,1.0,1.0,1.0,1.0,1.0,1.0,1.0,1.0,1.0,1.0,1.0,1.0,1.0,1.0,1.0,1.0,1.0,1.0,1.0,1.0,1.0,1.0,1.0,1.0,1.0,1.0,1.0,1.0,1.0,1.0,1.0,1.0,1.0,1.0,1.0,1.0,1.0,1.0,1.0,1.0,1.0,1.0,1.0,1.0,1.0,1.0,1.0,1.0,1.0,1.0,1.0,1.0,1.0,1.0,1.0,1.0,1.0,1.0,1.0,1.0,1.0,1.0,1.0,0.558710205385134,0.41806593906293593,0.3726646022242789,0.42493151136406015,0.5334219238857115,0.5689881700888608,0.42909138496858507,0.3785861890972171,0.48465111957084805,0.4278449977048494,0.4945750222292228,0.413989966821408,0.46125202624830974,0.326249577588634,0.4641406860906431,0.5582328804429222,0.5612245965123877,0.44884935793093694,0.5106963808206999,0.4986220834366997,0.4720109770473546,0.46607660532776485,0.4983524128599405,0.42376368760502414,0.39863650502444375,0.41106415894606946,0.513119517574025,0.5359125500088269,0.4364466631843631,0.5775284758484616,0.5413660019222473,0.5135112441685628,0.420335487258131,0.36489608679684216,0.5914657980352807,0.5237153198027571,0.46530198108921217,0.48223354966962567,0.47473330772329037,0.33590854192510383,0.5227940953970005,0.5374710922848822,0.47314769642755483,0.44161059467629016,0.3886080817196299,0.4761664253915946,0.47728604763799454,0.47348171078663503,0.39232923569293543,0.5004145845895582,0.44817568910129124,0.4965171821603007,0.5229181191080594,0.46543558982908617,0.4422675061775268,0.4975389857275856,0.5088022418474669,0.641323684438099,0.474285202144271,1.2554418083090826,0.31170515285394623,0.41854020344293175,0.9868183207194015,0.5409894256744238,0.9658980559737556,0.5101439558635354,0.45300254760259595,0.5802424527428092,0.41789487455382646,0.5168046354250715,0.6338107590024294,0.7886288931325691,0.5484755339250748,0.5881167071539943,0.5243764634216393,0.6914480127502884,0.4572520242458186,0.38694392239550096,0.5418345913731977,0.31672423881031986,0.5264775820747001,0.39308143029787895,0.42431088945269063,0.7564383158686169,0.4930625373171704,1.115861199623874,0.4190448563958399,0.6095584801637286,0.3794155362797197,0.4325334351559422,0.4115502936220494,0.535567471057969,0.6457765533012022,0.45058148842906415,0.4634524926359808,0.4666857862918802,0.4193328743425175,0.5198132084548188,1.1117640428042532,0.6666422480835643,0.825882826472796,0.8528980198237863,0.3134869665108493,0.7761942940053028,0.6707364179443335,0.5977561521701544,0.5137366260313028,0.6043503496887487,0.6041216493611933,0.6144869411396907,0.5395227156045057,0.8716310310638866,0.5415061999200705,0.742328639517617,0.5908989465463181,0.61754048388315,0.7887943588468658,1.1419927227341875,0.5634268402901799,0.6254979949121436,1.0093206648315727,0.7225792841574524,0.48055049192494603,0.494516357429557
1.0,1.0,1.0,1.0,1.0,1.0,1.0,1.0,1.0,1.0,1.0,1.0,1.0,1.0,1.0,1.0,1.0,1.0,1.0,1.0,1.0,1.0,1.0,1.0,1.0,1.0,1.0,1.0,1.0,1.0,1.0,1.0,1.0,1.0,1.0,1.0,1.0,1.0,1.0,1.0,1.0,1.0,1.0,1.0,1.0,1.0,1.0,1.0,1.0,1.0,1.0,1.0,1.0,1.0,1.0,1.0,1.0,1.0,1.0,1.0,1.0,1.0,1.0,1.0,1.0,1.0,1.0,1.0,1.0,1.0,1.0,1.0,1.0,1.0,1.0,1.0,1.0,1.0,1.0,1.0,1.0,1.0,1.0,1.0,1.0,1.0,1.0,1.0,1.0,1.0,1.0,1.0,1.0,1.0,1.0,1.0,1.0,1.0,1.0,1.0,1.0,1.0,1.0,1.0,1.0,1.0,1.0,1.0,1.0,1.0,1.0,1.0,1.0,1.0,1.0,1.0,1.0,1.0,1.0,1.0,1.0,1.0,1.0,1.0,1.0,1.0,1.0,1.0,1.0,1.0,1.0,1.0,1.0,1.0,1.0,1.0,1.0,1.0,1.0,1.0,1.0,1.0,1.0,1.0,1.0,1.0,1.0,1.0,1.0,1.0,1.0,1.0,1.0,1.0,1.0,1.0,1.0,1.0,1.0,1.0,1.0,1.0,1.0,1.0,1.0,1.0,1.0,1.0,1.0,1.0,1.0,1.0,1.0,1.0,1.0,1.0,1.0,1.0,1.0,1.0,1.0,1.0,1.0,1.0,1.0,1.0,1.0,1.0,1.0,1.0,1.0,1.0,1.0,1.0,1.0,1.0,1.0,1.0,1.0,1.0,1.0,1.0,1.0,1.0,1.0,1.0,1.0,1.0,1.0,1.0,1.0,1.0,1.0,1.0,1.0,1.0,1.0,1.0,1.0,1.0,1.0,1.0,1.0,1.0,1.0,1.0,1.0,1.0,1.0,1.0,1.0,1.0,1.0,1.0,1.0,1.0,1.0,1.0,1.0,1.0,1.0,1.0,1.0,1.0,1.0,1.0,1.0,1.0,1.0,1.0,1.0,1.0,1.0,1.0,1.0,1.0,1.0,1.0,1.0,1.0,1.0,1.0,1.0,1.0,1.0,1.0,1.0,1.0,1.0,1.0,1.0,1.0,1.0,1.0,1.0,1.0,1.0,1.0,1.0,1.0,1.0,1.0,1.0,1.0,1.0,1.0,1.0,1.0,1.0,1.0,1.0,1.0,1.0,1.0,1.0,1.0,1.0,1.0,1.0,1.0,1.0,1.0,1.0,1.0,1.0,1.0,1.0,1.0,1.0,1.0,1.0,1.0,1.0,1.0,1.0,1.0,1.0,1.0,1.0,1.0,1.0,1.0,1.0,1.0,1.0,1.0,1.0,1.0,1.0,0.747076065470796,0.6660318673077847,0.758997525059159,0.9508112108885671,1.015344803176124,0.7663484252175922,0.6763774342029848,0.8641490654579477,0.765057419115812,0.883403346472061,0.7382858390033628,0.8241691661894305,0.5838769802732915,0.8265218489312931,0.9986301959685344,1.0015189599395011,0.8015694629842348,0.9125168574076485,0.8900647652345257,0.8434513885502597,0.8316479139688987,0.8898665791748104,0.7565112186663743,0.7116342136746434,0.7327332373795991,0.9145169298424585,0.9612138827026013,0.7796783544463988,1.0306730112611562,0.9627942737534216,0.9162246259910631,0.7516853800381162,0.6521514625774006,1.0565708756700256,0.93731547742951,0.830766907393158,0.8633005125941798,0.8489008120988675,0.600733252635479,0.9338202072398607,0.9667033902231814,0.8464993659806854,0.7903390468523386,0.6959755840805197,0.8510979408428239,0.85365810891551,0.8462034122820405,0.7004605222622948,0.8938041267824399,0.8020721447870545,0.8890040942254002,0.9380900183584984,0.8339537416786212,0.7933113652951619,0.8893724906626839,0.9098009902768938,1.1436724597397152,0.8483443177577121,2.2442651387870813,0.5571477230280495,0.7490968131450493,1.7592574514874797,0.9657638952294136,1.7201370763840198,0.9104960647620692,0.8099209302074787,1.0366295903658989,0.7461880934980862,0.9230593553788937,1.1330565247726536,1.4101778327847125,0.9790812388417507,1.0499028527106804,0.937384665104064,1.2397263412348558,0.8160669631970443,0.6913508631066618,0.9704026485110346,0.5675796061361355,0.9427188471844047,0.7042445372127966,0.7591002820113979,1.3536256453695463,0.8824910452577346,1.9962880349570682,0.7479145010150585,1.0895314811059804,0.677966672499863,0.7752127567895414,0.7346908071606142,0.9562907973623866,1.1532400361438246,0.8045396284790371,0.8276993845536205,0.8324372677976011,0.7503184888435255,0.9275439272669139,1.9844852922130902,1.1894919617054982,1.4666683009334973,1.5245922926348978,0.5607660368846048,1.389161746999852,1.1978177634588472,1.067086520922011,0.9160256065026953,1.078592080557042,1.078289754267409,1.0969812339101415,0.962427990618872,1.559203461697534,0.9691449064648164,1.329996843243316,1.052437419831804,1.1025817572622203,1.409059159338876,2.051834657072055,1.0085492052220684,1.11679432078361,1.800635826422677,1.2892601142210611,0.8597357227282078,0.8838143845455663
1.0,1.0,1.0,1.0,1.0,1.0,1.0,1.0,1.0,1.0,1.0,1.0,1.0,1.0,1.0,1.0,1.0,1.0,1.0,1.0,1.0,1.0,1.0,1.0,1.0,1.0,1.0,1.0,1.0,1.0,1.0,1.0,1.0,1.0,1.0,1.0,1.0,1.0,1.0,1.0,1.0,1.0,1.0,1.0,1.0,1.0,1.0,1.0,1.0,1.0,1.0,1.0,1.0,1.0,1.0,1.0,1.0,1.0,1.0,1.0,1.0,1.0,1.0,1.0,1.0,1.0,1.0,1.0,1.0,1.0,1.0,1.0,1.0,1.0,1.0,1.0,1.0,1.0,1.0,1.0,1.0,1.0,1.0,1.0,1.0,1.0,1.0,1.0,1.0,1.0,1.0,1.0,1.0,1.0,1.0,1.0,1.0,1.0,1.0,1.0,1.0,1.0,1.0,1.0,1.0,1.0,1.0,1.0,1.0,1.0,1.0,1.0,1.0,1.0,1.0,1.0,1.0,1.0,1.0,1.0,1.0,1.0,1.0,1.0,1.0,1.0,1.0,1.0,1.0,1.0,1.0,1.0,1.0,1.0,1.0,1.0,1.0,1.0,1.0,1.0,1.0,1.0,1.0,1.0,1.0,1.0,1.0,1.0,1.0,1.0,1.0,1.0,1.0,1.0,1.0,1.0,1.0,1.0,1.0,1.0,1.0,1.0,1.0,1.0,1.0,1.0,1.0,1.0,1.0,1.0,1.0,1.0,1.0,1.0,1.0,1.0,1.0,1.0,1.0,1.0,1.0,1.0,1.0,1.0,1.0,1.0,1.0,1.0,1.0,1.0,1.0,1.0,1.0,1.0,1.0,1.0,1.0,1.0,1.0,1.0,1.0,1.0,1.0,1.0,1.0,1.0,1.0,1.0,1.0,1.0,1.0,1.0,1.0,1.0,1.0,1.0,1.0,1.0,1.0,1.0,1.0,1.0,1.0,1.0,1.0,1.0,1.0,1.0,1.0,1.0,1.0,1.0,1.0,1.0,1.0,1.0,1.0,1.0,1.0,1.0,1.0,1.0,1.0,1.0,1.0,1.0,1.0,1.0,1.0,1.0,1.0,1.0,1.0,1.0,1.0,1.0,1.0,1.0,1.0,1.0,1.0,1.0,1.0,1.0,1.0,1.0,1.0,1.0,1.0,1.0,1.0,1.0,1.0,1.0,1.0,1.0,1.0,1.0,1.0,1.0,1.0,1.0,1.0,1.0,1.0,1.0,1.0,1.0,1.0,1.0,1.0,1.0,1.0,1.0,1.0,1.0,1.0,1.0,1.0,1.0,1.0,1.0,1.0,1.0,1.0,1.0,1.0,1.0,1.0,1.0,1.0,1.0,1.0,1.0,1.0,1.0,1.0,1.0,1.0,1.0,1.0,1.0,1.0,1.0,1.0,1.0,1.0,1.0,1.0,1.0,0.8904200924558147,1.0162410116170721,1.2767301347634614,1.3610706224412126,1.0261570560224942,0.9051136466770846,1.1598209943503568,1.0221344739099467,1.1830081364669085,0.9904360896552071,1.102281914728307,0.7805244508396175,1.1129519842363031,1.3347440819204828,1.3432916522574259,1.0727934460186854,1.221789264371035,1.1916003338451955,1.1290613477822755,1.1149973211870148,1.1928799807760797,1.0136604763609334,0.9538349990628788,0.9847571762894638,1.2290112552855539,1.2803546768454064,1.0436601389656912,1.3808848936194535,1.2958612081426333,1.2280777194376982,1.0044670849921322,0.8722352065914276,1.4145679659186263,1.2510457540974624,1.1121866599932768,1.1517622019018472,1.134642978898758,0.803562862790779,1.2505743275907857,1.2808279005134025,1.1299021789997696,1.0548450739612387,0.9297495550184058,1.1380350050799986,1.1404626943683143,1.1325695690856938,0.9383136573371189,1.1955820279604703,1.0703496055216866,1.1860322377119437,1.2481487346035651,1.1111422569380018,1.0559305822750122,1.189276632742291,1.2152768264383698,1.5346093081835641,1.1337728685074473,3.0088320848885166,0.7451314680888144,0.9993906004759665,2.35681327998739,1.2953482677166914,2.3117225915392146,1.2196420243597064,1.082571447130459,1.3871938607388021,0.9995054098103695,1.2360871551831627,1.5131104827412538,1.8775960046677294,1.309999229211198,1.4071811866723842,1.2533970516692086,1.6475794447543488,1.093387074233427,0.924456959416521,1.2957828283975596,0.7564940609342592,1.2553571092172506,0.9381622616834568,1.0139436905226709,1.8058231052846696,1.1786953413254289,2.6633747822201386,1.002730247601909,1.4585790066453552,0.9077423387292785,1.0347800112188583,0.984541859625915,1.2814751951589494,1.5446533827132487,1.0774207461865326,1.1087339229130448,1.1158216702636579,1.0009703815193205,1.243554856390336,2.6574269955073158,1.5940911705819611,1.9804123793345834,2.044249979885105,0.749199296982785,1.8525347685129696,1.6039155278393333,1.4294720670317678,1.2298814408452534,1.4456623296696818,1.4451182610305549,1.4698596748087782,1.2918615084520035,2.0828566850128936,1.2928316528947243,1.777099067959429,1.4135165231831037,1.4768691850828117,1.886274451010445,2.71729295474291,1.3438654723412318,1.4961502762930414,2.4161698231587403,1.7283271309969623,1.1476907767655096,1.1828860844587963
1.0,1.0,1.0,1.0,1.0,1.0,1.0,1.0,1.0,1.0,1.0,1.0,1.0,1.0,1.0,1.0,1.0,1.0,1.0,1.0,1.0,1.0,1.0,1.0,1.0,1.0,1.0,1.0,1.0,1.0,1.0,1.0,1.0,1.0,1.0,1.0,1.0,1.0,1.0,1.0,1.0,1.0,1.0,1.0,1.0,1.0,1.0,1.0,1.0,1.0,1.0,1.0,1.0,1.0,1.0,1.0,1.0,1.0,1.0,1.0,1.0,1.0,1.0,1.0,1.0,1.0,1.0,1.0,1.0,1.0,1.0,1.0,1.0,1.0,1.0,1.0,1.0,1.0,1.0,1.0,1.0,1.0,1.0,1.0,1.0,1.0,1.0,1.0,1.0,1.0,1.0,1.0,1.0,1.0,1.0,1.0,1.0,1.0,1.0,1.0,1.0,1.0,1.0,1.0,1.0,1.0,1.0,1.0,1.0,1.0,1.0,1.0,1.0,1.0,1.0,1.0,1.0,1.0,1.0,1.0,1.0,1.0,1.0,1.0,1.0,1.0,1.0,1.0,1.0,1.0,1.0,1.0,1.0,1.0,1.0,1.0,1.0,1.0,1.0,1.0,1.0,1.0,1.0,1.0,1.0,1.0,1.0,1.0,1.0,1.0,1.0,1.0,1.0,1.0,1.0,1.0,1.0,1.0,1.0,1.0,1.0,1.0,1.0,1.0,1.0,1.0,1.0,1.0,1.0,1.0,1.0,1.0,1.0,1.0,1.0,1.0,1.0,1.0,1.0,1.0,1.0,1.0,1.0,1.0,1.0,1.0,1.0,1.0,1.0,1.0,1.0,1.0,1.0,1.0,1.0,1.0,1.0,1.0,1.0,1.0,1.0,1.0,1.0,1.0,1.0,1.0,1.0,1.0,1.0,1.0,1.0,1.0,1.0,1.0,1.0,1.0,1.0,1.0,1.0,1.0,1.0,1.0,1.0,1.0,1.0,1.0,1.0,1.0,1.0,1.0,1.0,1.0,1.0,1.0,1.0,1.0,1.0,1.0,1.0,1.0,1.0,1.0,1.0,1.0,1.0,1.0,1.0,1.0,1.0,1.0,1.0,1.0,1.0,1.0,1.0,1.0,1.0,1.0,1.0,1.0,1.0,1.0,1.0,1.0,1.0,1.0,1.0,1.0,1.0,1.0,1.0,1.0,1.0,1.0,1.0,1.0,1.0,1.0,1.0,1.0,1.0,1.0,1.0,1.0,1.0,1.0,1.0,1.0,1.0,1.0,1.0,1.0,1.0,1.0,1.0,1.0,1.0,1.0,1.0,1.0,1.0,1.0,1.0,1.0,1.0,1.0,1.0,1.0,1.0,1.0,1.0,1.0,1.0,1.0,1.0,1.0,1.0,1.0,1.0,1.0,1.0,1.0,1.0,1.0,1.0,1.0,1.0,1.0,1.0,1.0,1.0,1.1373788367561972,1.4247108799355168,1.52212192268491,1.148678196319565,1.0141214636251423,1.2943374967545256,1.1478008969684592,1.3241757979080815,1.1065075561744586,1.2368776712020322,0.8738356451070453,1.2362898213871847,1.4955459615932842,1.4991004788686542,1.2028525281222149,1.366709523388905,1.335526568431475,1.263440431166001,1.24640859952623,1.331975218805882,1.1337490007234978,1.0659325553365682,1.096247037985074,1.3679762528385702,1.4402921383559315,1.1690645879959922,1.5457066541145241,1.4445250326945518,1.373871596202634,1.1276207495356807,0.9785947578526919,1.5824236448234283,1.4072945078398553,1.2461070554300024,1.294953863597903,1.272804773229128,0.8999083332787627,1.3989817841005392,1.452953661095873,1.270333913162909,1.186005418820126,1.0418168973477333,1.2761605819252937,1.280032515731874,1.267605837478293,1.050176345745169,1.3412280719783127,1.2041625146481802,1.3335616831606467,1.4069307307900316,1.2513739542860063,1.1898072819113061,1.3340716798310783,1.3648632932243272,1.7128331970343593,1.271759546332561,3.350790887376342,0.8352508699558396,1.1243354325568637,2.644070742104659,1.4460198348146749,2.577882936128935,1.365802306925575,1.2150920736283835,1.5541916250490764,1.1182397121783274,1.3840038445351057,1.7014921209087832,2.131988627564616,1.4701372778339996,1.571731333762642,1.405729769947861,1.8653746018252988,1.2238617111233638,1.037530892272061,1.4529777577698446,0.8512460676599284,1.418115801497997,1.0575548588837924,1.1389479872958825,2.0317175803758882,1.3223765385191655,2.998756512061556,1.1206599046585595,1.6313864699978078,1.0153334930997628,1.159917926888316,1.1007208313149877,1.433449036645984,1.7292097306544671,1.206867605805275,1.2410939141715656,1.2488121710701856,1.127388579479196,1.3901532446695513,2.979703531412976,1.7838370657622873,2.198771354089172,2.275769046684783,0.84128362910036,2.0865912484714886,1.796636015920607,1.6002495034271647,1.3711727308027128,1.6167968896297737,1.614846091082451,1.6432422824310866,1.440499895370431,2.339091163617259,1.4537553664743754,1.9881672531023786,1.5790407709879577,1.6537442187821352,2.113133414375861,3.0921392647344965,1.515606573838547,1.6740197742962661,2.7003045087378377,1.9335865883163788,1.2909333566049024,1.323979615076245
1.0,1.0,1.0,1.0,1.0,1.0,1.0,1.0,1.0,1.0,1.0,1.0,1.0,1.0,1.0,1.0,1.0,1.0,1.0,1.0,1.0,1.0,1.0,1.0,1.0,1.0,1.0,1.0,1.0,1.0,1.0,1.0,1.0,1.0,1.0,1.0,1.0,1.0,1.0,1.0,1.0,1.0,1.0,1.0,1.0,1.0,1.0,1.0,1.0,1.0,1.0,1.0,1.0,1.0,1.0,1.0,1.0,1.0,1.0,1.0,1.0,1.0,1.0,1.0,1.0,1.0,1.0,1.0,1.0,1.0,1.0,1.0,1.0,1.0,1.0,1.0,1.0,1.0,1.0,1.0,1.0,1.0,1.0,1.0,1.0,1.0,1.0,1.0,1.0,1.0,1.0,1.0,1.0,1.0,1.0,1.0,1.0,1.0,1.0,1.0,1.0,1.0,1.0,1.0,1.0,1.0,1.0,1.0,1.0,1.0,1.0,1.0,1.0,1.0,1.0,1.0,1.0,1.0,1.0,1.0,1.0,1.0,1.0,1.0,1.0,1.0,1.0,1.0,1.0,1.0,1.0,1.0,1.0,1.0,1.0,1.0,1.0,1.0,1.0,1.0,1.0,1.0,1.0,1.0,1.0,1.0,1.0,1.0,1.0,1.0,1.0,1.0,1.0,1.0,1.0,1.0,1.0,1.0,1.0,1.0,1.0,1.0,1.0,1.0,1.0,1.0,1.0,1.0,1.0,1.0,1.0,1.0,1.0,1.0,1.0,1.0,1.0,1.0,1.0,1.0,1.0,1.0,1.0,1.0,1.0,1.0,1.0,1.0,1.0,1.0,1.0,1.0,1.0,1.0,1.0,1.0,1.0,1.0,1.0,1.0,1.0,1.0,1.0,1.0,1.0,1.0,1.0,1.0,1.0,1.0,1.0,1.0,1.0,1.0,1.0,1.0,1.0,1.0,1.0,1.0,1.0,1.0,1.0,1.0,1.0,1.0,1.0,1.0,1.0,1.0,1.0,1.0,1.0,1.0,1.0,1.0,1.0,1.0,1.0,1.0,1.0,1.0,1.0,1.0,1.0,1.0,1.0,1.0,1.0,1.0,1.0,1.0,1.0,1.0,1.0,1.0,1.0,1.0,1.0,1.0,1.0,1.0,1.0,1.0,1.0,1.0,1.0,1.0,1.0,1.0,1.0,1.0,1.0,1.0,1.0,1.0,1.0,1.0,1.0,1.0,1.0,1.0,1.0,1.0,1.0,1.0,1.0,1.0,1.0,1.0,1.0,1.0,1.0,1.0,1.0,1.0,1.0,1.0,1.0,1.0,1.0,1.0,1.0,1.0,1.0,1.0,1.0,1.0,1.0,1.0,1.0,1.0,1.0,1.0,1.0,1.0,1.0,1.0,1.0,1.0,1.0,1.0,1.0,1.0,1.0,1.0,1.0,1.0,1.0,1.0,1.0,1.0,1.2566303652603166,1.3392706019003515,1.009628619734177,0.8904063338230765,1.1415619738639806,1.005260749434918,1.1637490318650663,0.9749394104172322,1.084142299269363,0.767580931420176,1.095813318961847,1.3126365158703193,1.322165687802138,1.0554886687090324,1.2018896641130037,1.1725531191595095,1.1108832781413533,1.097185959244178,1.173717281957719,0.9973418233260769,0.9387288795178538,0.9699498807027593,1.2100684886077422,1.2586934780667476,1.026598641112034,1.3585159669901246,1.2762151716591437,1.2084673891585236,0.9880660913038022,0.857932446270047,1.3915099640918966,1.2300403508316462,1.0943452146105623,1.1323007339035875,1.1159326185390497,0.7903654601138697,1.2303085702533578,1.2570475097364058,1.1110815027317622,1.0371492456973588,0.9143561563747297,1.1194665169507259,1.1216193091751596,1.1140788988503554,0.9232069546325608,1.1762808947342926,1.0524271793138602,1.1659961350770343,1.2263615451100707,1.0921665688650588,1.037735150570085,1.1699090570541428,1.195129953443097,1.5109325389281396,1.1152167646316695,2.9581051139157326,0.7329079854413072,0.9825913267128079,2.318859425877653,1.2745126368972723,2.2760819258131786,1.2000660598460695,1.0648993242395317,1.364328091669308,0.9833935138796268,1.216038989252919,1.4877869314003247,1.8454132665606913,1.2885683663401415,1.3849917377342587,1.2329364495899255,1.618405186352052,1.075798649162453,0.9092173238353662,1.2745443205635443,0.7435438888914673,1.2337894702553283,0.9220585448990153,0.99701056926356,1.7753880326943956,1.1589462566806936,2.618281869235898,0.9867286411820763,1.4347392422041003,0.892998180200395,1.0175154710272838,0.9687710232750758,1.2608051869580932,1.5195340854771713,1.0600662206287423,1.0907691907865167,1.0984242217195628,0.9841539966469149,1.2236519844417124,2.614632358612625,1.5684720178013891,1.9522937600950023,2.0104480760223478,0.7367547426847246,1.820566136514977,1.5777027932821648,1.4064118531129441,1.2105730499108138,1.422536942890182,1.4220123118270889,1.4462125287327834,1.2716824837436027,2.048050461627888,1.271205377800452,1.7462589762571623,1.3915970022173223,1.4529537014014677,1.8560308096207057,2.666896321394181,1.3212201803307662,1.4720212103297035,2.3785138151568006,1.7007844565620354,1.1285410425476323,1.1635974623102505
1.0,1.0,1.0,1.0,1.0,1.0,1.0,1.0,1.0,1.0,1.0,1.0,1.0,1.0,1.0,1.0,1.0,1.0,1.0,1.0,1.0,1.0,1.0,1.0,1.0,1.0,1.0,1.0,1.0,1.0,1.0,1.0,1.0,1.0,1.0,1.0,1.0,1.0,1.0,1.0,1.0,1.0,1.0,1.0,1.0,1.0,1.0,1.0,1.0,1.0,1.0,1.0,1.0,1.0,1.0,1.0,1.0,1.0,1.0,1.0,1.0,1.0,1.0,1.0,1.0,1.0,1.0,1.0,1.0,1.0,1.0,1.0,1.0,1.0,1.0,1.0,1.0,1.0,1.0,1.0,1.0,1.0,1.0,1.0,1.0,1.0,1.0,1.0,1.0,1.0,1.0,1.0,1.0,1.0,1.0,1.0,1.0,1.0,1.0,1.0,1.0,1.0,1.0,1.0,1.0,1.0,1.0,1.0,1.0,1.0,1.0,1.0,1.0,1.0,1.0,1.0,1.0,1.0,1.0,1.0,1.0,1.0,1.0,1.0,1.0,1.0,1.0,1.0,1.0,1.0,1.0,1.0,1.0,1.0,1.0,1.0,1.0,1.0,1.0,1.0,1.0,1.0,1.0,1.0,1.0,1.0,1.0,1.0,1.0,1.0,1.0,1.0,1.0,1.0,1.0,1.0,1.0,1.0,1.0,1.0,1.0,1.0,1.0,1.0,1.0,1.0,1.0,1.0,1.0,1.0,1.0,1.0,1.0,1.0,1.0,1.0,1.0,1.0,1.0,1.0,1.0,1.0,1.0,1.0,1.0,1.0,1.0,1.0,1.0,1.0,1.0,1.0,1.0,1.0,1.0,1.0,1.0,1.0,1.0,1.0,1.0,1.0,1.0,1.0,1.0,1.0,1.0,1.0,1.0,1.0,1.0,1.0,1.0,1.0,1.0,1.0,1.0,1.0,1.0,1.0,1.0,1.0,1.0,1.0,1.0,1.0,1.0,1.0,1.0,1.0,1.0,1.0,1.0,1.0,1.0,1.0,1.0,1.0,1.0,1.0,1.0,1.0,1.0,1.0,1.0,1.0,1.0,1.0,1.0,1.0,1.0,1.0,1.0,1.0,1.0,1.0,1.0,1.0,1.0,1.0,1.0,1.0,1.0,1.0,1.0,1.0,1.0,1.0,1.0,1.0,1.0,1.0,1.0,1.0,1.0,1.0,1.0,1.0,1.0,1.0,1.0,1.0,1.0,1.0,1.0,1.0,1.0,1.0,1.0,1.0,1.0,1.0,1.0,1.0,1.0,1.0,1.0,1.0,1.0,1.0,1.0,1.0,1.0,1.0,1.0,1.0,1.0,1.0,1.0,1.0,1.0,1.0,1.0,1.0,1.0,1.0,1.0,1.0,1.0,1.0,1.0,1.0,1.0,1.0,1.0,1.0,1.0,1.0,1.0,1.0,1.0,1.0,1.0,1.062065431093063,0.7990509214922755,0.7039380699445875,0.9076979488792387,0.7921315637434434,0.9211657904953593,0.7741684397635411,0.8557056727494372,0.6062792239932944,0.8768494922107009,1.0362147764852843,1.0500793032012683,0.8345176897937958,0.9516283557269503,0.9270279749261412,0.8789808062772468,0.8705157797380301,0.9315380481427551,0.7904627969024098,0.744531885322286,0.7730459323727688,0.9647652058985754,0.9872852772605525,0.811965871658463,1.07621336659991,1.018506628672902,0.9580339806754625,0.7788790918358914,0.6773877140997303,1.1018996952604698,0.9671865189203397,0.8654879217717446,0.8904428252780001,0.8803578730664806,0.6246794872908648,0.9742365533628464,0.9752033768397388,0.8739941408355416,0.8160668988081081,0.7212202819869744,0.8837078317837623,0.8840632414701187,0.8813467598169564,0.7310728953134056,0.9290918811870028,0.8273902812777045,0.9166641225169334,0.9599397308548803,0.8566315174211149,0.8126980903615184,0.9233074125392702,0.9417073234863831,1.2003905951904725,0.8796618827527654,2.353504584099702,0.5789271902622746,0.7723832072476648,1.8346400078884353,1.01234754149485,1.8130941548004413,0.9501593184405543,0.8398611576593981,1.0787759625603317,0.7789741541356163,0.9626156683333043,1.1710690198644085,1.4395874975582212,1.0178741418543713,1.0987188677662791,0.9734027151609723,1.2621847019140882,0.8522035318766947,0.7174180951598726,1.004477543181628,0.5836510570427212,0.9655705032550674,0.7225904244510962,0.7853424811633869,1.395362573283216,0.9136604385142366,2.0565303854519676,0.7828806076398941,1.1361231990623395,0.7069995150154033,0.8015659401140056,0.7680810682264374,0.999278301359596,1.2032172472430562,0.8387351734311357,0.8637151692268921,0.8704518402434568,0.7729649945347578,0.9705709530578082,2.0677248413549547,1.243184841090692,1.56713238528869,1.5990196014749891,0.5806712855974274,1.4295413298399844,1.2483566639313721,1.1136732028121474,0.9634720117586236,1.1279072152923435,1.1280164416072027,1.146452317978294,1.011684457109425,1.6136887190292843,0.9993093955175351,1.3802574449527558,1.1068130533424605,1.1503436987020674,1.4678556317574771,2.0658379889972993,1.0353385836106368,1.1661993369736823,1.888064703645652,1.3482195844058866,0.887570391772359,0.9205498071954672
1.0,1.0,1.0,1.0,1.0,1.0,1.0,1.0,1.0,1.0,1.0,1.0,1.0,1.0,1.0,1.0,1.0,1.0,1.0,1.0,1.0,1.0,1.0,1.0,1.0,1.0,1.0,1.0,1.0,1.0,1.0,1.0,1.0,1.0,1.0,1.0,1.0,1.0,1.0,1.0,1.0,1.0,1.0,1.0,1.0,1.0,1.0,1.0,1.0,1.0,1.0,1.0,1.0,1.0,1.0,1.0,1.0,1.0,1.0,1.0,1.0,1.0,1.0,1.0,1.0,1.0,1.0,1.0,1.0,1.0,1.0,1.0,1.0,1.0,1.0,1.0,1.0,1.0,1.0,1.0,1.0,1.0,1.0,1.0,1.0,1.0,1.0,1.0,1.0,1.0,1.0,1.0,1.0,1.0,1.0,1.0,1.0,1.0,1.0,1.0,1.0,1.0,1.0,1.0,1.0,1.0,1.0,1.0,1.0,1.0,1.0,1.0,1.0,1.0,1.0,1.0,1.0,1.0,1.0,1.0,1.0,1.0,1.0,1.0,1.0,1.0,1.0,1.0,1.0,1.0,1.0,1.0,1.0,1.0,1.0,1.0,1.0,1.0,1.0,1.0,1.0,1.0,1.0,1.0,1.0,1.0,1.0,1.0,1.0,1.0,1.0,1.0,1.0,1.0,1.0,1.0,1.0,1.0,1.0,1.0,1.0,1.0,1.0,1.0,1.0,1.0,1.0,1.0,1.0,1.0,1.0,1.0,1.0,1.0,1.0,1.0,1.0,1.0,1.0,1.0,1.0,1.0,1.0,1.0,1.0,1.0,1.0,1.0,1.0,1.0,1.0,1.0,1.0,1.0,1.0,1.0,1.0,1.0,1.0,1.0,1.0,1.0,1.0,1.0,1.0,1.0,1.0,1.0,1.0,1.0,1.0,1.0,1.0,1.0,1.0,1.0,1.0,1.0,1.0,1.0,1.0,1.0,1.0,1.0,1.0,1.0,1.0,1.0,1.0,1.0,1.0,1.0,1.0,1.0,1.0,1.0,1.0,1.0,1.0,1.0,1.0,1.0,1.0,1.0,1.0,1.0,1.0,1.0,1.0,1.0,1.0,1.0,1.0,1.0,1.0,1.0,1.0,1.0,1.0,1.0,1.0,1.0,1.0,1.0,1.0,1.0,1.0,1.0,1.0,1.0,1.0,1.0,1.0,1.0,1.0,1.0,1.0,1.0,1.0,1.0,1.0,1.0,1.0,1.0,1.0,1.0,1.0,1.0,1.0,1.0,1.0,1.0,1.0,1.0,1.0,1.0,1.0,1.0,1.0,1.0,1.0,1.0,1.0,1.0,1.0,1.0,1.0,1.0,1.0,1.0,1.0,1.0,1.0,1.0,1.0,1.0,1.0,1.0,1.0,1.0,1.0,1.0,1.0,1.0,1.0,1.0,1.0,1.0,1.0,1.0,1.0,1.0,1.0,1.0,0.7525980226735434,0.663535713357875,0.8521110867553217,0.7485907193679582,0.8681737284882103,0.7272610899805827,0.8081500335156995,0.5719144252314146,0.8196909193309863,0.9771382413410019,0.9863859262508596,0.7859670647150772,0.8959497658655796,0.8743896503623655,0.8274670119368244,0.818418656105242,0.8751860300264682,0.7437093279375349,0.6995712319423252,0.7233361291771303,0.9034073769266444,0.9349641949746559,0.7651208585680118,1.0135148272359973,0.9541304764159271,0.9013208338953685,0.735322831170243,0.6393002687665545,1.037354484523099,0.9157775436810175,0.815860578609659,0.8427145981482934,0.8307346885241358,0.5887560874060671,0.9173311809045394,0.9347067511383409,0.8270966896288471,0.7713793939041214,0.6803262647854897,0.8340740492903813,0.8352394916986084,0.8302867825124784,0.6888393303228884,0.8754140372186597,0.7829731298709632,0.8680307720273563,0.9102109225499724,0.8112883580410581,0.7704425361399225,0.8710573499862083,0.8901371006041032,1.1274379619273138,0.8294618839432333,2.21156276537795,0.5459695440675113,0.7312646469484192,1.7310285464824267,0.9515514917155935,1.7004389969687475,0.8945965368435075,0.7925780424398008,1.0171801278437707,0.7330827606699861,0.9064282962090615,1.1092913707986798,1.372995351131343,0.9610242922734515,1.0313122814589692,0.9174895318231069,1.2031366007421815,0.8023645264489101,0.6778094749577774,0.9478714815643061,0.5530219820360343,0.9175098647859691,0.6855027902884379,0.7426961694244814,1.3224579609602918,0.8632115718667397,1.950702442637423,0.735738399925171,1.069625162501708,0.6654917320250204,0.756918523232001,0.7222538928242715,0.9404345697722175,1.1333999194652977,0.7906142787165806,0.8136234359935276,0.8188920725986297,0.732510726921588,0.913300873902668,1.9472952336065708,1.1693556186528244,1.4611130346450372,1.4992810916754862,0.5484600831080324,1.357365677819931,1.1775291295760073,1.0488919492554283,0.903816352311852,1.061308674844893,1.0597101696823699,1.0782375566464073,0.9485266493898414,1.5256156687379405,0.9456991290995065,1.3043730763321686,1.039349288969615,1.0835398214978609,1.382426022737719,1.974633906466802,0.9825920235462253,1.097542502940668,1.775143351359203,1.2693433362461053,0.8407591560784308,0.8669121040866012
1.0,1.0,1.0,1.0,1.0,1.0,1.0,1.0,1.0,1.0,1.0,1.0,1.0,1.0,1.0,1.0,1.0,1.0,1.0,1.0,1.0,1.0,1.0,1.0,1.0,1.0,1.0,1.0,1.0,1.0,1.0,1.0,1.0,1.0,1.0,1.0,1.0,1.0,1.0,1.0,1.0,1.0,1.0,1.0,1.0,1.0,1.0,1.0,1.0,1.0,1.0,1.0,1.0,1.0,1.0,1.0,1.0,1.0,1.0,1.0,1.0,1.0,1.0,1.0,1.0,1.0,1.0,1.0,1.0,1.0,1.0,1.0,1.0,1.0,1.0,1.0,1.0,1.0,1.0,1.0,1.0,1.0,1.0,1.0,1.0,1.0,1.0,1.0,1.0,1.0,1.0,1.0,1.0,1.0,1.0,1.0,1.0,1.0,1.0,1.0,1.0,1.0,1.0,1.0,1.0,1.0,1.0,1.0,1.0,1.0,1.0,1.0,1.0,1.0,1.0,1.0,1.0,1.0,1.0,1.0,1.0,1.0,1.0,1.0,1.0,1.0,1.0,1.0,1.0,1.0,1.0,1.0,1.0,1.0,1.0,1.0,1.0,1.0,1.0,1.0,1.0,1.0,1.0,1.0,1.0,1.0,1.0,1.0,1.0,1.0,1.0,1.0,1.0,1.0,1.0,1.0,1.0,1.0,1.0,1.0,1.0,1.0,1.0,1.0,1.0,1.0,1.0,1.0,1.0,1.0,1.0,1.0,1.0,1.0,1.0,1.0,1.0,1.0,1.0,1.0,1.0,1.0,1.0,1.0,1.0,1.0,1.0,1.0,1.0,1.0,1.0,1.0,1.0,1.0,1.0,1.0,1.0,1.0,1.0,1.0,1.0,1.0,1.0,1.0,1.0,1.0,1.0,1.0,1.0,1.0,1.0,1.0,1.0,1.0,1.0,1.0,1.0,1.0,1.0,1.0,1.0,1.0,1.0,1.0,1.0,1.0,1.0,1.0,1.0,1.0,1.0,1.0,1.0,1.0,1.0,1.0,1.0,1.0,1.0,1.0,1.0,1.0,1.0,1.0,1.0,1.0,1.0,1.0,1.0,1.0,1.0,1.0,1.0,1.0,1.0,1.0,1.0,1.0,1.0,1.0,1.0,1.0,1.0,1.0,1.0,1.0,1.0,1.0,1.0,1.0,1.0,1.0,1.0,1.0,1.0,1.0,1.0,1.0,1.0,1.0,1.0,1.0,1.0,1.0,1.0,1.0,1.0,1.0,1.0,1.0,1.0,1.0,1.0,1.0,1.0,1.0,1.0,1.0,1.0,1.0,1.0,1.0,1.0,1.0,1.0,1.0,1.0,1.0,1.0,1.0,1.0,1.0,1.0,1.0,1.0,1.0,1.0,1.0,1.0,1.0,1.0,1.0,1.0,1.0,1.0,1.0,1.0,1.0,1.0,1.0,1.0,1.0,1.0,1.0,1.0,0.88173792916862,1.1298713341024278,0.9957658657629969,1.1529487347345806,0.9653331171978639,1.073993498512714,0.7600855903411499,1.08445925072198,1.299559361974903,1.3089464745101445,1.0448560716505033,1.1901770902776099,1.1618893458584805,1.0997722315459533,1.0863768062445456,1.162080891601108,0.9875965563065207,0.9289948216361534,0.9596181720452616,1.1974885314498418,1.246061231906753,1.0167584233405593,1.345528777296275,1.2635518224823319,1.1967006599042442,0.9784383026155792,0.8497628174511738,1.3777193331525774,1.218475276736215,1.0838769601169065,1.1215458729193533,1.104825509376397,0.7825304520807174,1.2182332833913032,1.246841190908114,1.100702796103302,1.0269518577500323,0.90509596861941,1.1087132625895775,1.1108447839083084,1.1033076644600026,0.914280670207911,1.1641482974163841,1.0427251442411432,1.1552459496575749,1.2146369372593004,1.0818461839018505,1.0276805974667758,1.1583100032854252,1.1838316144130414,1.4958357031604348,1.1039322812654084,2.9282435902679937,0.7257404206545484,0.9731868551196406,2.29833261184542,1.2621982100853835,2.2537988564307043,1.1885035970643538,1.0545733772469856,1.3512342976385976,0.9736802679085779,1.2042835670563734,1.4744971479254025,1.8306970602659738,1.2766431032965775,1.3701954558889957,1.2203523387550088,1.604922884883013,1.0654553936356654,0.9008938254940744,1.2615516199615482,0.7365752903581336,1.2226076391005138,0.913519958033442,0.9878300707597321,1.7592788719018084,1.1476924361120209,2.5947192153409433,0.9769818068580807,1.4204235884413632,0.8841860914443769,1.0073037529486135,0.9590621721216059,1.2486106330460915,1.5049898626932445,1.0502850364538507,1.0803483521659905,1.0878402975469506,0.9752491770734575,1.21199191841907,2.5876929703922444,1.5529449564494366,1.932868491590686,1.9880270811239908,0.7297700444849958,1.80508635602571,1.5628523215315477,1.3930269358276388,1.198407338632301,1.4085848410915096,1.4075659855872065,1.4319838033239323,1.258615364375022,2.0289564153701796,1.2589709224746422,1.7309160982502294,1.3779338145093676,1.439016147509852,1.8377135489273373,2.6420808750000777,1.3094603005624976,1.4575780768105724,2.356702772950727,1.6849019006552877,1.1184459116699672,1.1520983838098924
1.0,1.0,1.0,1.0,1.0,1.0,1.0,1.0,1.0,1.0,1.0,1.0,1.0,1.0,1.0,1.0,1.0,1.0,1.0,1.0,1.0,1.0,1.0,1.0,1.0,1.0,1.0,1.0,1.0,1.0,1.0,1.0,1.0,1.0,1.0,1.0,1.0,1.0,1.0,1.0,1.0,1.0,1.0,1.0,1.0,1.0,1.0,1.0,1.0,1.0,1.0,1.0,1.0,1.0,1.0,1.0,1.0,1.0,1.0,1.0,1.0,1.0,1.0,1.0,1.0,1.0,1.0,1.0,1.0,1.0,1.0,1.0,1.0,1.0,1.0,1.0,1.0,1.0,1.0,1.0,1.0,1.0,1.0,1.0,1.0,1.0,1.0,1.0,1.0,1.0,1.0,1.0,1.0,1.0,1.0,1.0,1.0,1.0,1.0,1.0,1.0,1.0,1.0,1.0,1.0,1.0,1.0,1.0,1.0,1.0,1.0,1.0,1.0,1.0,1.0,1.0,1.0,1.0,1.0,1.0,1.0,1.0,1.0,1.0,1.0,1.0,1.0,1.0,1.0,1.0,1.0,1.0,1.0,1.0,1.0,1.0,1.0,1.0,1.0,1.0,1.0,1.0,1.0,1.0,1.0,1.0,1.0,1.0,1.0,1.0,1.0,1.0,1.0,1.0,1.0,1.0,1.0,1.0,1.0,1.0,1.0,1.0,1.0,1.0,1.0,1.0,1.0,1.0,1.0,1.0,1.0,1.0,1.0,1.0,1.0,1.0,1.0,1.0,1.0,1.0,1.0,1.0,1.0,1.0,1.0,1.0,1.0,1.0,1.0,1.0,1.0,1.0,1.0,1.0,1.0,1.0,1.0,1.0,1.0,1.0,1.0,1.0,1.0,1.0,1.0,1.0,1.0,1.0,1.0,1.0,1.0,1.0,1.0,1.0,1.0,1.0,1.0,1.0,1.0,1.0,1.0,1.0,1.0,1.0,1.0,1.0,1.0,1.0,1.0,1.0,1.0,1.0,1.0,1.0,1.0,1.0,1.0,1.0,1.0,1.0,1.0,1.0,1.0,1.0,1.0,1.0,1.0,1.0,1.0,1.0,1.0,1.0,1.0,1.0,1.0,1.0,1.0,1.0,1.0,1.0,1.0,1.0,1.0,1.0,1.0,1.0,1.0,1.0,1.0,1.0,1.0,1.0,1.0,1.0,1.0,1.0,1.0,1.0,1.0,1.0,1.0,1.0,1.0,1.0,1.0,1.0,1.0,1.0,1.0,1.0,1.0,1.0,1.0,1.0,1.0,1.0,1.0,1.0,1.0,1.0,1.0,1.0,1.0,1.0,1.0,1.0,1.0,1.0,1.0,1.0,1.0,1.0,1.0,1.0,1.0,1.0,1.0,1.0,1.0,1.0,1.0,1.0,1.0,1.0,1.0,1.0,1.0,1.0,1.0,1.0,1.0,1.0,1.0,1.0,1.0,1.0,1.2798850125610957,1.1298849748848978,1.3064186267791094,1.0932211611032545,1.2183729772885643,0.8619368012793882,1.2265295351246501,1.4739640281473623,1.4821633837341661,1.1852710402988125,1.3488701759652793,1.316616471274862,1.2465866937328456,1.230910543027138,1.315951842309079,1.1191973322517779,1.0527540559256554,1.0854556947958343,1.3551645432766426,1.415729837865965,1.152601635085266,1.5253934913215859,1.4299111225864403,1.3560994741808634,1.1102240470000202,0.9638404511636114,1.5620501681879069,1.3837491229372134,1.2287373371636279,1.273559225719377,1.2537935949491446,0.8874773175568773,1.3807508865620584,1.420930445406751,1.249493360431566,1.1663422160777515,1.0267478249563156,1.2575767812695906,1.2605434546217331,1.2505592797528085,1.0365381844113426,1.3212092971759328,1.183579199651037,1.3115675112309904,1.3806985747634888,1.2287841146027205,1.1680023052646937,1.3141688506220812,1.3434860392814478,1.6940069350508025,1.2524406441762206,3.318504987944766,0.8232027664248922,1.1056103429158437,2.6052214696519975,1.4294885520574072,2.5507544006352685,1.3469683939323973,1.1962526653276462,1.5326338972979345,1.1036768083829196,1.3650455436350466,1.674162899121804,2.083887713571615,1.4481349342038863,1.552726789265989,1.3849493868252654,1.82629198083379,1.2075514163618117,1.0219673379400414,1.431535655991941,0.8366429189260467,1.3906385506083516,1.0381462066513731,1.1209356613649128,1.9982300063187712,1.302610584528141,2.9477615986695014,1.1066958177157016,1.6104590055363828,1.0020864115875985,1.142915478875142,1.0868503037846962,1.414923602992743,1.7059741991094963,1.1900284184616714,1.2245057815266303,1.2324061148554235,1.1075970287348849,1.3727814705747896,2.9358951134873488,1.7600857895665218,2.1822667670394784,2.253295867378813,0.8281387893931978,2.0508429817206086,1.7724552290704625,1.5787307148515213,1.356870990988569,1.5964214984529712,1.5950555033762939,1.6224067359240184,1.4250426150910371,2.3028052028484103,1.4296295754203876,1.9620837348971132,1.560723958385613,1.6312588790218574,2.0834611151956213,3.0153507901366243,1.4876418323044693,1.6520214516515175,2.666086438352657,1.908504046970747,1.269610235991481,1.3060826678189434
1.0,1.0,1.0,1.0,1.0,1.0,1.0,1.0,1.0,1.0,1.0,1.0,1.0,1.0,1.0,1.0,1.0,1.0,1.0,1.0,1.0,1.0,1.0,1.0,1.0,1.0,1.0,1.0,1.0,1.0,1.0,1.0,1.0,1.0,1.0,1.0,1.0,1.0,1.0,1.0,1.0,1.0,1.0,1.0,1.0,1.0,1.0,1.0,1.0,1.0,1.0,1.0,1.0,1.0,1.0,1.0,1.0,1.0,1.0,1.0,1.0,1.0,1.0,1.0,1.0,1.0,1.0,1.0,1.0,1.0,1.0,1.0,1.0,1.0,1.0,1.0,1.0,1.0,1.0,1.0,1.0,1.0,1.0,1.0,1.0,1.0,1.0,1.0,1.0,1.0,1.0,1.0,1.0,1.0,1.0,1.0,1.0,1.0,1.0,1.0,1.0,1.0,1.0,1.0,1.0,1.0,1.0,1.0,1.0,1.0,1.0,1.0,1.0,1.0,1.0,1.0,1.0,1.0,1.0,1.0,1.0,1.0,1.0,1.0,1.0,1.0,1.0,1.0,1.0,1.0,1.0,1.0,1.0,1.0,1.0,1.0,1.0,1.0,1.0,1.0,1.0,1.0,1.0,1.0,1.0,1.0,1.0,1.0,1.0,1.0,1.0,1.0,1.0,1.0,1.0,1.0,1.0,1.0,1.0,1.0,1.0,1.0,1.0,1.0,1.0,1.0,1.0,1.0,1.0,1.0,1.0,1.0,1.0,1.0,1.0,1.0,1.0,1.0,1.0,1.0,1.0,1.0,1.0,1.0,1.0,1.0,1.0,1.0,1.0,1.0,1.0,1.0,1.0,1.0,1.0,1.0,1.0,1.0,1.0,1.0,1.0,1.0,1.0,1.0,1.0,1.0,1.0,1.0,1.0,1.0,1.0,1.0,1.0,1.0,1.0,1.0,1.0,1.0,1.0,1.0,1.0,1.0,1.0,1.0,1.0,1.0,1.0,1.0,1.0,1.0,1.0,1.0,1.0,1.0,1.0,1.0,1.0,1.0,1.0,1.0,1.0,1.0,1.0,1.0,1.0,1.0,1.0,1.0,1.0,1.0,1.0,1.0,1.0,1.0,1.0,1.0,1.0,1.0,1.0,1.0,1.0,1.0,1.0,1.0,1.0,1.0,1.0,1.0,1.0,1.0,1.0,1.0,1.0,1.0,1.0,1.0,1.0,1.0,1.0,1.0,1.0,1.0,1.0,1.0,1.0,1.0,1.0,1.0,1.0,1.0,1.0,1.0,1.0,1.0,1.0,1.0,1.0,1.0,1.0,1.0,1.0,1.0,1.0,1.0,1.0,1.0,1.0,1.0,1.0,1.0,1.0,1.0,1.0,1.0,1.0,1.0,1.0,1.0,1.0,1.0,1.0,1.0,1.0,1.0,1.0,1.0,1.0,1.0,1.0,1.0,1.0,1.0,1.0,1.0,1.0,1.0,1.0,0.8723350867250945,1.0136929361578715,0.8520973676655454,0.94225698608193,0.667829515475282,0.9650952620240614,1.1417035529214572,1.1561431694314397,0.9192201970424373,1.047793927555786,1.01985282204663,0.9681307917677742,0.9583163265372545,1.0255573770640833,0.8702519189523993,0.820190977121414,0.8512943424775392,1.062019117841079,1.088876759755185,0.8938789960261502,1.1847369433094812,1.1205606238148842,1.0545818397639906,0.8578582823396654,0.7458334886812313,1.2137009721857024,1.0654403184605177,0.9529162207794248,0.9810003712980955,0.9701459950803338,0.6880592254101376,1.072749082326831,1.0751066429835288,0.9626232045451637,0.8992333084244712,0.7948101369492283,0.9732053764854269,0.9738233875022372,0.9703744791870936,0.804993853741251,1.0238301890149981,0.9109436527884499,1.0097213573845276,1.057852596399328,0.943548834894633,0.8957750906550365,1.0171824218439949,1.037359802187424,1.3214119734112708,0.969069334742123,2.5934030281182245,0.6376552208028197,0.8511228309518184,2.018040983135577,1.1143518900732772,1.9948377174853138,1.0458992490947487,0.9249913543683246,1.1878099073417645,0.857781494729286,1.0598406736240897,1.2894714100014217,1.5841727037300217,1.120529596164914,1.2106904884713043,1.0726029204426573,1.3900112914099891,0.9380885253496416,0.7897127155872061,1.1072371745654757,0.6430138795333171,1.0637870098592241,0.7961001337755157,0.8646816668178986,1.5372257528616815,1.006757973216488,2.265338584268015,0.861720406166069,1.251532125706107,0.7785886547434261,0.8834766160572673,0.84583617431895,1.0999957692608677,1.324565367233672,0.9228453976023714,0.9506199864358991,0.9577499201043388,0.8511411121392716,1.0681175241195056,2.278566589859543,1.3687662479651435,1.7225169791403503,1.7645381898399493,0.6393946134890958,1.5738976554922344,1.3745285826403495,1.2257718304706162,1.0606114300465161,1.2419618284722553,1.2422170484161326,1.2623117383045352,1.1136752000526773,1.7772028667744921,1.1013775431579091,1.5195073892108306,1.218036411666418,1.2663273560267043,1.6162717937898115,2.279045509189183,1.1398893211570256,1.2840216585720343,2.075711939976483,1.4834462186665809,0.9771656676737699,1.013768434021158
1.0,1.0,1.0,1.0,1.0,1.0,1.0,1.0,1.0,1.0,1.0,1.0,1.0,1.0,1.0,1.0,1.0,1.0,1.0,1.0,1.0,1.0,1.0,1.0,1.0,1.0,1.0,1.0,1.0,1.0,1.0,1.0,1.0,1.0,1.0,1.0,1.0,1.0,1.0,1.0,1.0,1.0,1.0,1.0,1.0,1.0,1.0,1.0,1.0,1.0,1.0,1.0,1.0,1.0,1.0,1.0,1.0,1.0,1.0,1.0,1.0,1.0,1.0,1.0,1.0,1.0,1.0,1.0,1.0,1.0,1.0,1.0,1.0,1.0,1.0,1.0,1.0,1.0,1.0,1.0,1.0,1.0,1.0,1.0,1.0,1.0,1.0,1.0,1.0,1.0,1.0,1.0,1.0,1.0,1.0,1.0,1.0,1.0,1.0,1.0,1.0,1.0,1.0,1.0,1.0,1.0,1.0,1.0,1.0,1.0,1.0,1.0,1.0,1.0,1.0,1.0,1.0,1.0,1.0,1.0,1.0,1.0,1.0,1.0,1.0,1.0,1.0,1.0,1.0,1.0,1.0,1.0,1.0,1.0,1.0,1.0,1.0,1.0,1.0,1.0,1.0,1.0,1.0,1.0,1.0,1.0,1.0,1.0,1.0,1.0,1.0,1.0,1.0,1.0,1.0,1.0,1.0,1.0,1.0,1.0,1.0,1.0,1.0,1.0,1.0,1.0,1.0,1.0,1.0,1.0,1.0,1.0,1.0,1.0,1.0,1.0,1.0,1.0,1.0,1.0,1.0,1.0,1.0,1.0,1.0,1.0,1.0,1.0,1.0,1.0,1.0,1.0,1.0,1.0,1.0,1.0,1.0,1.0,1.0,1.0,1.0,1.0,1.0,1.0,1.0,1.0,1.0,1.0,1.0,1.0,1.0,1.0,1.0,1.0,1.0,1.0,1.0,1.0,1.0,1.0,1.0,1.0,1.0,1.0,1.0,1.0,1.0,1.0,1.0,1.0,1.0,1.0,1.0,1.0,1.0,1.0,1.0,1.0,1.0,1.0,1.0,1.0,1.0,1.0,1.0,1.0,1.0,1.0,1.0,1.0,1.0,1.0,1.0,1.0,1.0,1.0,1.0,1.0,1.0,1.0,1.0,1.0,1.0,1.0,1.0,1.0,1.0,1.0,1.0,1.0,1.0,1.0,1.0,1.0,1.0,1.0,1.0,1.0,1.0,1.0,1.0,1.0,1.0,1.0,1.0,1.0,1.0,1.0,1.0,1.0,1.0,1.0,1.0,1.0,1.0,1.0,1.0,1.0,1.0,1.0,1.0,1.0,1.0,1.0,1.0,1.0,1.0,1.0,1.0,1.0,1.0,1.0,1.0,1.0,1.0,1.0,1.0,1.0,1.0,1.0,1.0,1.0,1.0,1.0,1.0,1.0,1.0,1.0,1.0,1.0,1.0,1.0,1.0,1.0,1.0,1.0,1.0,1.0,1.1529866080546682,0.9619727215931386,1.0772038013355287,0.7610847391910791,1.0733435710737407,1.3016605939901436,1.3037225333077997,1.0458335448396923,1.189293891077664,1.1631710532582062,1.099155964684734,1.0839250269804568,1.158131693900891,0.9861688804625031,0.9265351086733254,0.9516909103706381,1.1884808434451848,1.254984852397386,1.0173332573696778,1.3450570816222918,1.254337509668566,1.1950041562428713,0.9817143726741222,0.8519108185280839,1.376872845969341,1.2263993844141916,1.0846454618585142,1.1284121142712178,1.1078238059069672,0.7832318079329754,1.2173298722873724,1.2721186554643635,1.107097553515052,1.0325567068786223,0.9068827109537843,1.1113279436456192,1.1150191681253283,1.1033148542032583,0.9141946461700852,1.1660961717138636,1.049264017151589,1.1625182378707495,1.22655018834027,1.0904894507603125,1.0370219357626644,1.1609847963042725,1.1889746341705991,1.48979085238759,1.1065627256745678,2.916391668231787,0.7270586715754261,0.9798359901439431,2.302443339126623,1.2578448562947473,2.2406574539420987,1.1880858451456149,1.0575908997674626,1.3530657768892274,0.9727300445132498,1.203844109678962,1.4841061595034917,1.8602761856315335,1.2802883595272736,1.365666058272732,1.2225652515180896,1.6291216927302887,1.0648239696969035,0.9039881484151036,1.2647898793670957,0.7421899730939289,1.2369321600118557,0.9220964102410603,0.9924043253784371,1.7720470264820758,1.1519412402438036,2.6154294046600857,0.9742791231703072,1.4193993636448328,0.8833749731348217,1.0102397884955,0.9572012649532395,1.2469743903215145,1.504767334265327,1.0507126903542336,1.0799308663944065,1.0863240024043805,0.9827276443823926,1.2097049741528352,2.589407574025303,1.5511145885295297,1.9062136633943316,1.9768342600967728,0.7325586457692508,1.821733288058502,1.5643868979477795,1.3925605672510404,1.1920371438227733,1.4064054822467318,1.404124982574142,1.4292222146955447,1.2517874442186339,2.0380180731086535,1.2667020313098292,1.7341793774831125,1.3725428847383778,1.438919009262697,1.838049283901582,2.6982733151327123,1.3222637429568493,1.4561594571585532,2.3489655098088162,1.682577588106458,1.1256301828641035,1.151982497929668
1.0,1.0,1.0,1.0,1.0,1.0,1.0,1.0,1.0,1.0,1.0,1.0,1.0,1.0,1.0,1.0,1.0,1.0,1.0,1.0,1.0,1.0,1.0,1.0,1.0,1.0,1.0,1.0,1.0,1.0,1.0,1.0,1.0,1.0,1.0,1.0,1.0,1.0,1.0,1.0,1.0,1.0,1.0,1.0,1.0,1.0,1.0,1.0,1.0,1.0,1.0,1.0,1.0,1.0,1.0,1.0,1.0,1.0,1.0,1.0,1.0,1.0,1.0,1.0,1.0,1.0,1.0,1.0,1.0,1.0,1.0,1.0,1.0,1.0,1.0,1.0,1.0,1.0,1.0,1.0,1.0,1.0,1.0,1.0,1.0,1.0,1.0,1.0,1.0,1.0,1.0,1.0,1.0,1.0,1.0,1.0,1.0,1.0,1.0,1.0,1.0,1.0,1.0,1.0,1.0,1.0,1.0,1.0,1.0,1.0,1.0,1.0,1.0,1.0,1.0,1.0,1.0,1.0,1.0,1.0,1.0,1.0,1.0,1.0,1.0,1.0,1.0,1.0,1.0,1.0,1.0,1.0,1.0,1.0,1.0,1.0,1.0,1.0,1.0,1.0,1.0,1.0,1.0,1.0,1.0,1.0,1.0,1.0,1.0,1.0,1.0,1.0,1.0,1.0,1.0,1.0,1.0,1.0,1.0,1.0,1.0,1.0,1.0,1.0,1.0,1.0,1.0,1.0,1.0,1.0,1.0,1.0,1.0,1.0,1.0,1.0,1.0,1.0,1.0,1.0,1.0,1.0,1.0,1.0,1.0,1.0,1.0,1.0,1.0,1.0,1.0,1.0,1.0,1.0,1.0,1.0,1.0,1.0,1.0,1.0,1.0,1.0,1.0,1.0,1.0,1.0,1.0,1.0,1.0,1.0,1.0,1.0,1.0,1.0,1.0,1.0,1.0,1.0,1.0,1.0,1.0,1.0,1.0,1.0,1.0,1.0,1.0,1.0,1.0,1.0,1.0,1.0,1.0,1.0,1.0,1.0,1.0,1.0,1.0,1.0,1.0,1.0,1.0,1.0,1.0,1.0,1.0,1.0,1.0,1.0,1.0,1.0,1.0,1.0,1.0,1.0,1.0,1.0,1.0,1.0,1.0,1.0,1.0,1.0,1.0,1.0,1.0,1.0,1.0,1.0,1.0,1.0,1.0,1.0,1.0,1.0,1.0,1.0,1.0,1.0,1.0,1.0,1.0,1.0,1.0,1.0,1.0,1.0,1.0,1.0,1.0,1.0,1.0,1.0,1.0,1.0,1.0,1.0,1.0,1.0,1.0,1.0,1.0,1.0,1.0,1.0,1.0,1.0,1.0,1.0,1.0,1.0,1.0,1.0,1.0,1.0,1.0,1.0,1.0,1.0,1.0,1.0,1.0,1.0,1.0,1.0,1.0,1.0,1.0,1.0,1.0,1.0,1.0,1.0,1.0,1.0,1.0,1.0,1.0,0.83588831655075,0.930917333102794,0.6588021887959554,0.9395631599627362,1.1254955420492796,1.133850029857296,0.9044234624139179,1.0310677173192069,1.0073366097324061,0.9522666324998184,0.9410152417230387,1.0064422635167904,0.8554288390835567,0.8039790052551736,0.8299069477679244,1.036801350328978,1.0788131058384374,0.8810032133141378,1.1660517278561826,1.0944788070550717,1.036730576205899,0.8473742090136814,0.7364975134415047,1.193346837498576,1.0562569309433978,0.9389188842234986,0.9721119746974607,0.9568381136295172,0.6779183069441554,1.0557902683546314,1.0837508949663062,0.9538807254624362,0.8894620425529367,0.7837787552005523,0.9607134158537026,0.9625113355281341,0.9558496400364547,0.7925017577755156,1.007331275045092,0.9035465754492535,1.0016366266306864,1.0520701319829038,0.937194461643241,0.8900397405264435,1.0031030468896707,1.0259074512523285,1.2950723060152307,0.9556331777426131,2.5415609177197673,0.6287403092886314,0.8433679740699219,1.9929455254785813,1.093938180225734,1.9525709913113087,1.0295135106442985,0.9130366432754291,1.1709636768091873,0.8433001872214554,1.0431768042749265,1.2792179463575326,1.5882931585537037,1.1069238658526679,1.185021322499738,1.0560657829587234,1.3924777315334556,0.9231964044216802,0.7811392905768206,1.0920113943010137,0.6384223366620707,1.0598662867795299,0.7918399397259823,0.8564108602132409,1.525338708201433,0.9947976820157678,2.25069223141831,0.8460909536652644,1.2305325124627622,0.7658787968098419,0.8724317028402296,0.8305435119420014,1.0818379537326026,1.3043494655879706,0.910384161052564,0.9363404554874803,0.9419394919334646,0.8453480886699213,1.0508101530389982,2.2392890986652496,1.345077062427103,1.6729897177920425,1.7199388184738758,0.6323260410772431,1.5671218360570562,1.3551852811997867,1.2072942638359727,1.037997350738338,1.2203299075919818,1.2187143099703188,1.2403222911247143,1.0896433718864702,1.7588403478345476,1.090671991287964,1.5038410904986128,1.1939571971264704,1.2469278415591067,1.5909552722547642,2.288862024112523,1.1347174563401452,1.2626236140501608,2.0431061264126225,1.4603405119160593,0.9700407965453368,0.9978117208751475
1.0,1.0,1.0,1.0,1.0,1.0,1.0,1.0,1.0,1.0,1.0,1.0,1.0,1.0,1.0,1.0,1.0,1.0,1.0,1.0,1.0,1.0,1.0,1.0,1.0,1.0,1.0,1.0,1.0,1.0,1.0,1.0,1.0,1.0,1.0,1.0,1.0,1.0,1.0,1.0,1.0,1.0,1.0,1.0,1.0,1.0,1.0,1.0,1.0,1.0,1.0,1.0,1.0,1.0,1.0,1.0,1.0,1.0,1.0,1.0,1.0,1.0,1.0,1.0,1.0,1.0,1.0,1.0,1.0,1.0,1.0,1.0,1.0,1.0,1.0,1.0,1.0,1.0,1.0,1.0,1.0,1.0,1.0,1.0,1.0,1.0,1.0,1.0,1.0,1.0,1.0,1.0,1.0,1.0,1.0,1.0,1.0,1.0,1.0,1.0,1.0,1.0,1.0,1.0,1.0,1.0,1.0,1.0,1.0,1.0,1.0,1.0,1.0,1.0,1.0,1.0,1.0,1.0,1.0,1.0,1.0,1.0,1.0,1.0,1.0,1.0,1.0,1.0,1.0,1.0,1.0,1.0,1.0,1.0,1.0,1.0,1.0,1.0,1.0,1.0,1.0,1.0,1.0,1.0,1.0,1.0,1.0,1.0,1.0,1.0,1.0,1.0,1.0,1.0,1.0,1.0,1.0,1.0,1.0,1.0,1.0,1.0,1.0,1.0,1.0,1.0,1.0,1.0,1.0,1.0,1.0,1.0,1.0,1.0,1.0,1.0,1.0,1.0,1.0,1.0,1.0,1.0,1.0,1.0,1.0,1.0,1.0,1.0,1.0,1.0,1.0,1.0,1.0,1.0,1.0,1.0,1.0,1.0,1.0,1.0,1.0,1.0,1.0,1.0,1.0,1.0,1.0,1.0,1.0,1.0,1.0,1.0,1.0,1.0,1.0,1.0,1.0,1.0,1.0,1.0,1.0,1.0,1.0,1.0,1.0,1.0,1.0,1.0,1.0,1.0,1.0,1.0,1.0,1.0,1.0,1.0,1.0,1.0,1.0,1.0,1.0,1.0,1.0,1.0,1.0,1.0,1.0,1.0,1.0,1.0,1.0,1.0,1.0,1.0,1.0,1.0,1.0,1.0,1.0,1.0,1.0,1.0,1.0,1.0,1.0,1.0,1.0,1.0,1.0,1.0,1.0,1.0,1.0,1.0,1.0,1.0,1.0,1.0,1.0,1.0,1.0,1.0,1.0,1.0,1.0,1.0,1.0,1.0,1.0,1.0,1.0,1.0,1.0,1.0,1.0,1.0,1.0,1.0,1.0,1.0,1.0,1.0,1.0,1.0,1.0,1.0,1.0,1.0,1.0,1.0,1.0,1.0,1.0,1.0,1.0,1.0,1.0,1.0,1.0,1.0,1.0,1.0,1.0,1.0,1.0,1.0,1.0,1.0,1.0,1.0,1.0,1.0,1.0,1.0,1.0,1.0,1.0,1.0,1.0,1.0,1.1070342231225503,0.7838741953056503,1.1285808849010506,1.3403364748952957,1.3557511228253758,1.0790857227250263,1.229685870299718,1.1988261515020313,1.1363796695791684,1.124133782084154,1.2029595973886753,1.0211944914463773,0.961765995920681,0.9975577164587581,1.2439436704027615,1.2800447558544732,1.0496423957911305,1.3903535760168317,1.3130391476787449,1.2375438237401193,1.0082448372394488,0.8760671732406307,1.4237180469819029,1.2525427805337552,1.119272988174358,1.1529110325689662,1.139171584836043,0.8076162796776164,1.2587107515606069,1.2677267052165628,1.1319612536222259,1.0566800427761556,0.9332254170961397,1.143140184370146,1.144170477874002,1.139272868332864,0.9445588325260981,1.2018708734702503,1.0718741171549233,1.1872772749864908,1.2449325636565296,1.1105351562128454,1.0540041709382812,1.19464353116417,1.2188794382747279,1.550141186166674,1.1383990391907826,3.030805614509289,0.7486265462940944,1.0003528478652968,2.371608738085522,1.3067015898610768,2.338608439465187,1.2280514782000125,1.0872253667759577,1.3944903456599151,1.0065488361785913,1.2442703090593144,1.5158952625421134,1.8702775744912974,1.3161859154084103,1.4193717394906769,1.2593920936835152,1.6388018845592436,1.101119424464633,0.9281334088374003,1.3003968532309105,0.7562390605221586,1.2523422548708476,0.9368918010842877,1.0165304506662736,1.807759055540675,1.1819281676657465,2.664683360772387,1.0111263319143071,1.4678288254277212,0.9136996708625171,1.0376096827086907,0.9921663610916889,1.290871750337932,1.5545633977555222,1.0843097276512337,1.1159867400236474,1.1252509864759925,1.0017094063362326,1.2533119321993382,2.6738436115246627,1.6058104002483504,2.0180477944037083,2.0622739379261836,0.7515462932882804,1.8513703053441293,1.6132066690813152,1.439111732221677,1.2429093852533009,1.456835787823923,1.456700282291036,1.4810894057350368,1.3054472709710545,2.0883582186326217,1.2945181460508346,1.7820433060591085,1.428109950582407,1.486476768652902,1.8984437702718053,2.6875979941016315,1.343181545340827,1.5067370283510566,2.4393492906795275,1.7419841861212149,1.1495033039584452,1.1899254083081157
1.0,1.0,1.0,1.0,1.0,1.0,1.0,1.0,1.0,1.0,1.0,1.0,1.0,1.0,1.0,1.0,1.0,1.0,1.0,1.0,1.0,1.0,1.0,1.0,1.0,1.0,1.0,1.0,1.0,1.0,1.0,1.0,1.0,1.0,1.0,1.0,1.0,1.0,1.0,1.0,1.0,1.0,1.0,1.0,1.0,1.0,1.0,1.0,1.0,1.0,1.0,1.0,1.0,1.0,1.0,1.0,1.0,1.0,1.0,1.0,1.0,1.0,1.0,1.0,1.0,1.0,1.0,1.0,1.0,1.0,1.0,1.0,1.0,1.0,1.0,1.0,1.0,1.0,1.0,1.0,1.0,1.0,1.0,1.0,1.0,1.0,1.0,1.0,1.0,1.0,1.0,1.0,1.0,1.0,1.0,1.0,1.0,1.0,1.0,1.0,1.0,1.0,1.0,1.0,1.0,1.0,1.0,1.0,1.0,1.0,1.0,1.0,1.0,1.0,1.0,1.0,1.0,1.0,1.0,1.0,1.0,1.0,1.0,1.0,1.0,1.0,1.0,1.0,1.0,1.0,1.0,1.0,1.0,1.0,1.0,1.0,1.0,1.0,1.0,1.0,1.0,1.0,1.0,1.0,1.0,1.0,1.0,1.0,1.0,1.0,1.0,1.0,1.0,1.0,1.0,1.0,1.0,1.0,1.0,1.0,1.0,1.0,1.0,1.0,1.0,1.0,1.0,1.0,1.0,1.0,1.0,1.0,1.0,1.0,1.0,1.0,1.0,1.0,1.0,1.0,1.0,1.0,1.0,1.0,1.0,1.0,1.0,1.0,1.0,1.0,1.0,1.0,1.0,1.0,1.0,1.0,1.0,1.0,1.0,1.0,1.0,1.0,1.0,1.0,1.0,1.0,1.0,1.0,1.0,1.0,1.0,1.0,1.0,1.0,1.0,1.0,1.0,1.0,1.0,1.0,1.0,1.0,1.0,1.0,1.0,1.0,1.0,1.0,1.0,1.0,1.0,1.0,1.0,1.0,1.0,1.0,1.0,1.0,1.0,1.0,1.0,1.0,1.0,1.0,1.0,1.0,1.0,1.0,1.0,1.0,1.0,1.0,1.0,1.0,1.0,1.0,1.0,1.0,1.0,1.0,1.0,1.0,1.0,1.0,1.0,1.0,1.0,1.0,1.0,1.0,1.0,1.0,1.0,1.0,1.0,1.0,1.0,1.0,1.0,1.0,1.0,1.0,1.0,1.0,1.0,1.0,1.0,1.0,1.0,1.0,1.0,1.0,1.0,1.0,1.0,1.0,1.0,1.0,1.0,1.0,1.0,1.0,1.0,1.0,1.0,1.0,1.0,1.0,1.0,1.0,1.0,1.0,1.0,1.0,1.0,1.0,1.0,1.0,1.0,1.0,1.0,1.0,1.0,1.0,1.0,1.0,1.0,1.0,1.0,1.0,1.0,1.0,1.0,1.0,1.0,1.0,1.0,1.0,1.0,1.0,1.0,0.7061026006304959,0.9999197174866887,1.207423268985987,1.2115203895341498,0.9706889432688492,1.1041603875509671,1.0794788518560667,1.020222855657086,1.0070956380721627,1.0758370296677087,0.9159513648594608,0.8605979121729864,0.8851232386655474,1.1056661390614786,1.1619793236433213,0.9443385642697927,1.2494290249314068,1.1680948874198764,1.1100478200967436,0.9102660434497525,0.7904190413539457,1.278525567797025,1.1369585770036421,1.0070541075497932,1.0456624421915355,1.0277598307150213,0.7268055319274342,1.1304297247946404,1.1755493333230393,1.0260378932346694,0.9570032673876985,0.841030699868621,1.0310456599189295,1.0340275118797688,1.0240314391999807,0.8491615224057909,1.0820339227689248,0.9722176990166718,1.0774263724442696,1.1344838500538825,1.0093523126342707,0.959517839147779,1.077154141233848,1.1025749960820015,1.3847966730954935,1.0260240416715982,2.7121521118296155,0.6745836006641938,0.908126517208923,2.1383072918872474,1.169225445347415,2.0846005995767896,1.1031838366157207,0.9809132316475596,1.256125070657577,0.9033259681300204,1.1177247164846598,1.3765311643989122,1.7220884443974998,1.1883930015332602,1.2683265449947994,1.134304959434336,1.5063424535878982,0.9889859532046495,0.8387975741768032,1.1725422607198126,0.6873667236597613,1.145204279504327,0.8537719768299847,0.9202964984752823,1.642603568450308,1.0682770519088887,2.4249948358129014,0.9051148078277027,1.3181392949981292,0.8201320979063095,0.936447698086412,0.8890771847566645,1.158293515670142,1.397518747250973,0.9754592307510476,1.0029420527178046,1.0089425700754338,0.9106212645530849,1.1239296272427066,2.4043908000977856,1.4407508128049815,1.7777180653182754,1.838740651654732,0.6792349815097254,1.688819619176896,1.453178691167924,1.2932107550780425,1.10853945396308,1.3066720506077119,1.3038784832718693,1.3274166701900434,1.1637607914390142,1.8899185781074754,1.1737322678712387,1.6096774840570893,1.2765130932777728,1.3362346309103639,1.7061008846357297,2.490605460961148,1.224268344372649,1.352350337263725,2.183028941768807,1.5632551118443474,1.0434013120177785,1.0692426683445317
1.0,1.0,1.0,1.0,1.0,1.0,1.0,1.0,1.0,1.0,1.0,1.0,1.0,1.0,1.0,1.0,1.0,1.0,1.0,1.0,1.0,1.0,1.0,1.0,1.0,1.0,1.0,1.0,1.0,1.0,1.0,1.0,1.0,1.0,1.0,1.0,1.0,1.0,1.0,1.0,1.0,1.0,1.0,1.0,1.0,1.0,1.0,1.0,1.0,1.0,1.0,1.0,1.0,1.0,1.0,1.0,1.0,1.0,1.0,1.0,1.0,1.0,1.0,1.0,1.0,1.0,1.0,1.0,1.0,1.0,1.0,1.0,1.0,1.0,1.0,1.0,1.0,1.0,1.0,1.0,1.0,1.0,1.0,1.0,1.0,1.0,1.0,1.0,1.0,1.0,1.0,1.0,1.0,1.0,1.0,1.0,1.0,1.0,1.0,1.0,1.0,1.0,1.0,1.0,1.0,1.0,1.0,1.0,1.0,1.0,1.0,1.0,1.0,1.0,1.0,1.0,1.0,1.0,1.0,1.0,1.0,1.0,1.0,1.0,1.0,1.0,1.0,1.0,1.0,1.0,1.0,1.0,1.0,1.0,1.0,1.0,1.0,1.0,1.0,1.0,1.0,1.0,1.0,1.0,1.0,1.0,1.0,1.0,1.0,1.0,1.0,1.0,1.0,1.0,1.0,1.0,1.0,1.0,1.0,1.0,1.0,1.0,1.0,1.0,1.0,1.0,1.0,1.0,1.0,1.0,1.0,1.0,1.0,1.0,1.0,1.0,1.0,1.0,1.0,1.0,1.0,1.0,1.0,1.0,1.0,1.0,1.0,1.0,1.0,1.0,1.0,1.0,1.0,1.0,1.0,1.0,1.0,1.0,1.0,1.0,1.0,1.0,1.0,1.0,1.0,1.0,1.0,1.0,1.0,1.0,1.0,1.0,1.0,1.0,1.0,1.0,1.0,1.0,1.0,1.0,1.0,1.0,1.0,1.0,1.0,1.0,1.0,1.0,1.0,1.0,1.0,1.0,1.0,1.0,1.0,1.0,1.0,1.0,1.0,1.0,1.0,1.0,1.0,1.0,1.0,1.0,1.0,1.0,1.0,1.0,1.0,1.0,1.0,1.0,1.0,1.0,1.0,1.0,1.0,1.0,1.0,1.0,1.0,1.0,1.0,1.0,1.0,1.0,1.0,1.0,1.0,1.0,1.0,1.0,1.0,1.0,1.0,1.0,1.0,1.0,1.0,1.0,1.0,1.0,1.0,1.0,1.0,1.0,1.0,1.0,1.0,1.0,1.0,1.0,1.0,1.0,1.0,1.0,1.0,1.0,1.0,1.0,1.0,1.0,1.0,1.0,1.0,1.0,1.0,1.0,1.0,1.0,1.0,1.0,1.0,1.0,1.0,1.0,1.0,1.0,1.0,1.0,1.0,1.0,1.0,1.0,1.0,1.0,1.0,1.0,1.0,1.0,1.0,1.0,1.0,1.0,1.0,1.0,1.0,1.0,1.0,1.0,1.4191068877163342,1.7085275927646817,1.7163509482413164,1.3708806933787336,1.562657471742763,1.5237981715467912,1.4436194037467542,1.4243512950473995,1.524313282460916,1.2953943838288031,1.2182250028740513,1.2553956816381486,1.5682060057536509,1.642224518877013,1.334474600320555,1.765037689848483,1.651106538012125,1.568927323306501,1.2852709601549934,1.1159936527893612,1.8091009213485374,1.602801748801892,1.4218967805555272,1.4760786554521892,1.4518973842934972,1.0282907108494581,1.5993812206955043,1.6514651386046038,1.4473686316258367,1.3506301059033086,1.190577003935167,1.4565340009946117,1.460295884546502,1.448709544121095,1.1999246497166745,1.5278819526542309,1.3706886177862434,1.5203681360515109,1.6010940472840116,1.4239628340930228,1.354399833287239,1.5213624075566885,1.556245663006659,1.9594603499714887,1.450213821728579,3.8537799531664194,0.9533367897103667,1.280546189750778,3.011481797868938,1.6556097426673255,2.9491300278779944,1.5583475024198452,1.3846888663064365,1.774561846132947,1.2775030825894993,1.5800678349793886,1.9388321996515816,2.404830438208574,1.675673532315133,1.7963560024870864,1.6026512634455385,2.11616468754266,1.3973016010224444,1.1832121937029991,1.6594733938810182,0.9701821895514775,1.6097255329212765,1.202952515541587,1.2987647311724104,2.314977194351952,1.5102592782339805,3.4140966445747294,1.2807780717573112,1.8659938125987512,1.1608248974250963,1.3262301507471326,1.2580148908208355,1.6378719441309049,1.9749836643006744,1.3775003122469132,1.4177219600050317,1.4247622202685384,1.2822902955781008,1.5894963853896806,3.3936380758685014,2.036082168093791,2.5174821697013208,2.61308333162843,0.9590391427007472,2.3769690933107244,2.0520289130883924,1.827283800206766,1.5703181012297351,1.8475738418172287,1.846029992047716,1.8784010120060035,1.6490400535455725,2.6676332319320952,1.656648284174254,2.2816194327894728,1.8035266336498967,1.8878080725128168,2.4106768949896518,3.491603257315486,1.7222156212862185,1.9121415363672754,3.085569439067329,2.2085493882268326,1.470713094785732,1.5127231183529202
1.0,1.0,1.0,1.0,1.0,1.0,1.0,1.0,1.0,1.0,1.0,1.0,1.0,1.0,1.0,1.0,1.0,1.0,1.0,1.0,1.0,1.0,1.0,1.0,1.0,1.0,1.0,1.0,1.0,1.0,1.0,1.0,1.0,1.0,1.0,1.0,1.0,1.0,1.0,1.0,1.0,1.0,1.0,1.0,1.0,1.0,1.0,1.0,1.0,1.0,1.0,1.0,1.0,1.0,1.0,1.0,1.0,1.0,1.0,1.0,1.0,1.0,1.0,1.0,1.0,1.0,1.0,1.0,1.0,1.0,1.0,1.0,1.0,1.0,1.0,1.0,1.0,1.0,1.0,1.0,1.0,1.0,1.0,1.0,1.0,1.0,1.0,1.0,1.0,1.0,1.0,1.0,1.0,1.0,1.0,1.0,1.0,1.0,1.0,1.0,1.0,1.0,1.0,1.0,1.0,1.0,1.0,1.0,1.0,1.0,1.0,1.0,1.0,1.0,1.0,1.0,1.0,1.0,1.0,1.0,1.0,1.0,1.0,1.0,1.0,1.0,1.0,1.0,1.0,1.0,1.0,1.0,1.0,1.0,1.0,1.0,1.0,1.0,1.0,1.0,1.0,1.0,1.0,1.0,1.0,1.0,1.0,1.0,1.0,1.0,1.0,1.0,1.0,1.0,1.0,1.0,1.0,1.0,1.0,1.0,1.0,1.0,1.0,1.0,1.0,1.0,1.0,1.0,1.0,1.0,1.0,1.0,1.0,1.0,1.0,1.0,1.0,1.0,1.0,1.0,1.0,1.0,1.0,1.0,1.0,1.0,1.0,1.0,1.0,1.0,1.0,1.0,1.0,1.0,1.0,1.0,1.0,1.0,1.0,1.0,1.0,1.0,1.0,1.0,1.0,1.0,1.0,1.0,1.0,1.0,1.0,1.0,1.0,1.0,1.0,1.0,1.0,1.0,1.0,1.0,1.0,1.0,1.0,1.0,1.0,1.0,1.0,1.0,1.0,1.0,1.0,1.0,1.0,1.0,1.0,1.0,1.0,1.0,1.0,1.0,1.0,1.0,1.0,1.0,1.0,1.0,1.0,1.0,1.0,1.0,1.0,1.0,1.0,1.0,1.0,1.0,1.0,1.0,1.0,1.0,1.0,1.0,1.0,1.0,1.0,1.0,1.0,1.0,1.0,1.0,1.0,1.0,1.0,1.0,1.0,1.0,1.0,1.0,1.0,1.0,1.0,1.0,1.0,1.0,1.0,1.0,1.0,1.0,1.0,1.0,1.0,1.0,1.0,1.0,1.0,1.0,1.0,1.0,1.0,1.0,1.0,1.0,1.0,1.0,1.0,1.0,1.0,1.0,1.0,1.0,1.0,1.0,1.0,1.0,1.0,1.0,1.0,1.0,1.0,1.0,1.0,1.0,1.0,1.0,1.0,1.0,1.0,1.0,1.0,1.0,1.0,1.0,1.0,1.0,1.0,1.0,1.0,1.0,1.0,1.0,1.0,1.0,1.0,1.1610091395337925,1.1855445084880845,0.9359119721381105,1.0693698727158152,1.0384513387193226,0.9872491285539311,0.9802029079928101,1.0497457328985589,0.8891420072435725,0.8388026564038467,0.8762544006630366,1.0947024534426624,1.0985600434584424,0.9106339554859821,1.2095619650144223,1.1546836497137152,1.077319496041947,0.8705523426303792,0.7579058304431693,1.2389484578185321,1.0775684294403431,0.9699215799406884,0.9920885348625361,0.9853753738951705,0.7009732588532148,1.0955904566133423,1.0683975283603773,0.9734729077718952,0.9102746868051402,0.8082183752445935,0.9893912509086391,0.9878753941093785,0.9893350624024381,0.8217281754925032,1.0409429943043185,0.9202905711199407,1.0209391970859647,1.0639182744368834,0.9505860052731201,0.9013457039633619,1.0337896601216128,1.0512728604022306,1.3551486649611486,0.9845769122672394,2.6700563145027743,0.6486158227941856,0.8605301306531293,2.052212811415055,1.1426041321590656,2.0505535200168454,1.066267112656216,0.9382360432101928,1.209595397031685,0.8757278457273876,1.0798270708186632,1.3042652422979566,1.5807631346285045,1.138206564283399,1.238428924372527,1.0906753445254767,1.3875497894436615,0.9572223374214849,0.8017901502250573,1.1248845423973957,0.6488928904738435,1.0678975220399676,0.8012601350811319,0.8762303210328894,1.5516457402938195,1.022062410144077,2.2871057926283322,0.8817840931321786,1.2781166927673353,0.7947383254363891,0.897592525177367,0.8645906354155021,1.1238552042295944,1.3515407490920666,0.9401710141140134,0.9705632616158371,0.977876908799072,0.8585982917790054,1.0924857161832295,2.319637271564476,1.3976839670585843,1.7875010574728316,1.8144283965837156,0.6486921809909391,1.586658362727384,1.401746752703986,1.2507730243098611,1.089848566612488,1.269434800155527,1.270486410797684,1.2899930235702666,1.1442985511284278,1.8023210151000701,1.1126267709481426,1.5497371729665805,1.2496162441999288,1.2918079256557693,1.6462897724526382,2.2551623784356427,1.1455812284236782,1.310942074973103,2.1238713908841156,1.515299720559416,0.9882440954815227,1.0335828543543961
1.0,1.0,1.0,1.0,1.0,1.0,1.0,1.0,1.0,1.0,1.0,1.0,1.0,1.0,1.0,1.0,1.0,1.0,1.0,1.0,1.0,1.0,1.0,1.0,1.0,1.0,1.0,1.0,1.0,1.0,1.0,1.0,1.0,1.0,1.0,1.0,1.0,1.0,1.0,1.0,1.0,1.0,1.0,1.0,1.0,1.0,1.0,1.0,1.0,1.0,1.0,1.0,1.0,1.0,1.0,1.0,1.0,1.0,1.0,1.0,1.0,1.0,1.0,1.0,1.0,1.0,1.0,1.0,1.0,1.0,1.0,1.0,1.0,1.0,1.0,1.0,1.0,1.0,1.0,1.0,1.0,1.0,1.0,1.0,1.0,1.0,1.0,1.0,1.0,1.0,1.0,1.0,1.0,1.0,1.0,1.0,1.0,1.0,1.0,1.0,1.0,1.0,1.0,1.0,1.0,1.0,1.0,1.0,1.0,1.0,1.0,1.0,1.0,1.0,1.0,1.0,1.0,1.0,1.0,1.0,1.0,1.0,1.0,1.0,1.0,1.0,1.0,1.0,1.0,1.0,1.0,1.0,1.0,1.0,1.0,1.0,1.0,1.0,1.0,1.0,1.0,1.0,1.0,1.0,1.0,1.0,1.0,1.0,1.0,1.0,1.0,1.0,1.0,1.0,1.0,1.0,1.0,1.0,1.0,1.0,1.0,1.0,1.0,1.0,1.0,1.0,1.0,1.0,1.0,1.0,1.0,1.0,1.0,1.0,1.0,1.0,1.0,1.0,1.0,1.0,1.0,1.0,1.0,1.0,1.0,1.0,1.0,1.0,1.0,1.0,1.0,1.0,1.0,1.0,1.0,1.0,1.0,1.0,1.0,1.0,1.0,1.0,1.0,1.0,1.0,1.0,1.0,1.0,1.0,1.0,1.0,1.0,1.0,1.0,1.0,1.0,1.0,1.0,1.0,1.0,1.0,1.0,1.0,1.0,1.0,1.0,1.0,1.0,1.0,1.0,1.0,1.0,1.0,1.0,1.0,1.0,1.0,1.0,1.0,1.0,1.0,1.0,1.0,1.0,1.0,1.0,1.0,1.0,1.0,1.0,1.0,1.0,1.0,1.0,1.0,1.0,1.0,1.0,1.0,1.0,1.0,1.0,1.0,1.0,1.0,1.0,1.0,1.0,1.0,1.0,1.0,1.0,1.0,1.0,1.0,1.0,1.0,1.0,1.0,1.0,1.0,1.0,1.0,1.0,1.0,1.0,1.0,1.0,1.0,1.0,1.0,1.0,1.0,1.0,1.0,1.0,1.0,1.0,1.0,1.0,1.0,1.0,1.0,1.0,1.0,1.0,1.0,1.0,1.0,1.0,1.0,1.0,1.0,1.0,1.0,1.0,1.0,1.0,1.0,1.0,1.0,1.0,1.0,1.0,1.0,1.0,1.0,1.0,1.0,1.0,1.0,1.0,1.0,1.0,1.0,1.0,1.0,1.0,1.0,1.0,1.0,1.0,1.0,1.0,1.0026743350786997,0.8024884999385999,0.9134479621006755,0.8902723497119825,0.8443682717609274,0.832821969263292,0.8914088514430949,0.7573600572121788,0.7127049634396625,0.7344932080485513,0.9159318021354612,0.9613323582469979,0.7805285317527766,1.0315841992499573,0.9649094569024015,0.9174074904080971,0.7519591385173277,0.6526986052369009,1.0576240996749982,0.9375310032140749,0.831686219730376,0.8635316160647131,0.8496650684127605,0.6011676904860356,0.9349855152975624,0.9641896069782976,0.8465894897623202,0.790659650388831,0.6964688806033541,0.8516054245913107,0.8540890712371929,0.8468701308626041,0.7009097091251674,0.8948959355282073,0.8020291899051314,0.8890211947732193,0.9374793419155804,0.8339568968159718,0.7930921463643252,0.8899951761349418,0.9104516217918377,1.1446773862150181,0.8490365958499938,2.247126902321324,0.5576284565383596,0.7488932727607376,1.7607788730204703,0.9667648963481862,1.7232412780346689,0.9117613899791992,0.8106423055114682,1.037388084833858,0.7470259037175064,0.9245350328719464,1.1328780327147423,1.4078299459540784,0.9800137468593951,1.0516057128076999,0.9381823227703164,1.2381476014544288,0.8170677153669944,0.691563316111342,0.9706289342489758,0.5674084714375894,0.9421528090230742,0.7041031110693537,0.759370664968595,1.3531846222333976,0.8829712077535374,1.995544884459958,0.7490759977135424,1.0906989963300875,0.678718314821177,0.7753850920061758,0.7356969028881515,0.9573970413553158,1.1544955501011365,0.8052069639494127,0.8285742650374001,0.8332130363213779,0.7501982230944036,0.928742020078912,1.9885349769015264,1.191481940068584,1.4707699863365267,1.5282203531273073,0.5608355908997184,1.388346841554236,1.198569172593226,1.0681785817114,0.9174155882741981,1.0799294979107286,1.0795347052815152,1.0985369931959945,0.9636911440276856,1.5590473681287982,0.969570029786106,1.3301511070027376,1.053914997767778,1.1036526395646715,1.4102463019805478,2.0502012905701124,1.0077733332120673,1.1182188587563822,1.8039283427840542,1.2908948596630592,0.8593646536852326,0.8847128439265924
1.0,1.0,1.0,1.0,1.0,1.0,1.0,1.0,1.0,1.0,1.0,1.0,1.0,1.0,1.0,1.0,1.0,1.0,1.0,1.0,1.0,1.0,1.0,1.0,1.0,1.0,1.0,1.0,1.0,1.0,1.0,1.0,1.0,1.0,1.0,1.0,1.0,1.0,1.0,1.0,1.0,1.0,1.0,1.0,1.0,1.0,1.0,1.0,1.0,1.0,1.0,1.0,1.0,1.0,1.0,1.0,1.0,1.0,1.0,1.0,1.0,1.0,1.0,1.0,1.0,1.0,1.0,1.0,1.0,1.0,1.0,1.0,1.0,1.0,1.0,1.0,1.0,1.0,1.0,1.0,1.0,1.0,1.0,1.0,1.0,1.0,1.0,1.0,1.0,1.0,1.0,1.0,1.0,1.0,1.0,1.0,1.0,1.0,1.0,1.0,1.0,1.0,1.0,1.0,1.0,1.0,1.0,1.0,1.0,1.0,1.0,1.0,1.0,1.0,1.0,1.0,1.0,1.0,1.0,1.0,1.0,1.0,1.0,1.0,1.0,1.0,1.0,1.0,1.0,1.0,1.0,1.0,1.0,1.0,1.0,1.0,1.0,1.0,1.0,1.0,1.0,1.0,1.0,1.0,1.0,1.0,1.0,1.0,1.0,1.0,1.0,1.0,1.0,1.0,1.0,1.0,1.0,1.0,1.0,1.0,1.0,1.0,1.0,1.0,1.0,1.0,1.0,1.0,1.0,1.0,1.0,1.0,1.0,1.0,1.0,1.0,1.0,1.0,1.0,1.0,1.0,1.0,1.0,1.0,1.0,1.0,1.0,1.0,1.0,1.0,1.0,1.0,1.0,1.0,1.0,1.0,1.0,1.0,1.0,1.0,1.0,1.0,1.0,1.0,1.0,1.0,1.0,1.0,1.0,1.0,1.0,1.0,1.0,1.0,1.0,1.0,1.0,1.0,1.0,1.0,1.0,1.0,1.0,1.0,1.0,1.0,1.0,1.0,1.0,1.0,1.0,1.0,1.0,1.0,1.0,1.0,1.0,1.0,1.0,1.0,1.0,1.0,1.0,1.0,1.0,1.0,1.0,1.0,1.0,1.0,1.0,1.0,1.0,1.0,1.0,1.0,1.0,1.0,1.0,1.0,1.0,1.0,1.0,1.0,1.0,1.0,1.0,1.0,1.0,1.0,1.0,1.0,1.0,1.0,1.0,1.0,1.0,1.0,1.0,1.0,1.0,1.0,1.0,1.0,1.0,1.0,1.0,1.0,1.0,1.0,1.0,1.0,1.0,1.0,1.0,1.0,1.0,1.0,1.0,1.0,1.0,1.0,1.0,1.0,1.0,1.0,1.0,1.0,1.0,1.0,1.0,1.0,1.0,1.0,1.0,1.0,1.0,1.0,1.0,1.0,1.0,1.0,1.0,1.0,1.0,1.0,1.0,1.0,1.0,1.0,1.0,1.0,1.0,1.0,1.0,1.0,1.0,1.0,1.0,1.0,1.0,1.0,1.0,1.0,1.0,0.7942302936226378,0.905925813448069,0.8828817061534094,0.8371073724079563,0.8279038449645895,0.8863143052860809,0.7521617564942709,0.7083694326667392,0.7350784441576237,0.9175478595988342,0.9424896928395331,0.7728174201635225,1.0239988391269428,0.9671154927459484,0.9112924066042511,0.7421708858729974,0.6448644648642556,1.0490511698245286,0.9217479625718467,0.8237401340511751,0.8487251177072592,0.8387177224578668,0.5950606859485179,0.9275914830026878,0.93293740740522,0.832987583650675,0.7776759460599025,0.6875952709333986,0.8417937581011616,0.8423603746682404,0.8392715792008943,0.6959737250920247,0.8844525769517877,0.7885114809239597,0.8741006628742748,0.9162013912407211,0.8168265817538787,0.7756814622118307,0.879666833830111,0.8970215311878506,1.1422538340744546,0.8380789934489066,2.2394836189451297,0.5512533587080898,0.7364265918568615,1.7440233846461566,0.9632194604389475,1.7228999165949146,0.9038309302271633,0.7997547295148923,1.0268805364823983,0.7413133506040072,0.9158305043722043,1.1155864239733515,1.3720188028174638,0.9684774680763061,1.045334782170287,0.9270285997311946,1.204058486227923,0.8106844622035059,0.6831823779972103,0.9582166287568856,0.5566997709602841,0.9204945835292501,0.6891921414879278,0.7482732542938664,1.3302122760343056,0.8707378356006454,1.9611097632269339,0.7447535707969328,1.0816513195093664,0.6732184223944453,0.764788520290419,0.7308518397655247,0.9507144325909805,1.144839340088426,0.7982209753256642,0.8219810036337147,0.828069677868529,0.7366312382938216,0.923485935620268,1.9667792222817773,1.1821925577992505,1.4863777170018382,1.5221349496610717,0.5532294757291005,1.3623770482586466,1.1883631241805013,1.0598572980263028,0.916128090331084,1.073092697642121,1.0733325374523925,1.0910296235977093,0.9622861439691694,1.5375930237889128,0.9527033915705427,1.3155294708741372,1.0519312073927163,1.094538295353976,1.3972933961798706,1.9722132973610862,0.9870744100930784,1.1095626241171481,1.7959446170016262,1.2825666090836914,0.8459905225650375,0.8764409559723834
1.0,1.0,1.0,1.0,1.0,1.0,1.0,1.0,1.0,1.0,1.0,1.0,1.0,1.0,1.0,1.0,1.0,1.0,1.0,1.0,1.0,1.0,1.0,1.0,1.0,1.0,1.0,1.0,1.0,1.0,1.0,1.0,1.0,1.0,1.0,1.0,1.0,1.0,1.0,1.0,1.0,1.0,1.0,1.0,1.0,1.0,1.0,1.0,1.0,1.0,1.0,1.0,1.0,1.0,1.0,1.0,1.0,1.0,1.0,1.0,1.0,1.0,1.0,1.0,1.0,1.0,1.0,1.0,1.0,1.0,1.0,1.0,1.0,1.0,1.0,1.0,1.0,1.0,1.0,1.0,1.0,1.0,1.0,1.0,1.0,1.0,1.0,1.0,1.0,1.0,1.0,1.0,1.0,1.0,1.0,1.0,1.0,1.0,1.0,1.0,1.0,1.0,1.0,1.0,1.0,1.0,1.0,1.0,1.0,1.0,1.0,1.0,1.0,1.0,1.0,1.0,1.0,1.0,1.0,1.0,1.0,1.0,1.0,1.0,1.0,1.0,1.0,1.0,1.0,1.0,1.0,1.0,1.0,1.0,1.0,1.0,1.0,1.0,1.0,1.0,1.0,1.0,1.0,1.0,1.0,1.0,1.0,1.0,1.0,1.0,1.0,1.0,1.0,1.0,1.0,1.0,1.0,1.0,1.0,1.0,1.0,1.0,1.0,1.0,1.0,1.0,1.0,1.0,1.0,1.0,1.0,1.0,1.0,1.0,1.0,1.0,1.0,1.0,1.0,1.0,1.0,1.0,1.0,1.0,1.0,1.0,1.0,1.0,1.0,1.0,1.0,1.0,1.0,1.0,1.0,1.0,1.0,1.0,1.0,1.0,1.0,1.0,1.0,1.0,1.0,1.0,1.0,1.0,1.0,1.0,1.0,1.0,1.0,1.0,1.0,1.0,1.0,1.0,1.0,1.0,1.0,1.0,1.0,1.0,1.0,1.0,1.0,1.0,1.0,1.0,1.0,1.0,1.0,1.0,1.0,1.0,1.0,1.0,1.0,1.0,1.0,1.0,1.0,1.0,1.0,1.0,1.0,1.0,1.0,1.0,1.0,1.0,1.0,1.0,1.0,1.0,1.0,1.0,1.0,1.0,1.0,1.0,1.0,1.0,1.0,1.0,1.0,1.0,1.0,1.0,1.0,1.0,1.0,1.0,1.0,1.0,1.0,1.0,1.0,1.0,1.0,1.0,1.0,1.0,1.0,1.0,1.0,1.0,1.0,1.0,1.0,1.0,1.0,1.0,1.0,1.0,1.0,1.0,1.0,1.0,1.0,1.0,1.0,1.0,1.0,1.0,1.0,1.0,1.0,1.0,1.0,1.0,1.0,1.0,1.0,1.0,1.0,1.0,1.0,1.0,1.0,1.0,1.0,1.0,1.0,1.0,1.0,1.0,1.0,1.0,1.0,1.0,1.0,1.0,1.0,1.0,1.0,1.0,1.0,1.0,1.0,1.0,1.0,1.0,1.0,1.0,1.1355913071858328,1.1078296957393596,1.0501131370511656,1.0369063777253742,1.1082044200650163,0.9426590212036143,0.8874387208535605,0.9152482335001287,1.1415852303434666,1.1928217329885369,0.9706683376243656,1.2844976343044612,1.2050185370614857,1.1422222821456713,0.9352267260287328,0.811673712987954,1.315517119327407,1.165096326502383,1.034622508905302,1.0722217293706087,1.0565043527719702,0.7474068774601035,1.1624818517901732,1.1928253143351206,1.0517127683956153,0.9833023503979672,0.8649791445265145,1.0586975112393624,1.0612340270380738,1.0528316384685577,0.8725191898188932,1.1146146836078363,0.9968191655918459,1.1037152405331823,1.1633910319189733,1.0351696898172762,0.9840241293464019,1.1075265622684967,1.1310648557519747,1.4264873409459078,1.0557861406554316,2.7899605524588553,0.6933725327722055,0.9312463871152794,2.192609968958677,1.2030030486374697,2.1480336071424144,1.1347192628586702,1.0081420890004327,1.2904893287874164,0.929659183432112,1.149725909997745,1.4080202399640447,1.756266887397013,1.219088353558555,1.3095423006913083,1.167998250206147,1.5359960209784984,1.0169067976765294,0.859921057904727,1.2062779729424207,0.7041756688327361,1.1712257684987153,0.8740706401915773,0.9432929992536541,1.6808250326394187,1.0965463287370012,2.479947530098549,0.9323452227973138,1.3562826874451734,0.8438705745437138,0.9622420483614197,0.9156591929412414,1.1914858373877435,1.4363980620081223,1.0015934712450187,1.0308343170279972,1.0382833368306221,0.9324339969576934,1.1553312033434793,2.4777585285725863,1.4833787652218238,1.8397532942871724,1.9002204861368899,0.6974765082682948,1.7234220107271936,1.4915955654706015,1.3292551709379,1.1427220947723087,1.344433833415638,1.3442310857153266,1.3663774236436437,1.200848652897367,1.937920922924643,1.2039604032725362,1.6474738489940863,1.3148774551157068,1.3737648628003232,1.7554582177496687,2.5444703589758992,1.2521868651289525,1.3915704435105885,2.244375418719647,1.6062628599465991,1.0677932724736077,1.1000876012887435
1.0,1.0,1.0,1.0,1.0,1.0,1.0,1.0,1.0,1.0,1.0,1.0,1.0,1.0,1.0,1.0,1.0,1.0,1.0,1.0,1.0,1.0,1.0,1.0,1.0,1.0,1.0,1.0,1.0,1.0,1.0,1.0,1.0,1.0,1.0,1.0,1.0,1.0,1.0,1.0,1.0,1.0,1.0,1.0,1.0,1.0,1.0,1.0,1.0,1.0,1.0,1.0,1.0,1.0,1.0,1.0,1.0,1.0,1.0,1.0,1.0,1.0,1.0,1.0,1.0,1.0,1.0,1.0,1.0,1.0,1.0,1.0,1.0,1.0,1.0,1.0,1.0,1.0,1.0,1.0,1.0,1.0,1.0,1.0,1.0,1.0,1.0,1.0,1.0,1.0,1.0,1.0,1.0,1.0,1.0,1.0,1.0,1.0,1.0,1.0,1.0,1.0,1.0,1.0,1.0,1.0,1.0,1.0,1.0,1.0,1.0,1.0,1.0,1.0,1.0,1.0,1.0,1.0,1.0,1.0,1.0,1.0,1.0,1.0,1.0,1.0,1.0,1.0,1.0,1.0,1.0,1.0,1.0,1.0,1.0,1.0,1.0,1.0,1.0,1.0,1.0,1.0,1.0,1.0,1.0,1.0,1.0,1.0,1.0,1.0,1.0,1.0,1.0,1.0,1.0,1.0,1.0,1.0,1.0,1.0,1.0,1.0,1.0,1.0,1.0,1.0,1.0,1.0,1.0,1.0,1.0,1.0,1.0,1.0,1.0,1.0,1.0,1.0,1.0,1.0,1.0,1.0,1.0,1.0,1.0,1.0,1.0,1.0,1.0,1.0,1.0,1.0,1.0,1.0,1.0,1.0,1.0,1.0,1.0,1.0,1.0,1.0,1.0,1.0,1.0,1.0,1.0,1.0,1.0,1.0,1.0,1.0,1.0,1.0,1.0,1.0,1.0,1.0,1.0,1.0,1.0,1.0,1.0,1.0,1.0,1.0,1.0,1.0,1.0,1.0,1.0,1.0,1.0,1.0,1.0,1.0,1.0,1.0,1.0,1.0,1.0,1.0,1.0,1.0,1.0,1.0,1.0,1.0,1.0,1.0,1.0,1.0,1.0,1.0,1.0,1.0,1.0,1.0,1.0,1.0,1.0,1.0,1.0,1.0,1.0,1.0,1.0,1.0,1.0,1.0,1.0,1.0,1.0,1.0,1.0,1.0,1.0,1.0,1.0,1.0,1.0,1.0,1.0,1.0,1.0,1.0,1.0,1.0,1.0,1.0,1.0,1.0,1.0,1.0,1.0,1.0,1.0,1.0,1.0,1.0,1.0,1.0,1.0,1.0,1.0,1.0,1.0,1.0,1.0,1.0,1.0,1.0,1.0,1.0,1.0,1.0,1.0,1.0,1.0,1.0,1.0,1.0,1.0,1.0,1.0,1.0,1.0,1.0,1.0,1.0,1.0,1.0,1.0,1.0,1.0,1.0,1.0,1.0,1.0,1.0,1.0,1.0,1.0,1.0,1.0,1.0,1.0,0.9746529494172949,0.9237068536788366,0.9125182132835091,0.9766202173111302,0.8294842636102087,0.7805615235415124,0.806402659848191,1.006527344743935,1.0461942888882896,0.8537192609675615,1.129749735759967,1.0610001527655526,1.0048725251055008,0.8212090897546772,0.7133395740566524,1.1574896870414082,1.0223964865193178,0.9098203571621104,0.9414558341531469,0.9276850648314116,0.6573028117384858,1.0231745185117536,1.0453082269715743,0.9236718683527061,0.8620144941920644,0.7602512766296816,0.9307663533777948,0.9325157811394882,0.926642388910812,0.7676394438710633,0.9774192453621396,0.8747140470703161,0.9694456039360239,1.0194588628486252,0.9078321233776425,0.862503378178028,0.9724106161278465,0.9937468592288263,1.2560938179113375,0.926891850143305,2.4649007381526142,0.6094235534355581,0.8166194661169793,1.9278468935679247,1.0605792905373383,1.8929313430321022,0.9978126505991842,0.8851948381851193,1.1346760059690393,0.817838155805543,1.011368561338465,1.2369210186718682,1.5305444640551378,1.0712804705109988,1.1514366129821174,1.0248106088764644,1.3453069917799314,0.8945976470855337,0.7559976081780063,1.059447504864111,0.6182577274114825,1.0250443590584948,0.7663323430528086,0.8290288936155055,1.4761871870675232,0.9638964179373606,2.1760269286775866,0.8206164565327948,1.193561106937635,0.7427617130525579,0.8462244770960311,0.8056960284200093,1.0486596137385757,1.263795316070932,0.8814511425133245,0.907185470581484,0.9128812262841666,0.8179518997575975,1.0177313753952641,2.172726584836945,1.3041342737200214,1.62307317152507,1.6737151497084344,0.612567539346853,1.5142157841530386,1.312067498325689,1.16948534942173,1.0071156356296653,1.1830725762125183,1.1825910734561726,1.2029143528681348,1.0575823697478237,1.7032372425525966,1.0567842968216596,1.4546737280435065,1.1568396163664294,1.2082709845642907,1.5430249249577241,2.2142944038828096,1.0977247785078954,1.2241603996829071,1.977273942255421,1.414378290828059,0.9382588960745117,0.9677485030746318
1.0,1.0,1.0,1.0,1.0,1.0,1.0,1.0,1.0,1.0,1.0,1.0,1.0,1.0,1.0,1.0,1.0,1.0,1.0,1.0,1.0,1.0,1.0,1.0,1.0,1.0,1.0,1.0,1.0,1.0,1.0,1.0,1.0,1.0,1.0,1.0,1.0,1.0,1.0,1.0,1.0,1.0,1.0,1.0,1.0,1.0,1.0,1.0,1.0,1.0,1.0,1.0,1.0,1.0,1.0,1.0,1.0,1.0,1.0,1.0,1.0,1.0,1.0,1.0,1.0,1.0,1.0,1.0,1.0,1.0,1.0,1.0,1.0,1.0,1.0,1.0,1.0,1.0,1.0,1.0,1.0,1.0,1.0,1.0,1.0,1.0,1.0,1.0,1.0,1.0,1.0,1.0,1.0,1.0,1.0,1.0,1.0,1.0,1.0,1.0,1.0,1.0,1.0,1.0,1.0,1.0,1.0,1.0,1.0,1.0,1.0,1.0,1.0,1.0,1.0,1.0,1.0,1.0,1.0,1.0,1.0,1.0,1.0,1.0,1.0,1.0,1.0,1.0,1.0,1.0,1.0,1.0,1.0,1.0,1.0,1.0,1.0,1.0,1.0,1.0,1.0,1.0,1.0,1.0,1.0,1.0,1.0,1.0,1.0,1.0,1.0,1.0,1.0,1.0,1.0,1.0,1.0,1.0,1.0,1.0,1.0,1.0,1.0,1.0,1.0,1.0,1.0,1.0,1.0,1.0,1.0,1.0,1.0,1.0,1.0,1.0,1.0,1.0,1.0,1.0,1.0,1.0,1.0,1.0,1.0,1.0,1.0,1.0,1.0,1.0,1.0,1.0,1.0,1.0,1.0,1.0,1.0,1.0,1.0,1.0,1.0,1.0,1.0,1.0,1.0,1.0,1.0,1.0,1.0,1.0,1.0,1.0,1.0,1.0,1.0,1.0,1.0,1.0,1.0,1.0,1.0,1.0,1.0,1.0,1.0,1.0,1.0,1.0,1.0,1.0,1.0,1.0,1.0,1.0,1.0,1.0,1.0,1.0,1.0,1.0,1.0,1.0,1.0,1.0,1.0,1.0,1.0,1.0,1.0,1.0,1.0,1.0,1.0,1.0,1.0,1.0,1.0,1.0,1.0,1.0,1.0,1.0,1.0,1.0,1.0,1.0,1.0,1.0,1.0,1.0,1.0,1.0,1.0,1.0,1.0,1.0,1.0,1.0,1.0,1.0,1.0,1.0,1.0,1.0,1.0,1.0,1.0,1.0,1.0,1.0,1.0,1.0,1.0,1.0,1.0,1.0,1.0,1.0,1.0,1.0,1.0,1.0,1.0,1.0,1.0,1.0,1.0,1.0,1.0,1.0,1.0,1.0,1.0,1.0,1.0,1.0,1.0,1.0,1.0,1.0,1.0,1.0,1.0,1.0,1.0,1.0,1.0,1.0,1.0,1.0,1.0,1.0,1.0,1.0,1.0,1.0,1.0,1.0,1.0,1.0,1.0,1.0,1.0,1.0,1.0,1.0,1.0,1.0,0.9429947204690213,0.931362853570318,0.9953076701314185,0.8470626750185476,0.7956350728029875,0.820348067965426,1.0250159865597692,1.0697180768585852,0.8725992882574237,1.1551591012136655,1.083151703948013,1.0267313336309587,0.8404585197101385,0.729908341961319,1.1813341847911616,1.047794486306922,0.9306133073294567,0.9639345313428438,0.9479761439325886,0.671240890679112,1.045148794219752,1.0785936900954707,0.9467448479261764,0.8818666617260336,0.7758944165182895,0.9523856235603433,0.9543207163866998,0.9467175106346543,0.785211368760666,0.9984402679383629,0.896867772220897,0.993506687741226,1.0442114821107102,0.9298651522068517,0.8832464632199527,0.994354900775341,1.017081198918391,1.2828948035819794,0.947090983116196,2.504960076058169,0.6228511316172797,0.8369357036753462,1.9774990587914736,1.0820436789861803,1.9318351325389393,1.0198431718759469,0.9050521691962015,1.1600538702499594,0.8349908666077532,1.032466890400773,1.2696708442531333,1.586085976762221,1.0974821961078034,1.172300829616824,1.0464074982629965,1.3854975485083805,0.9143690141555509,0.7747943154923648,1.0818071037758443,0.6333810878178745,1.0535232627267317,0.7862345406508278,0.8493210218230188,1.5140883683453594,0.9850991620810434,2.235530283511852,0.8374274339641332,1.217154025649621,0.7581623659616181,0.8638206427369164,0.8220000329751067,1.0710075419256184,1.2915401988027244,0.9023778781403653,0.9274886481700529,0.933822506133312,0.8395156789662568,1.040338918611928,2.2182566579424474,1.331539254860047,1.6533874865826714,1.6952549199939058,0.6269529386260717,1.555825539723565,1.3425979325231872,1.1960956665444065,1.0263202253626587,1.2081228834269218,1.2060317460924068,1.2276476077882934,1.0776467357176465,1.7440516933803907,1.0818024201213339,1.4857652171944356,1.1823594955250958,1.235246232446423,1.5765057574210068,2.2785256771861357,1.1284992731597852,1.2500723482330205,2.022845317043296,1.4468292205087614,0.9631079412220558,0.9879406105881754
1.0,1.0,1.0,1.0,1.0,1.0,1.0,1.0,1.0,1.0,1.0,1.0,1.0,1.0,1.0,1.0,1.0,1.0,1.0,1.0,1.0,1.0,1.0,1.0,1.0,1.0,1.0,1.0,1.0,1.0,1.0,1.0,1.0,1.0,1.0,1.0,1.0,1.0,1.0,1.0,1.0,1.0,1.0,1.0,1.0,1.0,1.0,1.0,1.0,1.0,1.0,1.0,1.0,1.0,1.0,1.0,1.0,1.0,1.0,1.0,1.0,1.0,1.0,1.0,1.0,1.0,1.0,1.0,1.0,1.0,1.0,1.0,1.0,1.0,1.0,1.0,1.0,1.0,1.0,1.0,1.0,1.0,1.0,1.0,1.0,1.0,1.0,1.0,1.0,1.0,1.0,1.0,1.0,1.0,1.0,1.0,1.0,1.0,1.0,1.0,1.0,1.0,1.0,1.0,1.0,1.0,1.0,1.0,1.0,1.0,1.0,1.0,1.0,1.0,1.0,1.0,1.0,1.0,1.0,1.0,1.0,1.0,1.0,1.0,1.0,1.0,1.0,1.0,1.0,1.0,1.0,1.0,1.0,1.0,1.0,1.0,1.0,1.0,1.0,1.0,1.0,1.0,1.0,1.0,1.0,1.0,1.0,1.0,1.0,1.0,1.0,1.0,1.0,1.0,1.0,1.0,1.0,1.0,1.0,1.0,1.0,1.0,1.0,1.0,1.0,1.0,1.0,1.0,1.0,1.0,1.0,1.0,1.0,1.0,1.0,1.0,1.0,1.0,1.0,1.0,1.0,1.0,1.0,1.0,1.0,1.0,1.0,1.0,1.0,1.0,1.0,1.0,1.0,1.0,1.0,1.0,1.0,1.0,1.0,1.0,1.0,1.0,1.0,1.0,1.0,1.0,1.0,1.0,1.0,1.0,1.0,1.0,1.0,1.0,1.0,1.0,1.0,1.0,1.0,1.0,1.0,1.0,1.0,1.0,1.0,1.0,1.0,1.0,1.0,1.0,1.0,1.0,1.0,1.0,1.0,1.0,1.0,1.0,1.0,1.0,1.0,1.0,1.0,1.0,1.0,1.0,1.0,1.0,1.0,1.0,1.0,1.0,1.0,1.0,1.0,1.0,1.0,1.0,1.0,1.0,1.0,1.0,1.0,1.0,1.0,1.0,1.0,1.0,1.0,1.0,1.0,1.0,1.0,1.0,1.0,1.0,1.0,1.0,1.0,1.0,1.0,1.0,1.0,1.0,1.0,1.0,1.0,1.0,1.0,1.0,1.0,1.0,1.0,1.0,1.0,1.0,1.0,1.0,1.0,1.0,1.0,1.0,1.0,1.0,1.0,1.0,1.0,1.0,1.0,1.0,1.0,1.0,1.0,1.0,1.0,1.0,1.0,1.0,1.0,1.0,1.0,1.0,1.0,1.0,1.0,1.0,1.0,1.0,1.0,1.0,1.0,1.0,1.0,1.0,1.0,1.0,1.0,1.0,1.0,1.0,1.0,1.0,1.0,1.0,1.0,1.0,1.0,1.0,1.0,0.9871954512120383,1.0564916041294377,0.8973516449679603,0.8449493021736323,0.8734207679594106,1.0887392269699185,1.1334068898685092,0.9236787687675356,1.2218429403955313,1.1475331524131158,1.0871953494955755,0.8890676715834619,0.7718034299934513,1.25219270961543,1.106415744452046,0.9846231144023354,1.0187330271559487,1.0043731579966666,0.7113434611022565,1.1068476726561998,1.129749977353533,0.9994591824855542,0.9333744806351792,0.8232816418300453,1.0070088312344034,1.009118815661807,1.0025123813383998,0.8303222506453236,1.0585735011676054,0.946935177930305,1.0490640233584712,1.1039136575844921,0.9830327313232983,0.9342461290418146,1.0528313824100421,1.0751172080377345,1.3591657036574025,1.003688236120444,2.6610764137327902,0.659472938404241,0.8838355816180339,2.0846777907582545,1.1465932190091084,2.0472567934432613,1.0797322804476415,0.9585258279256448,1.2273958335177553,0.8848690750227339,1.0945978821033604,1.3377147598794448,1.6576078515907762,1.1588200309124275,1.2470151096236595,1.1097546830705802,1.455159071251801,0.9678137217802386,0.8176397534481029,1.147636797463687,0.6690480888745238,1.1093455020768188,0.8295390057799515,0.8969242297733864,1.597156454476401,1.0429144790866305,2.3541452050945755,0.8879249306753498,1.2912996928640548,0.8037011951507778,0.9160330844996684,0.8717944779247074,1.134400583175245,1.3669932288415532,0.9536070000744924,0.9811137339039425,0.9881397064868032,0.8852158987561303,1.1005714603925627,2.352883634069343,1.4112236535030822,1.7565059053624315,1.8111303391935838,0.6629110251868457,1.6368060692720088,1.4188343482357015,1.2651519089643768,1.0891752661662626,1.2798266722349332,1.2798966772893907,1.3014156117443865,1.1444200952248953,1.8421609947581938,1.144062469329108,1.5710109550217985,1.2514215356876526,1.3070099518215108,1.6702867071614,2.3996151975022073,1.1882623521783282,1.324481977092199,2.1401852681283593,1.5297698988621726,1.0147358289052035,1.0472499250247895
1.0,1.0,1.0,1.0,1.0,1.0,1.0,1.0,1.0,1.0,1.0,1.0,1.0,1.0,1.0,1.0,1.0,1.0,1.0,1.0,1.0,1.0,1.0,1.0,1.0,1.0,1.0,1.0,1.0,1.0,1.0,1.0,1.0,1.0,1.0,1.0,1.0,1.0,1.0,1.0,1.0,1.0,1.0,1.0,1.0,1.0,1.0,1.0,1.0,1.0,1.0,1.0,1.0,1.0,1.0,1.0,1.0,1.0,1.0,1.0,1.0,1.0,1.0,1.0,1.0,1.0,1.0,1.0,1.0,1.0,1.0,1.0,1.0,1.0,1.0,1.0,1.0,1.0,1.0,1.0,1.0,1.0,1.0,1.0,1.0,1.0,1.0,1.0,1.0,1.0,1.0,1.0,1.0,1.0,1.0,1.0,1.0,1.0,1.0,1.0,1.0,1.0,1.0,1.0,1.0,1.0,1.0,1.0,1.0,1.0,1.0,1.0,1.0,1.0,1.0,1.0,1.0,1.0,1.0,1.0,1.0,1.0,1.0,1.0,1.0,1.0,1.0,1.0,1.0,1.0,1.0,1.0,1.0,1.0,1.0,1.0,1.0,1.0,1.0,1.0,1.0,1.0,1.0,1.0,1.0,1.0,1.0,1.0,1.0,1.0,1.0,1.0,1.0,1.0,1.0,1.0,1.0,1.0,1.0,1.0,1.0,1.0,1.0,1.0,1.0,1.0,1.0,1.0,1.0,1.0,1.0,1.0,1.0,1.0,1.0,1.0,1.0,1.0,1.0,1.0,1.0,1.0,1.0,1.0,1.0,1.0,1.0,1.0,1.0,1.0,1.0,1.0,1.0,1.0,1.0,1.0,1.0,1.0,1.0,1.0,1.0,1.0,1.0,1.0,1.0,1.0,1.0,1.0,1.0,1.0,1.0,1.0,1.0,1.0,1.0,1.0,1.0,1.0,1.0,1.0,1.0,1.0,1.0,1.0,1.0,1.0,1.0,1.0,1.0,1.0,1.0,1.0,1.0,1.0,1.0,1.0,1.0,1.0,1.0,1.0,1.0,1.0,1.0,1.0,1.0,1.0,1.0,1.0,1.0,1.0,1.0,1.0,1.0,1.0,1.0,1.0,1.0,1.0,1.0,1.0,1.0,1.0,1.0,1.0,1.0,1.0,1.0,1.0,1.0,1.0,1.0,1.0,1.0,1.0,1.0,1.0,1.0,1.0,1.0,1.0,1.0,1.0,1.0,1.0,1.0,1.0,1.0,1.0,1.0,1.0,1.0,1.0,1.0,1.0,1.0,1.0,1.0,1.0,1.0,1.0,1.0,1.0,1.0,1.0,1.0,1.0,1.0,1.0,1.0,1.0,1.0,1.0,1.0,1.0,1.0,1.0,1.0,1.0,1.0,1.0,1.0,1.0,1.0,1.0,1.0,1.0,1.0,1.0,1.0,1.0,1.0,1.0,1.0,1.0,1.0,1.0,1.0,1.0,1.0,1.0,1.0,1.0,1.0,1.0,1.0,1.0,1.0,1.0,1.0,1.0,1.0697785435756737,0.9084581957821374,0.8553606856952083,0.8855091303146712,1.1048646990758917,1.1411763238015422,0.934296084144087,1.2372783283315192,1.1661011590194197,1.10095882474686,0.8977273381075199,0.7802033026704827,1.2670329075664708,1.1166146413219147,0.9958728069749551,1.0279136915583953,1.0144959247062233,0.7190128104436398,1.1201363376426123,1.134342086019403,1.0086524577459879,0.9418252530272245,0.8310213637969348,1.0178167333614834,1.0191537720871575,1.0138568780780135,0.8405463169239273,1.0699316571334827,0.9551797039381136,1.0582774643199335,1.1109731778188523,0.990337736190162,0.9402474366743548,1.0636336826010229,1.0859406890722485,1.3773629732180237,1.0135456165349348,2.699673378417796,0.6666440818464312,0.8918072647465962,2.1108578097253026,1.1619596887315349,2.0778593413120046,1.0927487344871722,0.9679695185839228,1.2415514970045942,0.8955722097363513,1.1072528920610483,1.3512289359555876,1.669402845248186,1.1722229315767094,1.26213691041855,1.1212611932112813,1.4641410813398437,0.9797949412642432,0.8265919098293254,1.157820015766422,0.6743832969840593,1.1178938004215055,0.8357745851161522,0.9056994687390985,1.6113134562636386,1.0532624116619074,2.375487743513073,0.8991907873497262,1.3064787976806094,0.8129719694197599,0.9241320024520803,0.8826076368959338,1.148473560361567,1.3836711856326624,0.9647765729298932,0.9931375244803375,1.0003259995667437,0.8929149476035487,1.1148916609755546,2.380175092673925,1.4290077719436134,1.7879816433310884,1.834755338589038,0.6694461418659887,1.6518555559533774,1.436158458558075,1.2805242053989008,1.1047335803438987,1.296070186983644,1.295845181650272,1.317427634599201,1.1601378564196687,1.86070224804073,1.1539041089634692,1.588755878544297,1.2695415700087729,1.3229083201721041,1.6889101415647443,2.4068042655999804,1.1973559917325325,1.3406817298176716,2.167532727219805,1.5492041481466154,1.0243641849810343,1.059053360529163
1.0,1.0,1.0,1.0,1.0,1.0,1.0,1.0,1.0,1.0,1.0,1.0,1.0,1.0,1.0,1.0,1.0,1.0,1.0,1.0,1.0,1.0,1.0,1.0,1.0,1.0,1.0,1.0,1.0,1.0,1.0,1.0,1.0,1.0,1.0,1.0,1.0,1.0,1.0,1.0,1.0,1.0,1.0,1.0,1.0,1.0,1.0,1.0,1.0,1.0,1.0,1.0,1.0,1.0,1.0,1.0,1.0,1.0,1.0,1.0,1.0,1.0,1.0,1.0,1.0,1.0,1.0,1.0,1.0,1.0,1.0,1.0,1.0,1.0,1.0,1.0,1.0,1.0,1.0,1.0,1.0,1.0,1.0,1.0,1.0,1.0,1.0,1.0,1.0,1.0,1.0,1.0,1.0,1.0,1.0,1.0,1.0,1.0,1.0,1.0,1.0,1.0,1.0,1.0,1.0,1.0,1.0,1.0,1.0,1.0,1.0,1.0,1.0,1.0,1.0,1.0,1.0,1.0,1.0,1.0,1.0,1.0,1.0,1.0,1.0,1.0,1.0,1.0,1.0,1.0,1.0,1.0,1.0,1.0,1.0,1.0,1.0,1.0,1.0,1.0,1.0,1.0,1.0,1.0,1.0,1.0,1.0,1.0,1.0,1.0,1.0,1.0,1.0,1.0,1.0,1.0,1.0,1.0,1.0,1.0,1.0,1.0,1.0,1.0,1.0,1.0,1.0,1.0,1.0,1.0,1.0,1.0,1.0,1.0,1.0,1.0,1.0,1.0,1.0,1.0,1.0,1.0,1.0,1.0,1.0,1.0,1.0,1.0,1.0,1.0,1.0,1.0,1.0,1.0,1.0,1.0,1.0,1.0,1.0,1.0,1.0,1.0,1.0,1.0,1.0,1.0,1.0,1.0,1.0,1.0,1.0,1.0,1.0,1.0,1.0,1.0,1.0,1.0,1.0,1.0,1.0,1.0,1.0,1.0,1.0,1.0,1.0,1.0,1.0,1.0,1.0,1.0,1.0,1.0,1.0,1.0,1.0,1.0,1.0,1.0,1.0,1.0,1.0,1.0,1.0,1.0,1.0,1.0,1.0,1.0,1.0,1.0,1.0,1.0,1.0,1.0,1.0,1.0,1.0,1.0,1.0,1.0,1.0,1.0,1.0,1.0,1.0,1.0,1.0,1.0,1.0,1.0,1.0,1.0,1.0,1.0,1.0,1.0,1.0,1.0,1.0,1.0,1.0,1.0,1.0,1.0,1.0,1.0,1.0,1.0,1.0,1.0,1.0,1.0,1.0,1.0,1.0,1.0,1.0,1.0,1.0,1.0,1.0,1.0,1.0,1.0,1.0,1.0,1.0,1.0,1.0,1.0,1.0,1.0,1.0,1.0,1.0,1.0,1.0,1.0,1.0,1.0,1.0,1.0,1.0,1.0,1.0,1.0,1.0,1.0,1.0,1.0,1.0,1.0,1.0,1.0,1.0,1.0,1.0,1.0,1.0,1.0,1.0,1.0,1.0,1.0,1.0,1.0,1.0,1.0,1.0,0.8477778889430042,0.7986393579484097,0.8281903914882269,1.0321167000143607,1.0642987347142818,0.8718006970410254,1.1535433997990423,1.087804894061538,1.0271404514534268,0.8369563665073226,0.7275375495212386,1.1823696293912365,1.0399060010385102,0.9288591899097292,0.9580939082094773,0.9460915483920729,0.670928832674512,1.0454588761901356,1.0532338464722626,0.9399906427386054,0.8776189789897983,0.7758277747699487,0.949086306287773,0.9502291074621545,0.9463706522095566,0.7835956765761465,0.9974716047788945,0.8901057392185943,0.9863013478091655,1.035273350366727,0.9233202116547369,0.8764368878109572,0.9916892782585893,1.0124373317501294,1.2850931976752111,0.9456361738427892,2.5217569315270687,0.6218082882748333,0.8302591940317493,1.966307378903373,1.0849374450191114,1.9395384273681007,1.0195873084459377,0.9029369763294899,1.157593817187208,0.8357085167264986,1.0338205873524011,1.2574413280450365,1.5462729977368983,1.0922195695530657,1.17888938111478,1.0455792240697055,1.3611394569283308,0.9140186643007837,0.7702211748066974,1.0804081177576879,0.6285223337643253,1.03912701299037,0.7783373596636829,0.8442799361645075,1.5003427918503183,0.9823283885695324,2.2101901850834222,0.8396103779795189,1.2194474619796651,0.7590835576165994,0.8627590828046736,0.8239105878410478,1.0717498475458964,1.290695403544936,0.9000457233835348,0.9264869972526297,0.9329244634711977,0.8314018528043225,1.040521223465182,2.2195707722373075,1.3333241971240741,1.6711215027881634,1.7157174469426744,0.6240634795101178,1.5364275711256028,1.338346087470111,1.194481652515787,1.0315627550764708,1.2091637657129022,1.209756366293633,1.2302502334816516,1.0834080202778975,1.7339447012688458,1.075728163443256,1.4836025200773557,1.1836142741667004,1.2338137030395575,1.5757924280119435,2.2340922752607795,1.1143387007446137,1.2511012145126752,2.0248317141340966,1.4455511822654012,0.9540102826849658,0.9885901087845901
1.0,1.0,1.0,1.0,1.0,1.0,1.0,1.0,1.0,1.0,1.0,1.0,1.0,1.0,1.0,1.0,1.0,1.0,1.0,1.0,1.0,1.0,1.0,1.0,1.0,1.0,1.0,1.0,1.0,1.0,1.0,1.0,1.0,1.0,1.0,1.0,1.0,1.0,1.0,1.0,1.0,1.0,1.0,1.0,1.0,1.0,1.0,1.0,1.0,1.0,1.0,1.0,1.0,1.0,1.0,1.0,1.0,1.0,1.0,1.0,1.0,1.0,1.0,1.0,1.0,1.0,1.0,1.0,1.0,1.0,1.0,1.0,1.0,1.0,1.0,1.0,1.0,1.0,1.0,1.0,1.0,1.0,1.0,1.0,1.0,1.0,1.0,1.0,1.0,1.0,1.0,1.0,1.0,1.0,1.0,1.0,1.0,1.0,1.0,1.0,1.0,1.0,1.0,1.0,1.0,1.0,1.0,1.0,1.0,1.0,1.0,1.0,1.0,1.0,1.0,1.0,1.0,1.0,1.0,1.0,1.0,1.0,1.0,1.0,1.0,1.0,1.0,1.0,1.0,1.0,1.0,1.0,1.0,1.0,1.0,1.0,1.0,1.0,1.0,1.0,1.0,1.0,1.0,1.0,1.0,1.0,1.0,1.0,1.0,1.0,1.0,1.0,1.0,1.0,1.0,1.0,1.0,1.0,1.0,1.0,1.0,1.0,1.0,1.0,1.0,1.0,1.0,1.0,1.0,1.0,1.0,1.0,1.0,1.0,1.0,1.0,1.0,1.0,1.0,1.0,1.0,1.0,1.0,1.0,1.0,1.0,1.0,1.0,1.0,1.0,1.0,1.0,1.0,1.0,1.0,1.0,1.0,1.0,1.0,1.0,1.0,1.0,1.0,1.0,1.0,1.0,1.0,1.0,1.0,1.0,1.0,1.0,1.0,1.0,1.0,1.0,1.0,1.0,1.0,1.0,1.0,1.0,1.0,1.0,1.0,1.0,1.0,1.0,1.0,1.0,1.0,1.0,1.0,1.0,1.0,1.0,1.0,1.0,1.0,1.0,1.0,1.0,1.0,1.0,1.0,1.0,1.0,1.0,1.0,1.0,1.0,1.0,1.0,1.0,1.0,1.0,1.0,1.0,1.0,1.0,1.0,1.0,1.0,1.0,1.0,1.0,1.0,1.0,1.0,1.0,1.0,1.0,1.0,1.0,1.0,1.0,1.0,1.0,1.0,1.0,1.0,1.0,1.0,1.0,1.0,1.0,1.0,1.0,1.0,1.0,1.0,1.0,1.0,1.0,1.0,1.0,1.0,1.0,1.0,1.0,1.0,1.0,1.0,1.0,1.0,1.0,1.0,1.0,1.0,1.0,1.0,1.0,1.0,1.0,1.0,1.0,1.0,1.0,1.0,1.0,1.0,1.0,1.0,1.0,1.0,1.0,1.0,1.0,1.0,1.0,1.0,1.0,1.0,1.0,1.0,1.0,1.0,1.0,1.0,1.0,1.0,1.0,1.0,1.0,1.0,1.0,1.0,1.0,1.0,1.0,1.0,1.0,0.9411568033491752,0.9731204104956712,1.214731086718996,1.2585655787804284,1.0286919836973112,1.362147871405293,1.2816822723935961,1.2115837623537762,0.9891894862271879,0.8592860859652189,1.3949947329534447,1.2308969135158345,1.0964454018634782,1.1331202629226795,1.1175389076823081,0.7918074533704289,1.2330886544413873,1.2547027157047335,1.1119710604280177,1.0380939478499371,0.9154424014067499,1.1212144979070224,1.1229737859826092,1.116439802125084,0.9254268866143534,1.1782934848996744,1.0530171891615765,1.1667526397111319,1.2260178812310827,1.0921318791296146,1.0373293185969406,1.1716466834139405,1.1965610348567441,1.51546629018663,1.1165477237799815,2.9694376015671513,0.7341728281270489,0.9833550151526711,2.324026598627437,1.2786416356605939,2.284377103005582,1.2027284054389953,1.0661964608438226,1.3673163249496574,0.9858188461930636,1.2186153681856333,1.489335497841545,1.844371514434788,1.2908847817703195,1.3884712668185866,1.2350502490408966,1.6171540405856,1.0784023193173433,0.9106975041539658,1.2757275860405282,0.7437782816864602,1.2335622483678288,0.9220033173637452,0.9981095717144051,1.7767115906198534,1.160423286233065,2.6202467703021415,0.9894399794193947,1.4381261443950262,0.8950091823989511,1.0184834655373054,0.9712890978309744,1.2640648948314563,1.5231606712289878,1.0621883980932103,1.0934187128570376,1.1009588472886727,0.9846772138597084,1.2268775654560553,2.6201864542408364,1.572375249004665,1.9625859594640316,2.0177840026163896,0.7377425144062969,1.8217632102777275,1.5815042874249916,1.4096911576226074,1.2148855597480828,1.4263423987217885,1.4257968776322212,1.4499199542318393,1.2758529294889738,2.050827727562294,1.2718823119182237,1.7499468702185834,1.396358406172586,1.4564308535764068,1.8596529195325773,2.6608081598809146,1.3211233194340677,1.4756371983136605,2.383865182065689,1.7051390833136126,1.1295057656661815,1.166013088876321
1.0,1.0,1.0,1.0,1.0,1.0,1.0,1.0,1.0,1.0,1.0,1.0,1.0,1.0,1.0,1.0,1.0,1.0,1.0,1.0,1.0,1.0,1.0,1.0,1.0,1.0,1.0,1.0,1.0,1.0,1.0,1.0,1.0,1.0,1.0,1.0,1.0,1.0,1.0,1.0,1.0,1.0,1.0,1.0,1.0,1.0,1.0,1.0,1.0,1.0,1.0,1.0,1.0,1.0,1.0,1.0,1.0,1.0,1.0,1.0,1.0,1.0,1.0,1.0,1.0,1.0,1.0,1.0,1.0,1.0,1.0,1.0,1.0,1.0,1.0,1.0,1.0,1.0,1.0,1.0,1.0,1.0,1.0,1.0,1.0,1.0,1.0,1.0,1.0,1.0,1.0,1.0,1.0,1.0,1.0,1.0,1.0,1.0,1.0,1.0,1.0,1.0,1.0,1.0,1.0,1.0,1.0,1.0,1.0,1.0,1.0,1.0,1.0,1.0,1.0,1.0,1.0,1.0,1.0,1.0,1.0,1.0,1.0,1.0,1.0,1.0,1.0,1.0,1.0,1.0,1.0,1.0,1.0,1.0,1.0,1.0,1.0,1.0,1.0,1.0,1.0,1.0,1.0,1.0,1.0,1.0,1.0,1.0,1.0,1.0,1.0,1.0,1.0,1.0,1.0,1.0,1.0,1.0,1.0,1.0,1.0,1.0,1.0,1.0,1.0,1.0,1.0,1.0,1.0,1.0,1.0,1.0,1.0,1.0,1.0,1.0,1.0,1.0,1.0,1.0,1.0,1.0,1.0,1.0,1.0,1.0,1.0,1.0,1.0,1.0,1.0,1.0,1.0,1.0,1.0,1.0,1.0,1.0,1.0,1.0,1.0,1.0,1.0,1.0,1.0,1.0,1.0,1.0,1.0,1.0,1.0,1.0,1.0,1.0,1.0,1.0,1.0,1.0,1.0,1.0,1.0,1.0,1.0,1.0,1.0,1.0,1.0,1.0,1.0,1.0,1.0,1.0,1.0,1.0,1.0,1.0,1.0,1.0,1.0,1.0,1.0,1.0,1.0,1.0,1.0,1.0,1.0,1.0,1.0,1.0,1.0,1.0,1.0,1.0,1.0,1.0,1.0,1.0,1.0,1.0,1.0,1.0,1.0,1.0,1.0,1.0,1.0,1.0,1.0,1.0,1.0,1.0,1.0,1.0,1.0,1.0,1.0,1.0,1.0,1.0,1.0,1.0,1.0,1.0,1.0,1.0,1.0,1.0,1.0,1.0,1.0,1.0,1.0,1.0,1.0,1.0,1.0,1.0,1.0,1.0,1.0,1.0,1.0,1.0,1.0,1.0,1.0,1.0,1.0,1.0,1.0,1.0,1.0,1.0,1.0,1.0,1.0,1.0,1.0,1.0,1.0,1.0,1.0,1.0,1.0,1.0,1.0,1.0,1.0,1.0,1.0,1.0,1.0,1.0,1.0,1.0,1.0,1.0,1.0,1.0,1.0,1.0,1.0,1.0,1.0,1.0,1.0,1.0,1.0,1.0,1.0,1.0,1.0,1.0360300087554408,1.2910019084665223,1.3336630083966137,1.0904747624935824,1.4435372050178734,1.3610646568946407,1.2850609239879154,1.048210909454022,0.9103680602335338,1.4795008841676816,1.30251431229481,1.162335829271087,1.1993680782546656,1.1848410766570576,0.8396684450510078,1.3074581529314204,1.319386047577878,1.176814432160914,1.0997636496832157,0.9712123611392074,1.1878410872533172,1.1894896839219098,1.1837139086629864,0.9807319816524455,1.2503389274577352,1.1144378296307655,1.2343314476295397,1.2971199704423422,1.1559899397139701,1.0980314626320737,1.2422265953605354,1.267076570614757,1.6087013276825608,1.1842952319144717,3.149611608955654,0.7782766314084566,1.040554866389738,2.459642099793722,1.3562629944720435,2.4250762384310405,1.2755270516009287,1.1305291619998754,1.448736628135364,1.0457996244134318,1.2927491504175401,1.5742371941228366,1.9420327726919882,1.3666375014616732,1.4764619908369387,1.3104047269624948,1.7049150111365896,1.143410434761609,0.9637008165874091,1.353532603633086,0.7868859344277075,1.3030446993850575,0.9748558655774804,1.0563095803957265,1.8787232936768206,1.2293152762235278,2.768345876576978,1.0500971337720313,1.5257800423866543,0.9494416761806681,1.0799397581682588,1.0308995228729239,1.340616394486934,1.614580058194099,1.1254120680912771,1.1588605869770359,1.1678126714622699,1.0412602103048199,1.3006008826864854,2.7816622487993157,1.6684029801404612,2.0887691192131763,2.1478106625225184,0.7813047088607556,1.9228393715780638,1.6748196588482276,1.494046188643546,1.2900940042696372,1.512997254694533,1.5139529067536184,1.538380990825672,1.3555847675830535,2.170564937826675,1.3470139848192182,1.8509432391333915,1.4814655320068675,1.5438598264004093,1.9728841919376774,2.807049352000238,1.3961607880275944,1.565292502170074,2.528239008375767,1.8072085174012735,1.1940454098739377,1.236915188999539
1.0,1.0,1.0,1.0,1.0,1.0,1.0,1.0,1.0,1.0,1.0,1.0,1.0,1.0,1.0,1.0,1.0,1.0,1.0,1.0,1.0,1.0,1.0,1.0,1.0,1.0,1.0,1.0,1.0,1.0,1.0,1.0,1.0,1.0,1.0,1.0,1.0,1.0,1.0,1.0,1.0,1.0,1.0,1.0,1.0,1.0,1.0,1.0,1.0,1.0,1.0,1.0,1.0,1.0,1.0,1.0,1.0,1.0,1.0,1.0,1.0,1.0,1.0,1.0,1.0,1.0,1.0,1.0,1.0,1.0,1.0,1.0,1.0,1.0,1.0,1.0,1.0,1.0,1.0,1.0,1.0,1.0,1.0,1.0,1.0,1.0,1.0,1.0,1.0,1.0,1.0,1.0,1.0,1.0,1.0,1.0,1.0,1.0,1.0,1.0,1.0,1.0,1.0,1.0,1.0,1.0,1.0,1.0,1.0,1.0,1.0,1.0,1.0,1.0,1.0,1.0,1.0,1.0,1.0,1.0,1.0,1.0,1.0,1.0,1.0,1.0,1.0,1.0,1.0,1.0,1.0,1.0,1.0,1.0,1.0,1.0,1.0,1.0,1.0,1.0,1.0,1.0,1.0,1.0,1.0,1.0,1.0,1.0,1.0,1.0,1.0,1.0,1.0,1.0,1.0,1.0,1.0,1.0,1.0,1.0,1.0,1.0,1.0,1.0,1.0,1.0,1.0,1.0,1.0,1.0,1.0,1.0,1.0,1.0,1.0,1.0,1.0,1.0,1.0,1.0,1.0,1.0,1.0,1.0,1.0,1.0,1.0,1.0,1.0,1.0,1.0,1.0,1.0,1.0,1.0,1.0,1.0,1.0,1.0,1.0,1.0,1.0,1.0,1.0,1.0,1.0,1.0,1.0,1.0,1.0,1.0,1.0,1.0,1.0,1.0,1.0,1.0,1.0,1.0,1.0,1.0,1.0,1.0,1.0,1.0,1.0,1.0,1.0,1.0,1.0,1.0,1.0,1.0,1.0,1.0,1.0,1.0,1.0,1.0,1.0,1.0,1.0,1.0,1.0,1.0,1.0,1.0,1.0,1.0,1.0,1.0,1.0,1.0,1.0,1.0,1.0,1.0,1.0,1.0,1.0,1.0,1.0,1.0,1.0,1.0,1.0,1.0,1.0,1.0,1.0,1.0,1.0,1.0,1.0,1.0,1.0,1.0,1.0,1.0,1.0,1.0,1.0,1.0,1.0,1.0,1.0,1.0,1.0,1.0,1.0,1.0,1.0,1.0,1.0,1.0,1.0,1.0,1.0,1.0,1.0,1.0,1.0,1.0,1.0,1.0,1.0,1.0,1.0,1.0,1.0,1.0,1.0,1.0,1.0,1.0,1.0,1.0,1.0,1.0,1.0,1.0,1.0,1.0,1.0,1.0,1.0,1.0,1.0,1.0,1.0,1.0,1.0,1.0,1.0,1.0,1.0,1.0,1.0,1.0,1.0,1.0,1.0,1.0,1.0,1.0,1.0,1.0,1.0,1.0,1.0,1.0,1.0,1.0,1.0,1.2416958211418088,1.2611336937926754,1.0389085142326793,1.3757715420777814,1.308766438696465,1.2272614586794695,0.9956107294158507,0.865291012206755,1.4107483533383411,1.231639845982247,1.1078753475094154,1.1343298051262125,1.1260089549444856,0.7996037495838031,1.2473761796885725,1.2230636984981258,1.1136638112614812,1.0411957591662253,0.9242165196695977,1.1290786310463305,1.128845225529437,1.1283736886821716,0.9347470736973457,1.1895191521908328,1.0545740430034418,1.167563160139478,1.220969241529945,1.0914266105269752,1.0351845942479616,1.1811206669558687,1.2015325651640691,1.5417749805862733,1.1262623430102712,3.010562405001156,0.7402992693213979,0.9829548830212724,2.3397349878669464,1.2977440653261736,2.3291320563271127,1.2169325902981583,1.0749475449257122,1.3779647021272232,0.9980115656365776,1.234084220289697,1.4882836683712815,1.812310299547741,1.2981514702164625,1.4142748351623977,1.2463025892583808,1.592574653519244,1.090905752426056,0.9144431490139397,1.2874132746829718,0.742835925220708,1.2230728790726269,0.918361674774018,1.0012040173531607,1.7748154534409668,1.1664826493126772,2.610508936804437,1.0046246882553374,1.4556410282708698,0.9062300109008887,1.026066990098584,0.9851558749773953,1.2800547998226466,1.5393072009446547,1.0728894071957429,1.1046347925028703,1.116068864047713,0.9831501539469396,1.242708731063558,2.6496999252758497,1.5931097917447437,2.0286909131237736,2.061030240835991,0.741146532341248,1.8105246864160471,1.5936677039432803,1.424900986815015,1.2377647313399867,1.445043177994311,1.4478711121468557,1.4702158835145966,1.3012932015574346,2.0563904551375547,1.2748908649917112,1.7585521926814673,1.4186914121275076,1.471462528452506,1.8810073542446246,2.6016065041005905,1.314978470448293,1.494078774784208,2.425621784271773,1.7263422079003723,1.128735675776369,1.1794207944530237
1.0,1.0,1.0,1.0,1.0,1.0,1.0,1.0,1.0,1.0,1.0,1.0,1.0,1.0,1.0,1.0,1.0,1.0,1.0,1.0,1.0,1.0,1.0,1.0,1.0,1.0,1.0,1.0,1.0,1.0,1.0,1.0,1.0,1.0,1.0,1.0,1.0,1.0,1.0,1.0,1.0,1.0,1.0,1.0,1.0,1.0,1.0,1.0,1.0,1.0,1.0,1.0,1.0,1.0,1.0,1.0,1.0,1.0,1.0,1.0,1.0,1.0,1.0,1.0,1.0,1.0,1.0,1.0,1.0,1.0,1.0,1.0,1.0,1.0,1.0,1.0,1.0,1.0,1.0,1.0,1.0,1.0,1.0,1.0,1.0,1.0,1.0,1.0,1.0,1.0,1.0,1.0,1.0,1.0,1.0,1.0,1.0,1.0,1.0,1.0,1.0,1.0,1.0,1.0,1.0,1.0,1.0,1.0,1.0,1.0,1.0,1.0,1.0,1.0,1.0,1.0,1.0,1.0,1.0,1.0,1.0,1.0,1.0,1.0,1.0,1.0,1.0,1.0,1.0,1.0,1.0,1.0,1.0,1.0,1.0,1.0,1.0,1.0,1.0,1.0,1.0,1.0,1.0,1.0,1.0,1.0,1.0,1.0,1.0,1.0,1.0,1.0,1.0,1.0,1.0,1.0,1.0,1.0,1.0,1.0,1.0,1.0,1.0,1.0,1.0,1.0,1.0,1.0,1.0,1.0,1.0,1.0,1.0,1.0,1.0,1.0,1.0,1.0,1.0,1.0,1.0,1.0,1.0,1.0,1.0,1.0,1.0,1.0,1.0,1.0,1.0,1.0,1.0,1.0,1.0,1.0,1.0,1.0,1.0,1.0,1.0,1.0,1.0,1.0,1.0,1.0,1.0,1.0,1.0,1.0,1.0,1.0,1.0,1.0,1.0,1.0,1.0,1.0,1.0,1.0,1.0,1.0,1.0,1.0,1.0,1.0,1.0,1.0,1.0,1.0,1.0,1.0,1.0,1.0,1.0,1.0,1.0,1.0,1.0,1.0,1.0,1.0,1.0,1.0,1.0,1.0,1.0,1.0,1.0,1.0,1.0,1.0,1.0,1.0,1.0,1.0,1.0,1.0,1.0,1.0,1.0,1.0,1.0,1.0,1.0,1.0,1.0,1.0,1.0,1.0,1.0,1.0,1.0,1.0,1.0,1.0,1.0,1.0,1.0,1.0,1.0,1.0,1.0,1.0,1.0,1.0,1.0,1.0,1.0,1.0,1.0,1.0,1.0,1.0,1.0,1.0,1.0,1.0,1.0,1.0,1.0,1.0,1.0,1.0,1.0,1.0,1.0,1.0,1.0,1.0,1.0,1.0,1.0,1.0,1.0,1.0,1.0,1.0,1.0,1.0,1.0,1.0,1.0,1.0,1.0,1.0,1.0,1.0,1.0,1.0,1.0,1.0,1.0,1.0,1.0,1.0,1.0,1.0,1.0,1.0,1.0,1.0,1.0,1.0,1.0,1.0,1.0,1.0,1.0,1.0,1.0,1.0,1.0,1.0,1.0,1.0135756785185601,0.8357579223256559,1.1089493238249417,1.0535241553870056,0.9874361205319576,0.8008406461451161,0.6962049062230944,1.1362474499581618,0.9920926263531129,0.890639456717905,0.913738422473009,0.9058021864966763,0.6435195736970047,1.004366500355931,0.9920854247160875,0.8968457432219316,0.8381425536314946,0.7427306935799629,0.9091215613260917,0.9086940259917207,0.9080185015684294,0.7533882679423329,0.9566484115608584,0.8483627833286111,0.9404215779999796,0.9834504398543824,0.8777965824231526,0.8328608790225678,0.9501658827375742,0.967089207125082,1.240711774245107,0.9053452294155699,2.4344279183286504,0.5957458712821179,0.792835704069635,1.883979413881209,1.0453067669185947,1.8736145757607165,0.9781800481428485,0.8631064424143113,1.1105022405754923,0.8030646041584988,0.9907717178860411,1.2007721213081828,1.4648088984548964,1.0456264636907138,1.1351528049370112,1.0023960114450308,1.2860138451721024,0.8777315378610728,0.7371414812976639,1.0344994276397015,0.5984884388152472,0.9870004962717651,0.7398425218050271,0.8061952360212692,1.4306154138780758,0.9394067478975163,2.108281918087467,0.8077372851790101,1.1715549975302566,0.7289591316326449,0.825409615044618,0.7923508957804085,1.0298814922861337,1.2390281211340726,0.862864941583628,0.8897858095007689,0.897098200175711,0.791784377522661,1.0005871993651205,2.12901340416688,1.280940918763592,1.6255404239251738,1.6568378318652202,0.5967480828929885,1.4628680949414319,1.2852100759735163,1.1470669746620235,0.9962836984869035,1.1629551169694157,1.164465052034765,1.1823829689573957,1.046536093090565,1.6577921827619782,1.02541961233142,1.4196329401685324,1.1426972709023338,1.1846364327493726,1.5118141332518609,2.098738347313273,1.0592092915293527,1.2018628224306371,1.945048112120892,1.3887158956041343,0.9101676450252942,0.9485345390422326
1.0,1.0,1.0,1.0,1.0,1.0,1.0,1.0,1.0,1.0,1.0,1.0,1.0,1.0,1.0,1.0,1.0,1.0,1.0,1.0,1.0,1.0,1.0,1.0,1.0,1.0,1.0,1.0,1.0,1.0,1.0,1.0,1.0,1.0,1.0,1.0,1.0,1.0,1.0,1.0,1.0,1.0,1.0,1.0,1.0,1.0,1.0,1.0,1.0,1.0,1.0,1.0,1.0,1.0,1.0,1.0,1.0,1.0,1.0,1.0,1.0,1.0,1.0,1.0,1.0,1.0,1.0,1.0,1.0,1.0,1.0,1.0,1.0,1.0,1.0,1.0,1.0,1.0,1.0,1.0,1.0,1.0,1.0,1.0,1.0,1.0,1.0,1.0,1.0,1.0,1.0,1.0,1.0,1.0,1.0,1.0,1.0,1.0,1.0,1.0,1.0,1.0,1.0,1.0,1.0,1.0,1.0,1.0,1.0,1.0,1.0,1.0,1.0,1.0,1.0,1.0,1.0,1.0,1.0,1.0,1.0,1.0,1.0,1.0,1.0,1.0,1.0,1.0,1.0,1.0,1.0,1.0,1.0,1.0,1.0,1.0,1.0,1.0,1.0,1.0,1.0,1.0,1.0,1.0,1.0,1.0,1.0,1.0,1.0,1.0,1.0,1.0,1.0,1.0,1.0,1.0,1.0,1.0,1.0,1.0,1.0,1.0,1.0,1.0,1.0,1.0,1.0,1.0,1.0,1.0,1.0,1.0,1.0,1.0,1.0,1.0,1.0,1.0,1.0,1.0,1.0,1.0,1.0,1.0,1.0,1.0,1.0,1.0,1.0,1.0,1.0,1.0,1.0,1.0,1.0,1.0,1.0,1.0,1.0,1.0,1.0,1.0,1.0,1.0,1.0,1.0,1.0,1.0,1.0,1.0,1.0,1.0,1.0,1.0,1.0,1.0,1.0,1.0,1.0,1.0,1.0,1.0,1.0,1.0,1.0,1.0,1.0,1.0,1.0,1.0,1.0,1.0,1.0,1.0,1.0,1.0,1.0,1.0,1.0,1.0,1.0,1.0,1.0,1.0,1.0,1.0,1.0,1.0,1.0,1.0,1.0,1.0,1.0,1.0,1.0,1.0,1.0,1.0,1.0,1.0,1.0,1.0,1.0,1.0,1.0,1.0,1.0,1.0,1.0,1.0,1.0,1.0,1.0,1.0,1.0,1.0,1.0,1.0,1.0,1.0,1.0,1.0,1.0,1.0,1.0,1.0,1.0,1.0,1.0,1.0,1.0,1.0,1.0,1.0,1.0,1.0,1.0,1.0,1.0,1.0,1.0,1.0,1.0,1.0,1.0,1.0,1.0,1.0,1.0,1.0,1.0,1.0,1.0,1.0,1.0,1.0,1.0,1.0,1.0,1.0,1.0,1.0,1.0,1.0,1.0,1.0,1.0,1.0,1.0,1.0,1.0,1.0,1.0,1.0,1.0,1.0,1.0,1.0,1.0,1.0,1.0,1.0,1.0,1.0,1.0,1.0,1.0,1.0,1.0,1.0,1.0,1.0,1.0,1.0,1.0,1.0,0.802909577539408,1.0596355671817639,0.9819697383035293,0.9412429682825881,0.777146455590183,0.6730848924496441,1.0869275312316597,0.9720333693007626,0.8559374022438253,0.8947954149135465,0.877282027098816,0.6192902915048503,0.9602061592341361,1.0162005393631937,0.8769241414164468,0.8192793296469834,0.7192361103201371,0.8783443358684061,0.8825933895671216,0.8710851994407238,0.7204876982519202,0.9226709339610915,0.8316184847428593,0.9217873367780549,0.97704806998607,0.8665544383948033,0.8260892115461966,0.9186111991339188,0.9410316505369752,1.1718786724267498,0.8763932425950054,2.2963279706421122,0.5747467265178501,0.7769991138641751,1.8111546355481254,0.9898066465055924,1.7575339941616992,0.9367294315616828,0.8373189539982797,1.068190185574461,0.7673050055974884,0.9502536798551144,1.1734393011449795,1.4757405386883315,1.0099498901639599,1.0780773914300341,0.968128495437464,1.2962852094806,0.8390944943545753,0.7136922362091787,1.0040376347207671,0.5894174650721298,0.9826784237752616,0.7326762266953295,0.7853409235658317,1.4044268573774699,0.9124873826642808,2.071733221162473,0.7675961912602872,1.121226431615223,0.6974069730290519,0.8019522976960299,0.7547157795412904,0.9828425044180071,1.1865046532415944,0.8280290089676778,0.8511702164472568,0.8555755124283019,0.7788976538795332,0.9517942906470297,2.0461742330521386,1.2225220356899276,1.4867264305288912,1.5629894570190712,0.579859073870804,1.442370641953924,1.2334660696045354,1.097424151081478,0.9368992075525154,1.1081795797456149,1.1069254245801754,1.126686272118897,0.9847784135808086,1.6125226510282378,1.005192107476712,1.3703864008126625,1.07749930520886,1.134390141555763,1.4516108149722506,2.163623530854416,1.0492509746393233,1.1482696687238851,1.846471695945301,1.3243261214833453,0.8906476918886789,0.9100302380828045
1.0,1.0,1.0,1.0,1.0,1.0,1.0,1.0,1.0,1.0,1.0,1.0,1.0,1.0,1.0,1.0,1.0,1.0,1.0,1.0,1.0,1.0,1.0,1.0,1.0,1.0,1.0,1.0,1.0,1.0,1.0,1.0,1.0,1.0,1.0,1.0,1.0,1.0,1.0,1.0,1.0,1.0,1.0,1.0,1.0,1.0,1.0,1.0,1.0,1.0,1.0,1.0,1.0,1.0,1.0,1.0,1.0,1.0,1.0,1.0,1.0,1.0,1.0,1.0,1.0,1.0,1.0,1.0,1.0,1.0,1.0,1.0,1.0,1.0,1.0,1.0,1.0,1.0,1.0,1.0,1.0,1.0,1.0,1.0,1.0,1.0,1.0,1.0,1.0,1.0,1.0,1.0,1.0,1.0,1.0,1.0,1.0,1.0,1.0,1.0,1.0,1.0,1.0,1.0,1.0,1.0,1.0,1.0,1.0,1.0,1.0,1.0,1.0,1.0,1.0,1.0,1.0,1.0,1.0,1.0,1.0,1.0,1.0,1.0,1.0,1.0,1.0,1.0,1.0,1.0,1.0,1.0,1.0,1.0,1.0,1.0,1.0,1.0,1.0,1.0,1.0,1.0,1.0,1.0,1.0,1.0,1.0,1.0,1.0,1.0,1.0,1.0,1.0,1.0,1.0,1.0,1.0,1.0,1.0,1.0,1.0,1.0,1.0,1.0,1.0,1.0,1.0,1.0,1.0,1.0,1.0,1.0,1.0,1.0,1.0,1.0,1.0,1.0,1.0,1.0,1.0,1.0,1.0,1.0,1.0,1.0,1.0,1.0,1.0,1.0,1.0,1.0,1.0,1.0,1.0,1.0,1.0,1.0,1.0,1.0,1.0,1.0,1.0,1.0,1.0,1.0,1.0,1.0,1.0,1.0,1.0,1.0,1.0,1.0,1.0,1.0,1.0,1.0,1.0,1.0,1.0,1.0,1.0,1.0,1.0,1.0,1.0,1.0,1.0,1.0,1.0,1.0,1.0,1.0,1.0,1.0,1.0,1.0,1.0,1.0,1.0,1.0,1.0,1.0,1.0,1.0,1.0,1.0,1.0,1.0,1.0,1.0,1.0,1.0,1.0,1.0,1.0,1.0,1.0,1.0,1.0,1.0,1.0,1.0,1.0,1.0,1.0,1.0,1.0,1.0,1.0,1.0,1.0,1.0,1.0,1.0,1.0,1.0,1.0,1.0,1.0,1.0,1.0,1.0,1.0,1.0,1.0,1.0,1.0,1.0,1.0,1.0,1.0,1.0,1.0,1.0,1.0,1.0,1.0,1.0,1.0,1.0,1.0,1.0,1.0,1.0,1.0,1.0,1.0,1.0,1.0,1.0,1.0,1.0,1.0,1.0,1.0,1.0,1.0,1.0,1.0,1.0,1.0,1.0,1.0,1.0,1.0,1.0,1.0,1.0,1.0,1.0,1.0,1.0,1.0,1.0,1.0,1.0,1.0,1.0,1.0,1.0,1.0,1.0,1.0,1.0,1.0,1.0,1.0,1.0,1.0,1.0,1.0,1.0,1.0,1.0,1.0,1.3226779532733637,1.240529080105611,1.1762852796640313,0.9623915856890395,0.8359839340996247,1.3542695197861092,1.1993956364162839,1.0656715750450756,1.104067093749398,1.086874582619063,0.7694940228000016,1.1976353643040536,1.2299190763899825,1.0831730125695722,1.0108409926491304,0.8902100251582983,1.090303741270695,1.092784469240022,1.084677523253133,0.8986149510592527,1.1451740775209678,1.0262843712733947,1.136954624491732,1.196481640521835,1.065510554361817,1.012206616466964,1.1392171568968747,1.1648861969117947,1.4685335687984113,1.0859980554992816,2.8779614378068796,0.7138214827092335,0.9577869199122051,2.2604064338804077,1.2399867966430134,2.213152408455679,1.1686184464432747,1.0374366103838122,1.3288720734785502,0.9571218238896261,1.1844182019686316,1.4509941513334426,1.8044626771876342,1.2559971282550129,1.3465891144497784,1.2003323532562842,1.5822334805352505,1.047486486035408,0.8861356845738515,1.2404977272405793,0.7251605498056783,1.2045990042083383,0.8997981901604741,0.9719914832355843,1.7314014251937304,1.1292235889589368,2.553981236860155,0.9601601858562248,1.3964035563206703,0.8691609434139411,0.9906844542795648,0.9426705734100667,1.2273523979309395,1.4797363437572937,1.032576851506311,1.06208204796532,1.0688032225609732,0.9600652758699437,1.1911616789976947,2.545924701669249,1.5270208334902162,1.8947181275096043,1.9537368348176467,0.7179309987004747,1.7772976465348067,1.5364818023484934,1.3694267485552514,1.1768866828257472,1.3844130060643298,1.3833110839590024,1.4075165951522115,1.2359673605131183,1.9960253643070902,1.2391944682908935,1.702346818519697,1.3535072289162717,1.4148345081739975,1.806777754257698,2.6104582869151747,1.289270411608415,1.4329833380669084,2.315598200257485,1.655910120994673,1.100500228574771,1.1327904830366815
1.0,1.0,1.0,1.0,1.0,1.0,1.0,1.0,1.0,1.0,1.0,1.0,1.0,1.0,1.0,1.0,1.0,1.0,1.0,1.0,1.0,1.0,1.0,1.0,1.0,1.0,1.0,1.0,1.0,1.0,1.0,1.0,1.0,1.0,1.0,1.0,1.0,1.0,1.0,1.0,1.0,1.0,1.0,1.0,1.0,1.0,1.0,1.0,1.0,1.0,1.0,1.0,1.0,1.0,1.0,1.0,1.0,1.0,1.0,1.0,1.0,1.0,1.0,1.0,1.0,1.0,1.0,1.0,1.0,1.0,1.0,1.0,1.0,1.0,1.0,1.0,1.0,1.0,1.0,1.0,1.0,1.0,1.0,1.0,1.0,1.0,1.0,1.0,1.0,1.0,1.0,1.0,1.0,1.0,1.0,1.0,1.0,1.0,1.0,1.0,1.0,1.0,1.0,1.0,1.0,1.0,1.0,1.0,1.0,1.0,1.0,1.0,1.0,1.0,1.0,1.0,1.0,1.0,1.0,1.0,1.0,1.0,1.0,1.0,1.0,1.0,1.0,1.0,1.0,1.0,1.0,1.0,1.0,1.0,1.0,1.0,1.0,1.0,1.0,1.0,1.0,1.0,1.0,1.0,1.0,1.0,1.0,1.0,1.0,1.0,1.0,1.0,1.0,1.0,1.0,1.0,1.0,1.0,1.0,1.0,1.0,1.0,1.0,1.0,1.0,1.0,1.0,1.0,1.0,1.0,1.0,1.0,1.0,1.0,1.0,1.0,1.0,1.0,1.0,1.0,1.0,1.0,1.0,1.0,1.0,1.0,1.0,1.0,1.0,1.0,1.0,1.0,1.0,1.0,1.0,1.0,1.0,1.0,1.0,1.0,1.0,1.0,1.0,1.0,1.0,1.0,1.0,1.0,1.0,1.0,1.0,1.0,1.0,1.0,1.0,1.0,1.0,1.0,1.0,1.0,1.0,1.0,1.0,1.0,1.0,1.0,1.0,1.0,1.0,1.0,1.0,1.0,1.0,1.0,1.0,1.0,1.0,1.0,1.0,1.0,1.0,1.0,1.0,1.0,1.0,1.0,1.0,1.0,1.0,1.0,1.0,1.0,1.0,1.0,1.0,1.0,1.0,1.0,1.0,1.0,1.0,1.0,1.0,1.0,1.0,1.0,1.0,1.0,1.0,1.0,1.0,1.0,1.0,1.0,1.0,1.0,1.0,1.0,1.0,1.0,1.0,1.0,1.0,1.0,1.0,1.0,1.0,1.0,1.0,1.0,1.0,1.0,1.0,1.0,1.0,1.0,1.0,1.0,1.0,1.0,1.0,1.0,1.0,1.0,1.0,1.0,1.0,1.0,1.0,1.0,1.0,1.0,1.0,1.0,1.0,1.0,1.0,1.0,1.0,1.0,1.0,1.0,1.0,1.0,1.0,1.0,1.0,1.0,1.0,1.0,1.0,1.0,1.0,1.0,1.0,1.0,1.0,1.0,1.0,1.0,1.0,1.0,1.0,1.0,1.0,1.0,1.0,1.0,1.0,1.0,1.0,1.0,1.0,1.0,1.0,1.0,1.0,1.0,0.9397607090405641,0.888721868242679,0.7260237974000302,0.6307353591043157,1.0232643584612955,0.9045127219366461,0.8044661200841285,0.8323305429180566,0.8200796999482138,0.580833002203238,0.9046051260030914,0.9259400340234636,0.8167785873942026,0.7622799137958745,0.6711892161827337,0.823038922536264,0.8244385768688401,0.8188517828673026,0.6793572118739568,0.8645108033849014,0.7733446001042894,0.8571428379025023,0.9006746920165154,0.8019809931865214,0.7618345026851152,0.8597840841877158,0.8786535907902474,1.1110737343644042,0.819041221541862,2.178216068838978,0.5387384566431567,0.7227890329954905,1.7073015893091674,0.9375455701513254,1.6745822194340723,0.882182000671768,0.782064446060613,1.0037848256707536,0.7229887564712216,0.8935260236008491,1.0952905430850328,1.3611848937467275,0.9482717213184413,1.0168827353303083,0.9060183795341534,1.1910992396422482,0.7911743236739694,0.6690517219043993,0.9354015416410157,0.5464045997826654,0.9080634001136743,0.6777709677143986,0.7330661264530987,1.306052033468052,0.8518919647592085,1.9277771700187107,0.725294347957192,1.0546367102176752,0.6562336250875458,0.7468689081085691,0.7121192981120816,0.9271075895481143,1.1176184208099316,0.7793653359152808,0.8023824035059717,0.8074608494647035,0.7237292780513342,0.9000699367807001,1.9221553758209362,1.1532259895388197,1.4355054439273331,1.4770094514642325,0.5416164895622937,1.3409599306202173,1.1615416862915235,1.0344270934552577,0.890406537727635,1.046276587781562,1.0451343759085985,1.062993179500702,0.9347127720328325,1.5064204272053743,0.9338538932385401,1.2846413892792246,1.024428229153932,1.0687285704295764,1.363723151827272,1.9613662480018084,0.9713816313511003,1.0822777014859244,1.7473832310493695,1.2508992839289996,0.8302331883629974,0.8550222695510106
1.0,1.0,1.0,1.0,1.0,1.0,1.0,1.0,1.0,1.0,1.0,1.0,1.0,1.0,1.0,1.0,1.0,1.0,1.0,1.0,1.0,1.0,1.0,1.0,1.0,1.0,1.0,1.0,1.0,1.0,1.0,1.0,1.0,1.0,1.0,1.0,1.0,1.0,1.0,1.0,1.0,1.0,1.0,1.0,1.0,1.0,1.0,1.0,1.0,1.0,1.0,1.0,1.0,1.0,1.0,1.0,1.0,1.0,1.0,1.0,1.0,1.0,1.0,1.0,1.0,1.0,1.0,1.0,1.0,1.0,1.0,1.0,1.0,1.0,1.0,1.0,1.0,1.0,1.0,1.0,1.0,1.0,1.0,1.0,1.0,1.0,1.0,1.0,1.0,1.0,1.0,1.0,1.0,1.0,1.0,1.0,1.0,1.0,1.0,1.0,1.0,1.0,1.0,1.0,1.0,1.0,1.0,1.0,1.0,1.0,1.0,1.0,1.0,1.0,1.0,1.0,1.0,1.0,1.0,1.0,1.0,1.0,1.0,1.0,1.0,1.0,1.0,1.0,1.0,1.0,1.0,1.0,1.0,1.0,1.0,1.0,1.0,1.0,1.0,1.0,1.0,1.0,1.0,1.0,1.0,1.0,1.0,1.0,1.0,1.0,1.0,1.0,1.0,1.0,1.0,1.0,1.0,1.0,1.0,1.0,1.0,1.0,1.0,1.0,1.0,1.0,1.0,1.0,1.0,1.0,1.0,1.0,1.0,1.0,1.0,1.0,1.0,1.0,1.0,1.0,1.0,1.0,1.0,1.0,1.0,1.0,1.0,1.0,1.0,1.0,1.0,1.0,1.0,1.0,1.0,1.0,1.0,1.0,1.0,1.0,1.0,1.0,1.0,1.0,1.0,1.0,1.0,1.0,1.0,1.0,1.0,1.0,1.0,1.0,1.0,1.0,1.0,1.0,1.0,1.0,1.0,1.0,1.0,1.0,1.0,1.0,1.0,1.0,1.0,1.0,1.0,1.0,1.0,1.0,1.0,1.0,1.0,1.0,1.0,1.0,1.0,1.0,1.0,1.0,1.0,1.0,1.0,1.0,1.0,1.0,1.0,1.0,1.0,1.0,1.0,1.0,1.0,1.0,1.0,1.0,1.0,1.0,1.0,1.0,1.0,1.0,1.0,1.0,1.0,1.0,1.0,1.0,1.0,1.0,1.0,1.0,1.0,1.0,1.0,1.0,1.0,1.0,1.0,1.0,1.0,1.0,1.0,1.0,1.0,1.0,1.0,1.0,1.0,1.0,1.0,1.0,1.0,1.0,1.0,1.0,1.0,1.0,1.0,1.0,1.0,1.0,1.0,1.0,1.0,1.0,1.0,1.0,1.0,1.0,1.0,1.0,1.0,1.0,1.0,1.0,1.0,1.0,1.0,1.0,1.0,1.0,1.0,1.0,1.0,1.0,1.0,1.0,1.0,1.0,1.0,1.0,1.0,1.0,1.0,1.0,1.0,1.0,1.0,1.0,1.0,1.0,1.0,1.0,1.0,1.0,1.0,1.0,1.0,1.0,1.0,1.0,1.0,1.0,1.0,0.93494882833006,0.7574330870361863,0.6592104503614986,1.0738984670259355,0.9393888839746176,0.8433010350859946,0.864028302965846,0.8564944457504959,0.6079944214754951,0.9498893331946552,0.9388784546094286,0.8487381553315594,0.7925564458541303,0.7008839219779053,0.860054804891718,0.8594598504153099,0.8582786515719306,0.7132630135576229,0.9051777208075726,0.802920519849104,0.8895322650546135,0.9281475920871101,0.8295732561599028,0.7862514082082959,0.8988126747542482,0.9151616509222349,1.1735263422718296,0.8555619537682531,2.2946952437019434,0.5634143231702518,0.7501181359959683,1.7887900251597686,0.9883106991268843,1.7748053497525471,0.926395046260648,0.8165694116517621,1.0506986929369737,0.7595786805837841,0.9376334115787289,1.1377472538059181,1.3976920939008415,0.9913030413822821,1.0720710696063551,0.9476575421937237,1.219217692336564,0.8311649216453438,0.6982504027852992,0.9757887142857804,0.5655499763891703,0.9356764268882881,0.7001025969017749,0.76309704534465,1.3538861178458679,0.8875792297755671,1.9981680674120554,0.7641316492324934,1.1066181639675035,0.6888878394742142,0.7780459143443601,0.7492776835466893,0.9745811649690873,1.1729235376786318,0.8172476314035114,0.842396747726198,0.8496185497114455,0.750136331635287,0.9473408995766205,2.01803153712569,1.2128649484863185,1.5422916324036602,1.5601068969606762,0.5643891955092013,1.3859330904437774,1.217397354988473,1.086069432652792,0.9419201150845686,1.100677716970401,1.1003152038457105,1.1181090746450955,0.9887950744536971,1.5683192170968745,0.9696394823269969,1.339176663856304,1.083417321243088,1.1216614579809523,1.4302528307925422,1.9891763381668448,1.0033753132420395,1.1372479482190754,1.843406871560692,1.3157940724821935,0.8620433372599368,0.8964624627062472
1.0,1.0,1.0,1.0,1.0,1.0,1.0,1.0,1.0,1.0,1.0,1.0,1.0,1.0,1.0,1.0,1.0,1.0,1.0,1.0,1.0,1.0,1.0,1.0,1.0,1.0,1.0,1.0,1.0,1.0,1.0,1.0,1.0,1.0,1.0,1.0,1.0,1.0,1.0,1.0,1.0,1.0,1.0,1.0,1.0,1.0,1.0,1.0,1.0,1.0,1.0,1.0,1.0,1.0,1.0,1.0,1.0,1.0,1.0,1.0,1.0,1.0,1.0,1.0,1.0,1.0,1.0,1.0,1.0,1.0,1.0,1.0,1.0,1.0,1.0,1.0,1.0,1.0,1.0,1.0,1.0,1.0,1.0,1.0,1.0,1.0,1.0,1.0,1.0,1.0,1.0,1.0,1.0,1.0,1.0,1.0,1.0,1.0,1.0,1.0,1.0,1.0,1.0,1.0,1.0,1.0,1.0,1.0,1.0,1.0,1.0,1.0,1.0,1.0,1.0,1.0,1.0,1.0,1.0,1.0,1.0,1.0,1.0,1.0,1.0,1.0,1.0,1.0,1.0,1.0,1.0,1.0,1.0,1.0,1.0,1.0,1.0,1.0,1.0,1.0,1.0,1.0,1.0,1.0,1.0,1.0,1.0,1.0,1.0,1.0,1.0,1.0,1.0,1.0,1.0,1.0,1.0,1.0,1.0,1.0,1.0,1.0,1.0,1.0,1.0,1.0,1.0,1.0,1.0,1.0,1.0,1.0,1.0,1.0,1.0,1.0,1.0,1.0,1.0,1.0,1.0,1.0,1.0,1.0,1.0,1.0,1.0,1.0,1.0,1.0,1.0,1.0,1.0,1.0,1.0,1.0,1.0,1.0,1.0,1.0,1.0,1.0,1.0,1.0,1.0,1.0,1.0,1.0,1.0,1.0,1.0,1.0,1.0,1.0,1.0,1.0,1.0,1.0,1.0,1.0,1.0,1.0,1.0,1.0,1.0,1.0,1.0,1.0,1.0,1.0,1.0,1.0,1.0,1.0,1.0,1.0,1.0,1.0,1.0,1.0,1.0,1.0,1.0,1.0,1.0,1.0,1.0,1.0,1.0,1.0,1.0,1.0,1.0,1.0,1.0,1.0,1.0,1.0,1.0,1.0,1.0,1.0,1.0,1.0,1.0,1.0,1.0,1.0,1.0,1.0,1.0,1.0,1.0,1.0,1.0,1.0,1.0,1.0,1.0,1.0,1.0,1.0,1.0,1.0,1.0,1.0,1.0,1.0,1.0,1.0,1.0,1.0,1.0,1.0,1.0,1.0,1.0,1.0,1.0,1.0,1.0,1.0,1.0,1.0,1.0,1.0,1.0,1.0,1.0,1.0,1.0,1.0,1.0,1.0,1.0,1.0,1.0,1.0,1.0,1.0,1.0,1.0,1.0,1.0,1.0,1.0,1.0,1.0,1.0,1.0,1.0,1.0,1.0,1.0,1.0,1.0,1.0,1.0,1.0,1.0,1.0,1.0,1.0,1.0,1.0,1.0,1.0,1.0,1.0,1.0,1.0,1.0,1.0,1.0,1.0,1.0,1.0,1.0,1.0,1.0,0.8160614232855364,0.7091459275208079,1.1506461171684625,1.0156157923063311,0.9049148714483,0.9347722543091466,0.9218919469943292,0.6531376983192054,1.017426637475888,1.0345610645307208,0.9174159328415118,0.856255307791022,0.7548643064132708,0.9250327576074487,0.9264501630848418,0.9209405251845195,0.7636663442557458,0.9721747623696616,0.8688420877488848,0.9625200990673137,1.0107820753035015,0.900943947084168,0.8554234050599704,0.966571930084028,0.9872371042797403,1.2503440821122442,0.9210247465958715,2.4480882609459704,0.6057308999813585,0.8111515022136746,1.9192257214973523,1.0546934246711013,1.88581855673961,0.992715696656228,0.879695965890263,1.1281010553943078,0.8133277692331757,1.0057501522987662,1.2292393809956816,1.523442588078387,1.065759930073786,1.145413059131924,1.0186414247310396,1.334425783379942,0.8900542126285989,0.7515781086591498,1.0517356858812528,0.6134302302027727,1.017990755579198,0.760657582069019,0.8235720500869943,1.4658894098598096,0.9571758683381129,2.1620063892422285,0.8164215430172861,1.1861382265689457,0.7382997408299444,0.8394837887522291,0.801370889637538,1.0430186759351034,1.2569032823598487,0.8767224258090497,0.9022440772137443,0.9087038844177863,0.8125076642502623,1.012626395671375,2.1624981325382215,1.2978171957554547,1.6206622496946046,1.662494880554517,0.6085438085227236,1.503530253093083,1.3049660382542065,1.1634049827712332,1.0023401074783926,1.1769825937412186,1.1763545427951674,1.1962697711098271,1.052537829533351,1.6916423867102646,1.0492760931727294,1.4427352870028258,1.1528118296183358,1.201818933899105,1.5342900864386502,2.195176593367799,1.0901181302131997,1.2176255013115662,1.9687846582992785,1.4073762307733382,0.9319345084575925,0.9618779239105767
1.0,1.0,1.0,1.0,1.0,1.0,1.0,1.0,1.0,1.0,1.0,1.0,1.0,1.0,1.0,1.0,1.0,1.0,1.0,1.0,1.0,1.0,1.0,1.0,1.0,1.0,1.0,1.0,1.0,1.0,1.0,1.0,1.0,1.0,1.0,1.0,1.0,1.0,1.0,1.0,1.0,1.0,1.0,1.0,1.0,1.0,1.0,1.0,1.0,1.0,1.0,1.0,1.0,1.0,1.0,1.0,1.0,1.0,1.0,1.0,1.0,1.0,1.0,1.0,1.0,1.0,1.0,1.0,1.0,1.0,1.0,1.0,1.0,1.0,1.0,1.0,1.0,1.0,1.0,1.0,1.0,1.0,1.0,1.0,1.0,1.0,1.0,1.0,1.0,1.0,1.0,1.0,1.0,1.0,1.0,1.0,1.0,1.0,1.0,1.0,1.0,1.0,1.0,1.0,1.0,1.0,1.0,1.0,1.0,1.0,1.0,1.0,1.0,1.0,1.0,1.0,1.0,1.0,1.0,1.0,1.0,1.0,1.0,1.0,1.0,1.0,1.0,1.0,1.0,1.0,1.0,1.0,1.0,1.0,1.0,1.0,1.0,1.0,1.0,1.0,1.0,1.0,1.0,1.0,1.0,1.0,1.0,1.0,1.0,1.0,1.0,1.0,1.0,1.0,1.0,1.0,1.0,1.0,1.0,1.0,1.0,1.0,1.0,1.0,1.0,1.0,1.0,1.0,1.0,1.0,1.0,1.0,1.0,1.0,1.0,1.0,1.0,1.0,1.0,1.0,1.0,1.0,1.0,1.0,1.0,1.0,1.0,1.0,1.0,1.0,1.0,1.0,1.0,1.0,1.0,1.0,1.0,1.0,1.0,1.0,1.0,1.0,1.0,1.0,1.0,1.0,1.0,1.0,1.0,1.0,1.0,1.0,1.0,1.0,1.0,1.0,1.0,1.0,1.0,1.0,1.0,1.0,1.0,1.0,1.0,1.0,1.0,1.0,1.0,1.0,1.0,1.0,1.0,1.0,1.0,1.0,1.0,1.0,1.0,1.0,1.0,1.0,1.0,1.0,1.0,1.0,1.0,1.0,1.0,1.0,1.0,1.0,1.0,1.0,1.0,1.0,1.0,1.0,1.0,1.0,1.0,1.0,1.0,1.0,1.0,1.0,1.0,1.0,1.0,1.0,1.0,1.0,1.0,1.0,1.0,1.0,1.0,1.0,1.0,1.0,1.0,1.0,1.0,1.0,1.0,1.0,1.0,1.0,1.0,1.0,1.0,1.0,1.0,1.0,1.0,1.0,1.0,1.0,1.0,1.0,1.0,1.0,1.0,1.0,1.0,1.0,1.0,1.0,1.0,1.0,1.0,1.0,1.0,1.0,1.0,1.0,1.0,1.0,1.0,1.0,1.0,1.0,1.0,1.0,1.0,1.0,1.0,1.0,1.0,1.0,1.0,1.0,1.0,1.0,1.0,1.0,1.0,1.0,1.0,1.0,1.0,1.0,1.0,1.0,1.0,1.0,1.0,1.0,1.0,1.0,1.0,1.0,1.0,1.0,1.0,1.0,1.0,1.0,1.0,1.0,1.0,0.8670107792847311,1.4023928619531985,1.2475415752538326,1.1042844252960486,1.1478486840577795,1.1281059864738818,0.7977107988656837,1.2396267199506648,1.289238265735425,1.126246957066106,1.051173363171146,0.9238500785263009,1.1312663289804812,1.1348438716143843,1.1235177753936667,0.9306700849744468,1.188427144189622,1.067357224574439,1.182254726424397,1.2479310109936315,1.1093840132441986,1.0553292044677267,1.1823561008888175,1.2096925635961526,1.518688365516067,1.1276365800041699,2.969027747635665,0.7402158311880128,0.9967810997736325,2.341529094037867,1.2812854509700835,2.2832142686553554,1.2098116021278231,1.0768502267362292,1.3772706207420524,0.9908559778824351,1.226006152291026,1.5082318932867302,1.8887567074969294,1.3021290412880884,1.3929692390012065,1.245907406627851,1.6536963883780817,1.0841686645857058,0.9194628956544919,1.288859470917021,0.75484863091775,1.25698192910149,0.9376566213207933,1.0094966710100195,1.8015923376563419,1.1722117551344358,2.6582189398750065,0.9928589406056133,1.4457593244659002,0.8998300867961577,1.02901549693954,0.9752257191479484,1.2700442893003188,1.5319829427882756,1.0692967038693453,1.0995966828556205,1.1067633706645759,0.99938822998785,1.2313884828211443,2.638184246599652,1.5798562232081066,1.9464361393522642,2.0166500783606116,0.7457423058368151,1.8498446642902402,1.5920142276446934,1.417790916710358,1.2148270902410587,1.4324718141803123,1.430854963634903,1.4558853971281915,1.2765427749120328,2.0735281585488723,1.2885574205340204,1.761663476533601,1.398420286632228,1.465140871966772,1.872798019337952,2.7411296459626606,1.3440027679956108,1.4831143963605933,2.3916718607602494,1.7130528917703027,1.144593837788773,1.1734030476611956
1.0,1.0,1.0,1.0,1.0,1.0,1.0,1.0,1.0,1.0,1.0,1.0,1.0,1.0,1.0,1.0,1.0,1.0,1.0,1.0,1.0,1.0,1.0,1.0,1.0,1.0,1.0,1.0,1.0,1.0,1.0,1.0,1.0,1.0,1.0,1.0,1.0,1.0,1.0,1.0,1.0,1.0,1.0,1.0,1.0,1.0,1.0,1.0,1.0,1.0,1.0,1.0,1.0,1.0,1.0,1.0,1.0,1.0,1.0,1.0,1.0,1.0,1.0,1.0,1.0,1.0,1.0,1.0,1.0,1.0,1.0,1.0,1.0,1.0,1.0,1.0,1.0,1.0,1.0,1.0,1.0,1.0,1.0,1.0,1.0,1.0,1.0,1.0,1.0,1.0,1.0,1.0,1.0,1.0,1.0,1.0,1.0,1.0,1.0,1.0,1.0,1.0,1.0,1.0,1.0,1.0,1.0,1.0,1.0,1.0,1.0,1.0,1.0,1.0,1.0,1.0,1.0,1.0,1.0,1.0,1.0,1.0,1.0,1.0,1.0,1.0,1.0,1.0,1.0,1.0,1.0,1.0,1.0,1.0,1.0,1.0,1.0,1.0,1.0,1.0,1.0,1.0,1.0,1.0,1.0,1.0,1.0,1.0,1.0,1.0,1.0,1.0,1.0,1.0,1.0,1.0,1.0,1.0,1.0,1.0,1.0,1.0,1.0,1.0,1.0,1.0,1.0,1.0,1.0,1.0,1.0,1.0,1.0,1.0,1.0,1.0,1.0,1.0,1.0,1.0,1.0,1.0,1.0,1.0,1.0,1.0,1.0,1.0,1.0,1.0,1.0,1.0,1.0,1.0,1.0,1.0,1.0,1.0,1.0,1.0,1.0,1.0,1.0,1.0,1.0,1.0,1.0,1.0,1.0,1.0,1.0,1.0,1.0,1.0,1.0,1.0,1.0,1.0,1.0,1.0,1.0,1.0,1.0,1.0,1.0,1.0,1.0,1.0,1.0,1.0,1.0,1.0,1.0,1.0,1.0,1.0,1.0,1.0,1.0,1.0,1.0,1.0,1.0,1.0,1.0,1.0,1.0,1.0,1.0,1.0,1.0,1.0,1.0,1.0,1.0,1.0,1.0,1.0,1.0,1.0,1.0,1.0,1.0,1.0,1.0,1.0,1.0,1.0,1.0,1.0,1.0,1.0,1.0,1.0,1.0,1.0,1.0,1.0,1.0,1.0,1.0,1.0,1.0,1.0,1.0,1.0,1.0,1.0,1.0,1.0,1.0,1.0,1.0,1.0,1.0,1.0,1.0,1.0,1.0,1.0,1.0,1.0,1.0,1.0,1.0,1.0,1.0,1.0,1.0,1.0,1.0,1.0,1.0,1.0,1.0,1.0,1.0,1.0,1.0,1.0,1.0,1.0,1.0,1.0,1.0,1.0,1.0,1.0,1.0,1.0,1.0,1.0,1.0,1.0,1.0,1.0,1.0,1.0,1.0,1.0,1.0,1.0,1.0,1.0,1.0,1.0,1.0,1.0,1.0,1.0,1.0,1.0,1.0,1.0,1.0,1.0,1.0,1.0,1.0,1.0,1.0,1.0,1.617040096779264,1.4369302413584388,1.2734501847176176,1.3222417439661984,1.2995563724350805,0.9194351418078116,1.4300666063934995,1.4823131271080423,1.2971711547032525,1.2100976653860331,1.064021314255158,1.3037633423748962,1.3074356304027943,1.295476069335592,1.0736141328467397,1.3687789682323905,1.2292322573241765,1.3618585104968668,1.4345396169812226,1.2766919418682132,1.2134389693904464,1.3620677650870279,1.3940976731941013,1.7511496349509492,1.298264651086905,3.4314342386606906,0.8532957902840244,1.1474515483853132,2.7030752899746453,1.4790094836464178,2.637465703466282,1.395803342590777,1.2407400781621398,1.5880674918012903,1.1427373807672172,1.414618435044383,1.7384225038962722,2.1718552246401988,1.502421427782307,1.6056940718489356,1.4346165510564646,1.9026616626025445,1.2510058645715678,1.0601510381926773,1.4831211702325997,0.8689810072807713,1.4465097995356486,1.0790796441755535,1.1635270971227163,2.0747711362117505,1.3509646042824013,3.0612840154610534,1.145467051772787,1.6673256056623011,1.0376503130382786,1.1845055658533472,1.1250164675268797,1.465412710016686,1.7676793286983532,1.2338328099234952,1.2686908820668887,1.2761014840169667,1.1507190652390855,1.4218653993247297,3.0421842573859266,1.8230692473458556,2.2512134752293407,2.3262166344700423,0.8589393076701171,2.1318917725473794,1.8365129151670903,1.6356666520557368,1.402508178149119,1.6528148490205725,1.6501224300926058,1.6796200844112545,1.4726557329439312,2.3890734085928758,1.4840321455968986,2.035200328059106,1.6145440893835001,1.6901426514393973,2.1584468502541263,3.145334731775321,1.5465304078318112,1.7109945091284002,2.763114334589485,1.9772941759511466,1.3185717601335614,1.352881944567443
1.0,1.0,1.0,1.0,1.0,1.0,1.0,1.0,1.0,1.0,1.0,1.0,1.0,1.0,1.0,1.0,1.0,1.0,1.0,1.0,1.0,1.0,1.0,1.0,1.0,1.0,1.0,1.0,1.0,1.0,1.0,1.0,1.0,1.0,1.0,1.0,1.0,1.0,1.0,1.0,1.0,1.0,1.0,1.0,1.0,1.0,1.0,1.0,1.0,1.0,1.0,1.0,1.0,1.0,1.0,1.0,1.0,1.0,1.0,1.0,1.0,1.0,1.0,1.0,1.0,1.0,1.0,1.0,1.0,1.0,1.0,1.0,1.0,1.0,1.0,1.0,1.0,1.0,1.0,1.0,1.0,1.0,1.0,1.0,1.0,1.0,1.0,1.0,1.0,1.0,1.0,1.0,1.0,1.0,1.0,1.0,1.0,1.0,1.0,1.0,1.0,1.0,1.0,1.0,1.0,1.0,1.0,1.0,1.0,1.0,1.0,1.0,1.0,1.0,1.0,1.0,1.0,1.0,1.0,1.0,1.0,1.0,1.0,1.0,1.0,1.0,1.0,1.0,1.0,1.0,1.0,1.0,1.0,1.0,1.0,1.0,1.0,1.0,1.0,1.0,1.0,1.0,1.0,1.0,1.0,1.0,1.0,1.0,1.0,1.0,1.0,1.0,1.0,1.0,1.0,1.0,1.0,1.0,1.0,1.0,1.0,1.0,1.0,1.0,1.0,1.0,1.0,1.0,1.0,1.0,1.0,1.0,1.0,1.0,1.0,1.0,1.0,1.0,1.0,1.0,1.0,1.0,1.0,1.0,1.0,1.0,1.0,1.0,1.0,1.0,1.0,1.0,1.0,1.0,1.0,1.0,1.0,1.0,1.0,1.0,1.0,1.0,1.0,1.0,1.0,1.0,1.0,1.0,1.0,1.0,1.0,1.0,1.0,1.0,1.0,1.0,1.0,1.0,1.0,1.0,1.0,1.0,1.0,1.0,1.0,1.0,1.0,1.0,1.0,1.0,1.0,1.0,1.0,1.0,1.0,1.0,1.0,1.0,1.0,1.0,1.0,1.0,1.0,1.0,1.0,1.0,1.0,1.0,1.0,1.0,1.0,1.0,1.0,1.0,1.0,1.0,1.0,1.0,1.0,1.0,1.0,1.0,1.0,1.0,1.0,1.0,1.0,1.0,1.0,1.0,1.0,1.0,1.0,1.0,1.0,1.0,1.0,1.0,1.0,1.0,1.0,1.0,1.0,1.0,1.0,1.0,1.0,1.0,1.0,1.0,1.0,1.0,1.0,1.0,1.0,1.0,1.0,1.0,1.0,1.0,1.0,1.0,1.0,1.0,1.0,1.0,1.0,1.0,1.0,1.0,1.0,1.0,1.0,1.0,1.0,1.0,1.0,1.0,1.0,1.0,1.0,1.0,1.0,1.0,1.0,1.0,1.0,1.0,1.0,1.0,1.0,1.0,1.0,1.0,1.0,1.0,1.0,1.0,1.0,1.0,1.0,1.0,1.0,1.0,1.0,1.0,1.0,1.0,1.0,1.0,1.0,1.0,1.0,1.0,1.0,1.0,1.0,1.0,1.0,1.0,1.0,1.0,1.0,0.8827719084361594,0.7853656022070131,0.8128440599795955,0.801300388808533,0.5675420924871677,0.8834696844091096,0.9027250932688156,0.7973117828486457,0.7446534798850821,0.6564461309476535,0.803573738512379,0.8051338501165128,0.7998749458079293,0.6629911458704619,0.8445519961274828,0.7548965968555126,0.8369119549102236,0.880315182532384,0.7834962008763722,0.7446630001306228,0.8397549325396292,0.8578992035723707,1.0848291123031004,0.8003221344007837,2.1300010306751034,0.5262044383057292,0.7055977888436372,1.6636049345178043,0.9156331792695331,1.6343581948374852,0.8612198340840478,0.7640208041427395,0.9800318757906933,0.7062178104091268,0.8727302050622504,1.0680501707622083,1.3226070593549366,0.9249287115649156,0.9943930859502077,0.8853626598621473,1.1612241853700729,0.7723020643455899,0.652649759330053,0.9149075843705341,0.5337135097547714,0.8853963996413783,0.6616069458149233,0.7155075381454926,1.2746528784913442,0.8323627829487499,1.879914529783389,0.7084263717282779,1.0307771250930537,0.6412435962395793,0.7305849996370251,0.6957046047298776,0.9052483558003461,1.0910478555537402,0.760496978052369,0.7831301855966356,0.7880476530865899,0.706080130322049,0.8784458813592297,1.8771028413632167,1.1260398006529884,1.400685477797916,1.447056647861936,0.5288200705977424,1.3072500848640938,1.133315694617486,1.0095904490691523,0.8698153189881606,1.0216029331888206,1.0212674460408389,1.0384788760184054,0.9133156768182654,1.4704267230965082,0.9123510690994412,1.2554525256816809,0.9993446115577831,1.0431459999641193,1.3319806297815804,1.9139158636929858,0.947576217908652,1.0569264269042098,1.7046237993488944,1.2205957216000325,0.8097765650384419,0.8354412750512373
1.0,1.0,1.0,1.0,1.0,1.0,1.0,1.0,1.0,1.0,1.0,1.0,1.0,1.0,1.0,1.0,1.0,1.0,1.0,1.0,1.0,1.0,1.0,1.0,1.0,1.0,1.0,1.0,1.0,1.0,1.0,1.0,1.0,1.0,1.0,1.0,1.0,1.0,1.0,1.0,1.0,1.0,1.0,1.0,1.0,1.0,1.0,1.0,1.0,1.0,1.0,1.0,1.0,1.0,1.0,1.0,1.0,1.0,1.0,1.0,1.0,1.0,1.0,1.0,1.0,1.0,1.0,1.0,1.0,1.0,1.0,1.0,1.0,1.0,1.0,1.0,1.0,1.0,1.0,1.0,1.0,1.0,1.0,1.0,1.0,1.0,1.0,1.0,1.0,1.0,1.0,1.0,1.0,1.0,1.0,1.0,1.0,1.0,1.0,1.0,1.0,1.0,1.0,1.0,1.0,1.0,1.0,1.0,1.0,1.0,1.0,1.0,1.0,1.0,1.0,1.0,1.0,1.0,1.0,1.0,1.0,1.0,1.0,1.0,1.0,1.0,1.0,1.0,1.0,1.0,1.0,1.0,1.0,1.0,1.0,1.0,1.0,1.0,1.0,1.0,1.0,1.0,1.0,1.0,1.0,1.0,1.0,1.0,1.0,1.0,1.0,1.0,1.0,1.0,1.0,1.0,1.0,1.0,1.0,1.0,1.0,1.0,1.0,1.0,1.0,1.0,1.0,1.0,1.0,1.0,1.0,1.0,1.0,1.0,1.0,1.0,1.0,1.0,1.0,1.0,1.0,1.0,1.0,1.0,1.0,1.0,1.0,1.0,1.0,1.0,1.0,1.0,1.0,1.0,1.0,1.0,1.0,1.0,1.0,1.0,1.0,1.0,1.0,1.0,1.0,1.0,1.0,1.0,1.0,1.0,1.0,1.0,1.0,1.0,1.0,1.0,1.0,1.0,1.0,1.0,1.0,1.0,1.0,1.0,1.0,1.0,1.0,1.0,1.0,1.0,1.0,1.0,1.0,1.0,1.0,1.0,1.0,1.0,1.0,1.0,1.0,1.0,1.0,1.0,1.0,1.0,1.0,1.0,1.0,1.0,1.0,1.0,1.0,1.0,1.0,1.0,1.0,1.0,1.0,1.0,1.0,1.0,1.0,1.0,1.0,1.0,1.0,1.0,1.0,1.0,1.0,1.0,1.0,1.0,1.0,1.0,1.0,1.0,1.0,1.0,1.0,1.0,1.0,1.0,1.0,1.0,1.0,1.0,1.0,1.0,1.0,1.0,1.0,1.0,1.0,1.0,1.0,1.0,1.0,1.0,1.0,1.0,1.0,1.0,1.0,1.0,1.0,1.0,1.0,1.0,1.0,1.0,1.0,1.0,1.0,1.0,1.0,1.0,1.0,1.0,1.0,1.0,1.0,1.0,1.0,1.0,1.0,1.0,1.0,1.0,1.0,1.0,1.0,1.0,1.0,1.0,1.0,1.0,1.0,1.0,1.0,1.0,1.0,1.0,1.0,1.0,1.0,1.0,1.0,1.0,1.0,1.0,1.0,1.0,1.0,1.0,1.0,1.0,1.0,1.0,1.0,1.0,1.0,1.0,0.8812093446504886,0.9194191519115065,0.9012047262757212,0.6365003510196304,0.9884800100505853,1.0444054164505947,0.9017443374316144,0.8411797946773496,0.7374993572960205,0.9037355348261407,0.9073989353310044,0.8959435689672546,0.742620796875437,0.9481053159647678,0.8547033421610168,0.9473086339887247,1.0008739625624437,0.8888897168190462,0.846089007565729,0.9442141687710621,0.9678482311608496,1.2073577404390876,0.8999269480722619,2.3659970109274933,0.5910610841426096,0.7987567325696736,1.8712768395535688,1.0199553966339745,1.8142420664530523,0.9646546209385517,0.8601173364704395,1.0998156567042534,0.7896324314149241,0.9774832054026991,1.209486376786145,1.5241295036756566,1.0413406076484621,1.1070407930277377,0.994150139133765,1.332972573725074,0.8645363657981069,0.7354509747025478,1.0287302109751708,0.6051176109399774,1.010901600277827,0.752574022071546,0.8080226205870317,1.4445080285379424,0.9375485381619946,2.1336606589164955,0.7902026388269672,1.1526938586867541,0.717075999227054,0.8219365073330943,0.7766105167780489,1.0122604666466084,1.2223322764644564,0.8533245687296305,0.8772023896472121,0.8814668623375852,0.8013148817971448,0.98149392744234,2.1049056784019875,1.259081448460577,1.5373667462310254,1.6023946861009621,0.5961315648351193,1.4869649266266307,1.2718163035033574,1.1308026791608325,0.965442765374528,1.1415502517601128,1.13838260621961,1.1594162852257386,1.0137212246548435,1.6591274566509373,1.0317629448063839,1.4102021150755157,1.112727224427334,1.1687922151126426,1.4929144594673862,2.2162748273449955,1.0787424943505362,1.182136166175404,1.9040914202441506,1.3656398768159173,0.9172597454514001,0.9355409344886999
1.0,1.0,1.0,1.0,1.0,1.0,1.0,1.0,1.0,1.0,1.0,1.0,1.0,1.0,1.0,1.0,1.0,1.0,1.0,1.0,1.0,1.0,1.0,1.0,1.0,1.0,1.0,1.0,1.0,1.0,1.0,1.0,1.0,1.0,1.0,1.0,1.0,1.0,1.0,1.0,1.0,1.0,1.0,1.0,1.0,1.0,1.0,1.0,1.0,1.0,1.0,1.0,1.0,1.0,1.0,1.0,1.0,1.0,1.0,1.0,1.0,1.0,1.0,1.0,1.0,1.0,1.0,1.0,1.0,1.0,1.0,1.0,1.0,1.0,1.0,1.0,1.0,1.0,1.0,1.0,1.0,1.0,1.0,1.0,1.0,1.0,1.0,1.0,1.0,1.0,1.0,1.0,1.0,1.0,1.0,1.0,1.0,1.0,1.0,1.0,1.0,1.0,1.0,1.0,1.0,1.0,1.0,1.0,1.0,1.0,1.0,1.0,1.0,1.0,1.0,1.0,1.0,1.0,1.0,1.0,1.0,1.0,1.0,1.0,1.0,1.0,1.0,1.0,1.0,1.0,1.0,1.0,1.0,1.0,1.0,1.0,1.0,1.0,1.0,1.0,1.0,1.0,1.0,1.0,1.0,1.0,1.0,1.0,1.0,1.0,1.0,1.0,1.0,1.0,1.0,1.0,1.0,1.0,1.0,1.0,1.0,1.0,1.0,1.0,1.0,1.0,1.0,1.0,1.0,1.0,1.0,1.0,1.0,1.0,1.0,1.0,1.0,1.0,1.0,1.0,1.0,1.0,1.0,1.0,1.0,1.0,1.0,1.0,1.0,1.0,1.0,1.0,1.0,1.0,1.0,1.0,1.0,1.0,1.0,1.0,1.0,1.0,1.0,1.0,1.0,1.0,1.0,1.0,1.0,1.0,1.0,1.0,1.0,1.0,1.0,1.0,1.0,1.0,1.0,1.0,1.0,1.0,1.0,1.0,1.0,1.0,1.0,1.0,1.0,1.0,1.0,1.0,1.0,1.0,1.0,1.0,1.0,1.0,1.0,1.0,1.0,1.0,1.0,1.0,1.0,1.0,1.0,1.0,1.0,1.0,1.0,1.0,1.0,1.0,1.0,1.0,1.0,1.0,1.0,1.0,1.0,1.0,1.0,1.0,1.0,1.0,1.0,1.0,1.0,1.0,1.0,1.0,1.0,1.0,1.0,1.0,1.0,1.0,1.0,1.0,1.0,1.0,1.0,1.0,1.0,1.0,1.0,1.0,1.0,1.0,1.0,1.0,1.0,1.0,1.0,1.0,1.0,1.0,1.0,1.0,1.0,1.0,1.0,1.0,1.0,1.0,1.0,1.0,1.0,1.0,1.0,1.0,1.0,1.0,1.0,1.0,1.0,1.0,1.0,1.0,1.0,1.0,1.0,1.0,1.0,1.0,1.0,1.0,1.0,1.0,1.0,1.0,1.0,1.0,1.0,1.0,1.0,1.0,1.0,1.0,1.0,1.0,1.0,1.0,1.0,1.0,1.0,1.0,1.0,1.0,1.0,1.0,1.0,1.0,1.0,1.0,1.0,1.0,1.0,1.0,1.0,1.0,1.0,1.0,1.0,1.0346191319850129,1.018793455852741,0.7210225846966973,1.1221043953279453,1.1532772927060648,1.0156335270153782,0.9471588335381771,0.8341190929404052,1.0221320953492294,1.0245531387070579,1.0164454515824775,0.8425067996586068,1.0734003310333002,0.962179535783585,1.0658617443357006,1.1204019453258776,0.9981953482979067,0.9483109898425877,1.0679520786367183,1.0921349286048965,1.3775967941170695,1.017534187823435,2.691373454384804,0.6690025248411848,0.8978389930733441,2.1210331113192975,1.1618205833651598,2.0751544264115793,1.0954650948367346,0.9728874151556862,1.2456504477489454,0.8970312302568335,1.1103033092703636,1.3618063690830764,1.694315320705218,1.1779844957449717,1.2619438445447022,1.1249276367855996,1.4834968739181453,0.9819533201021893,0.8308979688034087,1.1625666395968284,0.6795549858245062,1.1294681198026493,0.843360258322657,0.9111844355536503,1.625292412745227,1.0581021249777849,2.3955977686650027,0.8996996015378429,1.308477572392307,0.8143997337573811,0.9280352853965268,0.8833914045667921,1.150330505234219,1.3868849340576808,0.9682377603043484,0.9952597824878802,1.002718619852631,0.9004426084435502,1.116335565397561,2.3863300742271925,1.4309292498106587,1.778045869725935,1.8289886038955183,0.672717173901789,1.6679993927175156,1.4404470371055669,1.2836535632503034,1.103070340000318,1.2978104729964048,1.2959071765839645,1.3188908272317779,1.1581228987475667,1.8705454087540334,1.161833965343318,1.5935166277292885,1.2691003702520895,1.3259888211967321,1.6937405066681106,2.444942043163363,1.2100064279226275,1.3430111514970506,2.1720015987891825,1.5528882617641593,1.0319172910903527,1.0614715541473665
1.0,1.0,1.0,1.0,1.0,1.0,1.0,1.0,1.0,1.0,1.0,1.0,1.0,1.0,1.0,1.0,1.0,1.0,1.0,1.0,1.0,1.0,1.0,1.0,1.0,1.0,1.0,1.0,1.0,1.0,1.0,1.0,1.0,1.0,1.0,1.0,1.0,1.0,1.0,1.0,1.0,1.0,1.0,1.0,1.0,1.0,1.0,1.0,1.0,1.0,1.0,1.0,1.0,1.0,1.0,1.0,1.0,1.0,1.0,1.0,1.0,1.0,1.0,1.0,1.0,1.0,1.0,1.0,1.0,1.0,1.0,1.0,1.0,1.0,1.0,1.0,1.0,1.0,1.0,1.0,1.0,1.0,1.0,1.0,1.0,1.0,1.0,1.0,1.0,1.0,1.0,1.0,1.0,1.0,1.0,1.0,1.0,1.0,1.0,1.0,1.0,1.0,1.0,1.0,1.0,1.0,1.0,1.0,1.0,1.0,1.0,1.0,1.0,1.0,1.0,1.0,1.0,1.0,1.0,1.0,1.0,1.0,1.0,1.0,1.0,1.0,1.0,1.0,1.0,1.0,1.0,1.0,1.0,1.0,1.0,1.0,1.0,1.0,1.0,1.0,1.0,1.0,1.0,1.0,1.0,1.0,1.0,1.0,1.0,1.0,1.0,1.0,1.0,1.0,1.0,1.0,1.0,1.0,1.0,1.0,1.0,1.0,1.0,1.0,1.0,1.0,1.0,1.0,1.0,1.0,1.0,1.0,1.0,1.0,1.0,1.0,1.0,1.0,1.0,1.0,1.0,1.0,1.0,1.0,1.0,1.0,1.0,1.0,1.0,1.0,1.0,1.0,1.0,1.0,1.0,1.0,1.0,1.0,1.0,1.0,1.0,1.0,1.0,1.0,1.0,1.0,1.0,1.0,1.0,1.0,1.0,1.0,1.0,1.0,1.0,1.0,1.0,1.0,1.0,1.0,1.0,1.0,1.0,1.0,1.0,1.0,1.0,1.0,1.0,1.0,1.0,1.0,1.0,1.0,1.0,1.0,1.0,1.0,1.0,1.0,1.0,1.0,1.0,1.0,1.0,1.0,1.0,1.0,1.0,1.0,1.0,1.0,1.0,1.0,1.0,1.0,1.0,1.0,1.0,1.0,1.0,1.0,1.0,1.0,1.0,1.0,1.0,1.0,1.0,1.0,1.0,1.0,1.0,1.0,1.0,1.0,1.0,1.0,1.0,1.0,1.0,1.0,1.0,1.0,1.0,1.0,1.0,1.0,1.0,1.0,1.0,1.0,1.0,1.0,1.0,1.0,1.0,1.0,1.0,1.0,1.0,1.0,1.0,1.0,1.0,1.0,1.0,1.0,1.0,1.0,1.0,1.0,1.0,1.0,1.0,1.0,1.0,1.0,1.0,1.0,1.0,1.0,1.0,1.0,1.0,1.0,1.0,1.0,1.0,1.0,1.0,1.0,1.0,1.0,1.0,1.0,1.0,1.0,1.0,1.0,1.0,1.0,1.0,1.0,1.0,1.0,1.0,1.0,1.0,1.0,1.0,1.0,1.0,1.0,1.0,1.0,1.0,1.0,1.0,1.0,1.0,1.0,1.0,1.0,1.0,1.0,0.9798979890840883,0.6923257577386472,1.0752161212914408,1.1338744925342632,0.9802920537097414,0.9145328913556299,0.8022655107755025,0.9825983406005114,0.9865831432995105,0.9746498472089014,0.807125251651883,1.0310468300666935,0.9290708950531628,1.0298181473531018,1.088872420931755,0.9669789740758765,0.9204010611530364,1.0264030715286903,1.0523580186054615,1.3125435708643456,0.9787574933969381,2.5765458963302437,0.6428258863783748,0.868015533553497,2.033170166751606,1.109357092405405,1.972744634883702,1.0490563871543155,0.9351717112382247,1.1958681932857145,0.8588480456588539,1.0633842568972642,1.3138318441392196,1.651164141398946,1.1319147512173033,1.2048994752365427,1.0810951491229757,1.4484091747062386,0.940077946966644,0.7993519038684226,1.118951605464974,0.6580121303034865,1.097936441757929,0.8180207388702301,0.8783605483519661,1.5696929848084598,1.0197177349902344,2.3172839226050796,0.8596131449434498,1.2539974195242667,0.7801412747291085,0.8941966514096271,0.8448494087999873,1.100729666374058,1.328971437902782,0.9276763632567421,0.9537491153892474,0.9580204918564686,0.8705920585549828,1.0673855188549903,2.2880976458675035,1.3693983248675639,1.6705951154297176,1.7447629639664533,0.6481481917785588,1.6150662429006737,1.3819757217729283,1.2294934676440032,1.0502547836999827,1.2412713205169466,1.238948892660015,1.2615363535153694,1.1028577177947967,1.8036324637590901,1.122167986468384,1.5349255860658841,1.209314334855779,1.2707218952542585,1.6232861908026286,2.4077018729454016,1.1719616427277473,1.2856875240593726,2.069738866313922,1.4845281205224952,0.99660914771403,1.0177895295341965
1.0,1.0,1.0,1.0,1.0,1.0,1.0,1.0,1.0,1.0,1.0,1.0,1.0,1.0,1.0,1.0,1.0,1.0,1.0,1.0,1.0,1.0,1.0,1.0,1.0,1.0,1.0,1.0,1.0,1.0,1.0,1.0,1.0,1.0,1.0,1.0,1.0,1.0,1.0,1.0,1.0,1.0,1.0,1.0,1.0,1.0,1.0,1.0,1.0,1.0,1.0,1.0,1.0,1.0,1.0,1.0,1.0,1.0,1.0,1.0,1.0,1.0,1.0,1.0,1.0,1.0,1.0,1.0,1.0,1.0,1.0,1.0,1.0,1.0,1.0,1.0,1.0,1.0,1.0,1.0,1.0,1.0,1.0,1.0,1.0,1.0,1.0,1.0,1.0,1.0,1.0,1.0,1.0,1.0,1.0,1.0,1.0,1.0,1.0,1.0,1.0,1.0,1.0,1.0,1.0,1.0,1.0,1.0,1.0,1.0,1.0,1.0,1.0,1.0,1.0,1.0,1.0,1.0,1.0,1.0,1.0,1.0,1.0,1.0,1.0,1.0,1.0,1.0,1.0,1.0,1.0,1.0,1.0,1.0,1.0,1.0,1.0,1.0,1.0,1.0,1.0,1.0,1.0,1.0,1.0,1.0,1.0,1.0,1.0,1.0,1.0,1.0,1.0,1.0,1.0,1.0,1.0,1.0,1.0,1.0,1.0,1.0,1.0,1.0,1.0,1.0,1.0,1.0,1.0,1.0,1.0,1.0,1.0,1.0,1.0,1.0,1.0,1.0,1.0,1.0,1.0,1.0,1.0,1.0,1.0,1.0,1.0,1.0,1.0,1.0,1.0,1.0,1.0,1.0,1.0,1.0,1.0,1.0,1.0,1.0,1.0,1.0,1.0,1.0,1.0,1.0,1.0,1.0,1.0,1.0,1.0,1.0,1.0,1.0,1.0,1.0,1.0,1.0,1.0,1.0,1.0,1.0,1.0,1.0,1.0,1.0,1.0,1.0,1.0,1.0,1.0,1.0,1.0,1.0,1.0,1.0,1.0,1.0,1.0,1.0,1.0,1.0,1.0,1.0,1.0,1.0,1.0,1.0,1.0,1.0,1.0,1.0,1.0,1.0,1.0,1.0,1.0,1.0,1.0,1.0,1.0,1.0,1.0,1.0,1.0,1.0,1.0,1.0,1.0,1.0,1.0,1.0,1.0,1.0,1.0,1.0,1.0,1.0,1.0,1.0,1.0,1.0,1.0,1.0,1.0,1.0,1.0,1.0,1.0,1.0,1.0,1.0,1.0,1.0,1.0,1.0,1.0,1.0,1.0,1.0,1.0,1.0,1.0,1.0,1.0,1.0,1.0,1.0,1.0,1.0,1.0,1.0,1.0,1.0,1.0,1.0,1.0,1.0,1.0,1.0,1.0,1.0,1.0,1.0,1.0,1.0,1.0,1.0,1.0,1.0,1.0,1.0,1.0,1.0,1.0,1.0,1.0,1.0,1.0,1.0,1.0,1.0,1.0,1.0,1.0,1.0,1.0,1.0,1.0,1.0,1.0,1.0,1.0,1.0,1.0,1.0,1.0,1.0,1.0,1.0,1.0,1.0,1.0,1.0,1.0,1.0,1.0,0.7069682698635511,1.0989235400305848,1.1387644026736565,0.99662346856634,0.9311714486989788,0.8189131022878461,1.0018282509709748,1.0049893279081037,0.9955177833713915,0.8246972894591498,1.053252103247707,0.9444867697243775,1.0466580604969598,1.1041531032079188,0.9817266737487644,0.9338810629331009,1.0476043658280392,1.0712171991165556,1.345942547279117,0.9986882936104584,2.637332277877344,0.6558925845652095,0.8825060813344044,2.0725975330925968,1.1360550613352225,2.0248740306370787,1.0720451760417478,0.9538885118016365,1.2205581375032497,0.8783493313525218,1.0867623226892358,1.334912056009204,1.6666912966126328,1.153399048832607,1.2357056435112965,1.1042751635864811,1.4606521775380061,0.9608400104417287,0.8140777644789492,1.141962475610607,0.6680559338528199,1.1115263323556692,0.8295336807226561,0.8936364454245467,1.5945716641583387,1.0387212639323185,2.352677199723492,0.8802000573678681,1.2822326708624203,0.7976783444727098,0.9116957777613144,0.864734854795044,1.1256359761077661,1.3576797855254683,0.9469268015971829,0.9741959435642449,0.9802561298288749,0.884045790058483,1.0914639744449337,2.3399475037174997,1.4007434546828086,1.7271573076399456,1.7940537114070325,0.6602070503229018,1.636497831527012,1.4107674149109681,1.2562008542171292,1.07782705284061,1.269899186337458,1.2689297633733065,1.2907858906150103,1.1322524311574684,1.835445665794805,1.1412064995941575,1.5622119781684778,1.2397912087431173,1.2981443586212174,1.6589060392601804,2.422590204626756,1.1881779852396845,1.314674600674529,2.1188549209913874,1.5175937716809438,1.0121941067718812,1.0399775372404032
1.0,1.0,1.0,1.0,1.0,1.0,1.0,1.0,1.0,1.0,1.0,1.0,1.0,1.0,1.0,1.0,1.0,1.0,1.0,1.0,1.0,1.0,1.0,1.0,1.0,1.0,1.0,1.0,1.0,1.0,1.0,1.0,1.0,1.0,1.0,1.0,1.0,1.0,1.0,1.0,1.0,1.0,1.0,1.0,1.0,1.0,1.0,1.0,1.0,1.0,1.0,1.0,1.0,1.0,1.0,1.0,1.0,1.0,1.0,1.0,1.0,1.0,1.0,1.0,1.0,1.0,1.0,1.0,1.0,1.0,1.0,1.0,1.0,1.0,1.0,1.0,1.0,1.0,1.0,1.0,1.0,1.0,1.0,1.0,1.0,1.0,1.0,1.0,1.0,1.0,1.0,1.0,1.0,1.0,1.0,1.0,1.0,1.0,1.0,1.0,1.0,1.0,1.0,1.0,1.0,1.0,1.0,1.0,1.0,1.0,1.0,1.0,1.0,1.0,1.0,1.0,1.0,1.0,1.0,1.0,1.0,1.0,1.0,1.0,1.0,1.0,1.0,1.0,1.0,1.0,1.0,1.0,1.0,1.0,1.0,1.0,1.0,1.0,1.0,1.0,1.0,1.0,1.0,1.0,1.0,1.0,1.0,1.0,1.0,1.0,1.0,1.0,1.0,1.0,1.0,1.0,1.0,1.0,1.0,1.0,1.0,1.0,1.0,1.0,1.0,1.0,1.0,1.0,1.0,1.0,1.0,1.0,1.0,1.0,1.0,1.0,1.0,1.0,1.0,1.0,1.0,1.0,1.0,1.0,1.0,1.0,1.0,1.0,1.0,1.0,1.0,1.0,1.0,1.0,1.0,1.0,1.0,1.0,1.0,1.0,1.0,1.0,1.0,1.0,1.0,1.0,1.0,1.0,1.0,1.0,1.0,1.0,1.0,1.0,1.0,1.0,1.0,1.0,1.0,1.0,1.0,1.0,1.0,1.0,1.0,1.0,1.0,1.0,1.0,1.0,1.0,1.0,1.0,1.0,1.0,1.0,1.0,1.0,1.0,1.0,1.0,1.0,1.0,1.0,1.0,1.0,1.0,1.0,1.0,1.0,1.0,1.0,1.0,1.0,1.0,1.0,1.0,1.0,1.0,1.0,1.0,1.0,1.0,1.0,1.0,1.0,1.0,1.0,1.0,1.0,1.0,1.0,1.0,1.0,1.0,1.0,1.0,1.0,1.0,1.0,1.0,1.0,1.0,1.0,1.0,1.0,1.0,1.0,1.0,1.0,1.0,1.0,1.0,1.0,1.0,1.0,1.0,1.0,1.0,1.0,1.0,1.0,1.0,1.0,1.0,1.0,1.0,1.0,1.0,1.0,1.0,1.0,1.0,1.0,1.0,1.0,1.0,1.0,1.0,1.0,1.0,1.0,1.0,1.0,1.0,1.0,1.0,1.0,1.0,1.0,1.0,1.0,1.0,1.0,1.0,1.0,1.0,1.0,1.0,1.0,1.0,1.0,1.0,1.0,1.0,1.0,1.0,1.0,1.0,1.0,1.0,1.0,1.0,1.0,1.0,1.0,1.0,1.0,1.0,1.0,1.0,1.0,1.0,1.0,1.0,1.0,1.0,1.0,1.555130887716702,1.599795206423853,1.406579298216351,1.3136779148821418,1.1574811972255397,1.415950250439519,1.41945104356202,1.4085695238213374,1.1669214555579324,1.4875180549594669,1.3326133487854832,1.4770544454268595,1.5557637213274738,1.384089826596334,1.3161627315378421,1.480053387075106,1.512451829336778,1.906948298323527,1.4109234554426908,3.7422816722291303,0.9270747341718468,1.24482975469928,2.9294796159238237,1.6100634404574206,2.8707829805561955,1.516226941567517,1.3470550913009762,1.7256979780994395,1.242793667997398,1.5371679714801814,1.883881867894882,2.3404046031183476,1.6294351495081116,1.7492131213371584,1.5598624117623079,2.0544111378086245,1.3593388164168416,1.15016095578112,1.61370485327335,0.9424470237478113,1.5646376979260923,1.1689168522969076,1.2621031199871673,2.249299857632087,1.4675572255273968,3.317157964635372,1.2463141301428933,1.8145346520411234,1.1288489225625924,1.2885711389790406,1.2239909036862957,1.5933142173370185,1.920854671979867,1.3395939409994313,1.3787163994607388,1.3869270416478692,1.2465094200629319,1.5455972650536425,3.3047945743250535,1.9815632490508852,2.455267466470737,2.542191774259713,0.9325707833297373,2.3079521644540257,1.995188232155379,1.777312820292631,1.5280109692911843,1.7974280308518888,1.7966653394439738,1.8270572039533302,1.6052802666741912,2.5926928854537565,1.609855092028997,2.2122976287355374,1.7561491949605987,1.836444528288224,2.345913487474755,3.393858826315805,1.6737827427946297,1.8602143823357367,3.0018105910821418,2.1479767145320117,1.4289019441905355,1.471236013982241
1.0,1.0,1.0,1.0,1.0,1.0,1.0,1.0,1.0,1.0,1.0,1.0,1.0,1.0,1.0,1.0,1.0,1.0,1.0,1.0,1.0,1.0,1.0,1.0,1.0,1.0,1.0,1.0,1.0,1.0,1.0,1.0,1.0,1.0,1.0,1.0,1.0,1.0,1.0,1.0,1.0,1.0,1.0,1.0,1.0,1.0,1.0,1.0,1.0,1.0,1.0,1.0,1.0,1.0,1.0,1.0,1.0,1.0,1.0,1.0,1.0,1.0,1.0,1.0,1.0,1.0,1.0,1.0,1.0,1.0,1.0,1.0,1.0,1.0,1.0,1.0,1.0,1.0,1.0,1.0,1.0,1.0,1.0,1.0,1.0,1.0,1.0,1.0,1.0,1.0,1.0,1.0,1.0,1.0,1.0,1.0,1.0,1.0,1.0,1.0,1.0,1.0,1.0,1.0,1.0,1.0,1.0,1.0,1.0,1.0,1.0,1.0,1.0,1.0,1.0,1.0,1.0,1.0,1.0,1.0,1.0,1.0,1.0,1.0,1.0,1.0,1.0,1.0,1.0,1.0,1.0,1.0,1.0,1.0,1.0,1.0,1.0,1.0,1.0,1.0,1.0,1.0,1.0,1.0,1.0,1.0,1.0,1.0,1.0,1.0,1.0,1.0,1.0,1.0,1.0,1.0,1.0,1.0,1.0,1.0,1.0,1.0,1.0,1.0,1.0,1.0,1.0,1.0,1.0,1.0,1.0,1.0,1.0,1.0,1.0,1.0,1.0,1.0,1.0,1.0,1.0,1.0,1.0,1.0,1.0,1.0,1.0,1.0,1.0,1.0,1.0,1.0,1.0,1.0,1.0,1.0,1.0,1.0,1.0,1.0,1.0,1.0,1.0,1.0,1.0,1.0,1.0,1.0,1.0,1.0,1.0,1.0,1.0,1.0,1.0,1.0,1.0,1.0,1.0,1.0,1.0,1.0,1.0,1.0,1.0,1.0,1.0,1.0,1.0,1.0,1.0,1.0,1.0,1.0,1.0,1.0,1.0,1.0,1.0,1.0,1.0,1.0,1.0,1.0,1.0,1.0,1.0,1.0,1.0,1.0,1.0,1.0,1.0,1.0,1.0,1.0,1.0,1.0,1.0,1.0,1.0,1.0,1.0,1.0,1.0,1.0,1.0,1.0,1.0,1.0,1.0,1.0,1.0,1.0,1.0,1.0,1.0,1.0,1.0,1.0,1.0,1.0,1.0,1.0,1.0,1.0,1.0,1.0,1.0,1.0,1.0,1.0,1.0,1.0,1.0,1.0,1.0,1.0,1.0,1.0,1.0,1.0,1.0,1.0,1.0,1.0,1.0,1.0,1.0,1.0,1.0,1.0,1.0,1.0,1.0,1.0,1.0,1.0,1.0,1.0,1.0,1.0,1.0,1.0,1.0,1.0,1.0,1.0,1.0,1.0,1.0,1.0,1.0,1.0,1.0,1.0,1.0,1.0,1.0,1.0,1.0,1.0,1.0,1.0,1.0,1.0,1.0,1.0,1.0,1.0,1.0,1.0,1.0,1.0,1.0,1.0,1.0,1.0,1.0,1.0,1.0,1.0,1.0,1.0,1.0,1.0,1.0,1.0,1.0,1.0210481165327618,0.9019290367139339,0.8419233472548956,0.7423976100577587,0.9091460830175726,0.9107784682230571,0.9048390580940951,0.7500984015173195,0.9548159150177646,0.8539420953139021,0.9468510452952327,0.9949651588989048,0.8861603150566566,0.8419491611864603,0.9496612468551655,0.9705140787007707,1.22699207309235,0.9052804489101411,2.4092785489652755,0.5952118096941432,0.7977273743405652,1.8830987358863436,1.0358089080465245,1.8496268835596719,0.9745424576647328,0.8640156649934716,1.1083667756095767,0.7986983691017464,0.9875490170397234,1.208306313561398,1.4968138210543507,1.046801589920177,1.1241900256060533,1.0007420263671842,1.3132678917355758,0.8738634217743193,0.738499363972502,1.0342855069788064,0.6035848503420329,1.0012955793600855,0.7484452126031744,0.8096832653906023,1.4411823495969072,0.9414436070169834,2.1266631486828844,0.8016018901112236,1.1656354278280325,0.7253787029206016,0.8261135940046034,0.7868879786664648,1.0241886652539343,1.234498538871815,0.8608388858286011,0.8863388463603518,0.8915345120036943,0.7986779955695833,0.9945593000167277,2.1230463568857036,1.274100549219829,1.5857442032180886,1.634444389772542,0.5980866232947019,1.4789019024931247,1.282167604773572,1.142547557068304,0.9837379267622235,1.1556495512263725,1.154852847620226,1.1748662462294766,1.0329775804678212,1.6630396483499377,1.0317670881545347,1.4208192969637525,1.1307780585105385,1.180201442997804,1.5063579273224246,2.1631364528607095,1.071553058686007,1.1956971606957532,1.9321558699362715,1.3816938944337083,0.9162561212418328,0.9449651553819443
1.0,1.0,1.0,1.0,1.0,1.0,1.0,1.0,1.0,1.0,1.0,1.0,1.0,1.0,1.0,1.0,1.0,1.0,1.0,1.0,1.0,1.0,1.0,1.0,1.0,1.0,1.0,1.0,1.0,1.0,1.0,1.0,1.0,1.0,1.0,1.0,1.0,1.0,1.0,1.0,1.0,1.0,1.0,1.0,1.0,1.0,1.0,1.0,1.0,1.0,1.0,1.0,1.0,1.0,1.0,1.0,1.0,1.0,1.0,1.0,1.0,1.0,1.0,1.0,1.0,1.0,1.0,1.0,1.0,1.0,1.0,1.0,1.0,1.0,1.0,1.0,1.0,1.0,1.0,1.0,1.0,1.0,1.0,1.0,1.0,1.0,1.0,1.0,1.0,1.0,1.0,1.0,1.0,1.0,1.0,1.0,1.0,1.0,1.0,1.0,1.0,1.0,1.0,1.0,1.0,1.0,1.0,1.0,1.0,1.0,1.0,1.0,1.0,1.0,1.0,1.0,1.0,1.0,1.0,1.0,1.0,1.0,1.0,1.0,1.0,1.0,1.0,1.0,1.0,1.0,1.0,1.0,1.0,1.0,1.0,1.0,1.0,1.0,1.0,1.0,1.0,1.0,1.0,1.0,1.0,1.0,1.0,1.0,1.0,1.0,1.0,1.0,1.0,1.0,1.0,1.0,1.0,1.0,1.0,1.0,1.0,1.0,1.0,1.0,1.0,1.0,1.0,1.0,1.0,1.0,1.0,1.0,1.0,1.0,1.0,1.0,1.0,1.0,1.0,1.0,1.0,1.0,1.0,1.0,1.0,1.0,1.0,1.0,1.0,1.0,1.0,1.0,1.0,1.0,1.0,1.0,1.0,1.0,1.0,1.0,1.0,1.0,1.0,1.0,1.0,1.0,1.0,1.0,1.0,1.0,1.0,1.0,1.0,1.0,1.0,1.0,1.0,1.0,1.0,1.0,1.0,1.0,1.0,1.0,1.0,1.0,1.0,1.0,1.0,1.0,1.0,1.0,1.0,1.0,1.0,1.0,1.0,1.0,1.0,1.0,1.0,1.0,1.0,1.0,1.0,1.0,1.0,1.0,1.0,1.0,1.0,1.0,1.0,1.0,1.0,1.0,1.0,1.0,1.0,1.0,1.0,1.0,1.0,1.0,1.0,1.0,1.0,1.0,1.0,1.0,1.0,1.0,1.0,1.0,1.0,1.0,1.0,1.0,1.0,1.0,1.0,1.0,1.0,1.0,1.0,1.0,1.0,1.0,1.0,1.0,1.0,1.0,1.0,1.0,1.0,1.0,1.0,1.0,1.0,1.0,1.0,1.0,1.0,1.0,1.0,1.0,1.0,1.0,1.0,1.0,1.0,1.0,1.0,1.0,1.0,1.0,1.0,1.0,1.0,1.0,1.0,1.0,1.0,1.0,1.0,1.0,1.0,1.0,1.0,1.0,1.0,1.0,1.0,1.0,1.0,1.0,1.0,1.0,1.0,1.0,1.0,1.0,1.0,1.0,1.0,1.0,1.0,1.0,1.0,1.0,1.0,1.0,1.0,1.0,1.0,1.0,1.0,1.0,1.0,1.0,1.0,1.0,1.0,1.0,1.0,1.0,1.0,1.0,1.0,1.0,0.8221706201698422,0.7643543099530592,0.6636991655166247,0.815306920448721,0.8218666029460395,0.8026230113224364,0.665366907953318,0.8501204739801007,0.7795339840836855,0.8658006901618034,0.9224449368337947,0.8141428637368044,0.7779011716591056,0.8501274598776057,0.8780444005106356,1.067122632396888,0.8095844446370791,2.102805677810416,0.5317175906826718,0.7302842928088957,1.6848445813449655,0.9052582061461889,1.593702424189944,0.8613390145844297,0.775008967070499,0.989509608258744,0.7043729755800914,0.8728442179318936,1.1068298114076836,1.4308018194779282,0.9404458082787506,0.9767591241533948,0.8927649450410389,1.2510373087973483,0.7721360696026609,0.666470791870482,0.9272782346761584,0.5550716981785632,0.9372957450839694,0.6931956340830214,0.7346013252367276,1.3246243434547564,0.849439066935753,1.9620805632388973,0.7006875905922375,1.0299540732462198,0.6401587074377324,0.7430703156346292,0.6903243260592711,0.902576100797251,1.0940006456840359,0.76516826628295,0.7851662564163642,0.7844169343345992,0.7344251177134169,0.8744180721370651,1.8793209412772796,1.1204768775210772,1.311988219694721,1.407228924368289,0.5400366076648959,1.3743286761132496,1.1442930907131514,1.0115750354909805,0.8499336881923194,1.0168781197863168,1.0094178199284496,1.031316448026995,0.8909855504200717,1.5084619199527696,0.9403599318688163,1.2792838971335363,0.9831029546523594,1.0461218144224118,1.3352224811604108,2.102985014241074,0.9950841857734699,1.0543142443586977,1.6859004833130982,1.2181892707570745,0.8394328633877158,0.836796570354803
1.0,1.0,1.0,1.0,1.0,1.0,1.0,1.0,1.0,1.0,1.0,1.0,1.0,1.0,1.0,1.0,1.0,1.0,1.0,1.0,1.0,1.0,1.0,1.0,1.0,1.0,1.0,1.0,1.0,1.0,1.0,1.0,1.0,1.0,1.0,1.0,1.0,1.0,1.0,1.0,1.0,1.0,1.0,1.0,1.0,1.0,1.0,1.0,1.0,1.0,1.0,1.0,1.0,1.0,1.0,1.0,1.0,1.0,1.0,1.0,1.0,1.0,1.0,1.0,1.0,1.0,1.0,1.0,1.0,1.0,1.0,1.0,1.0,1.0,1.0,1.0,1.0,1.0,1.0,1.0,1.0,1.0,1.0,1.0,1.0,1.0,1.0,1.0,1.0,1.0,1.0,1.0,1.0,1.0,1.0,1.0,1.0,1.0,1.0,1.0,1.0,1.0,1.0,1.0,1.0,1.0,1.0,1.0,1.0,1.0,1.0,1.0,1.0,1.0,1.0,1.0,1.0,1.0,1.0,1.0,1.0,1.0,1.0,1.0,1.0,1.0,1.0,1.0,1.0,1.0,1.0,1.0,1.0,1.0,1.0,1.0,1.0,1.0,1.0,1.0,1.0,1.0,1.0,1.0,1.0,1.0,1.0,1.0,1.0,1.0,1.0,1.0,1.0,1.0,1.0,1.0,1.0,1.0,1.0,1.0,1.0,1.0,1.0,1.0,1.0,1.0,1.0,1.0,1.0,1.0,1.0,1.0,1.0,1.0,1.0,1.0,1.0,1.0,1.0,1.0,1.0,1.0,1.0,1.0,1.0,1.0,1.0,1.0,1.0,1.0,1.0,1.0,1.0,1.0,1.0,1.0,1.0,1.0,1.0,1.0,1.0,1.0,1.0,1.0,1.0,1.0,1.0,1.0,1.0,1.0,1.0,1.0,1.0,1.0,1.0,1.0,1.0,1.0,1.0,1.0,1.0,1.0,1.0,1.0,1.0,1.0,1.0,1.0,1.0,1.0,1.0,1.0,1.0,1.0,1.0,1.0,1.0,1.0,1.0,1.0,1.0,1.0,1.0,1.0,1.0,1.0,1.0,1.0,1.0,1.0,1.0,1.0,1.0,1.0,1.0,1.0,1.0,1.0,1.0,1.0,1.0,1.0,1.0,1.0,1.0,1.0,1.0,1.0,1.0,1.0,1.0,1.0,1.0,1.0,1.0,1.0,1.0,1.0,1.0,1.0,1.0,1.0,1.0,1.0,1.0,1.0,1.0,1.0,1.0,1.0,1.0,1.0,1.0,1.0,1.0,1.0,1.0,1.0,1.0,1.0,1.0,1.0,1.0,1.0,1.0,1.0,1.0,1.0,1.0,1.0,1.0,1.0,1.0,1.0,1.0,1.0,1.0,1.0,1.0,1.0,1.0,1.0,1.0,1.0,1.0,1.0,1.0,1.0,1.0,1.0,1.0,1.0,1.0,1.0,1.0,1.0,1.0,1.0,1.0,1.0,1.0,1.0,1.0,1.0,1.0,1.0,1.0,1.0,1.0,1.0,1.0,1.0,1.0,1.0,1.0,1.0,1.0,1.0,1.0,1.0,1.0,1.0,1.0,1.0,1.0,1.0,1.0,1.0,1.0,1.0,1.0,0.9319027152145828,0.8175183176035575,1.0022589817969159,1.0061265707406877,0.9940974579077663,0.82347756325615,1.0511979394997413,0.9475065833448357,1.0498060526189597,1.109092946553318,0.9853768537356905,0.9375630060768361,1.0466824179828813,1.0731289742776275,1.34013413743222,0.9978584120951162,2.621901238796159,0.6554199155915775,0.8848508656129699,2.0759198906178007,1.1317250825884249,2.013679786457733,1.0702202692861194,0.9538284430072614,1.2195616269049505,0.8760138543102476,1.0843736051166069,1.3401517303358355,1.6859694515215349,1.1545719058706767,1.2287007919264978,1.1021098437335826,1.4766965800485905,0.9590353272931027,0.8155075167698802,1.1403223274812972,0.6706621707003031,1.1192339519903869,0.8337705466521717,0.895729983656133,1.6010244600480041,1.03902024067507,2.363481414478749,0.8768266571655999,1.2781256949430004,0.795574670887147,0.9111378750064708,0.8616431566538176,1.1228332928427212,1.3554620266744055,0.9467500573347141,0.9729631957314144,0.9781023569858021,0.8880515593740836,1.0889457639746642,2.333251079788059,1.3964929233384153,1.7076885181807753,1.7761987299943889,0.6608869687863043,1.6468840318929996,1.4096462657028554,1.2543229692939946,1.0714818251081548,1.2661903325542896,1.2634068654640538,1.2866900980877634,1.1250320027066147,1.839361080640361,1.1438904357156976,1.5627810152763066,1.2343330203668663,1.2962870075874398,1.656269670022847,2.4500894645150075,1.1960187183762385,1.3113383918924146,2.112780678550574,1.5153078362667172,1.0168644937342493,1.0378311845576733
1.0,1.0,1.0,1.0,1.0,1.0,1.0,1.0,1.0,1.0,1.0,1.0,1.0,1.0,1.0,1.0,1.0,1.0,1.0,1.0,1.0,1.0,1.0,1.0,1.0,1.0,1.0,1.0,1.0,1.0,1.0,1.0,1.0,1.0,1.0,1.0,1.0,1.0,1.0,1.0,1.0,1.0,1.0,1.0,1.0,1.0,1.0,1.0,1.0,1.0,1.0,1.0,1.0,1.0,1.0,1.0,1.0,1.0,1.0,1.0,1.0,1.0,1.0,1.0,1.0,1.0,1.0,1.0,1.0,1.0,1.0,1.0,1.0,1.0,1.0,1.0,1.0,1.0,1.0,1.0,1.0,1.0,1.0,1.0,1.0,1.0,1.0,1.0,1.0,1.0,1.0,1.0,1.0,1.0,1.0,1.0,1.0,1.0,1.0,1.0,1.0,1.0,1.0,1.0,1.0,1.0,1.0,1.0,1.0,1.0,1.0,1.0,1.0,1.0,1.0,1.0,1.0,1.0,1.0,1.0,1.0,1.0,1.0,1.0,1.0,1.0,1.0,1.0,1.0,1.0,1.0,1.0,1.0,1.0,1.0,1.0,1.0,1.0,1.0,1.0,1.0,1.0,1.0,1.0,1.0,1.0,1.0,1.0,1.0,1.0,1.0,1.0,1.0,1.0,1.0,1.0,1.0,1.0,1.0,1.0,1.0,1.0,1.0,1.0,1.0,1.0,1.0,1.0,1.0,1.0,1.0,1.0,1.0,1.0,1.0,1.0,1.0,1.0,1.0,1.0,1.0,1.0,1.0,1.0,1.0,1.0,1.0,1.0,1.0,1.0,1.0,1.0,1.0,1.0,1.0,1.0,1.0,1.0,1.0,1.0,1.0,1.0,1.0,1.0,1.0,1.0,1.0,1.0,1.0,1.0,1.0,1.0,1.0,1.0,1.0,1.0,1.0,1.0,1.0,1.0,1.0,1.0,1.0,1.0,1.0,1.0,1.0,1.0,1.0,1.0,1.0,1.0,1.0,1.0,1.0,1.0,1.0,1.0,1.0,1.0,1.0,1.0,1.0,1.0,1.0,1.0,1.0,1.0,1.0,1.0,1.0,1.0,1.0,1.0,1.0,1.0,1.0,1.0,1.0,1.0,1.0,1.0,1.0,1.0,1.0,1.0,1.0,1.0,1.0,1.0,1.0,1.0,1.0,1.0,1.0,1.0,1.0,1.0,1.0,1.0,1.0,1.0,1.0,1.0,1.0,1.0,1.0,1.0,1.0,1.0,1.0,1.0,1.0,1.0,1.0,1.0,1.0,1.0,1.0,1.0,1.0,1.0,1.0,1.0,1.0,1.0,1.0,1.0,1.0,1.0,1.0,1.0,1.0,1.0,1.0,1.0,1.0,1.0,1.0,1.0,1.0,1.0,1.0,1.0,1.0,1.0,1.0,1.0,1.0,1.0,1.0,1.0,1.0,1.0,1.0,1.0,1.0,1.0,1.0,1.0,1.0,1.0,1.0,1.0,1.0,1.0,1.0,1.0,1.0,1.0,1.0,1.0,1.0,1.0,1.0,1.0,1.0,1.0,1.0,1.0,1.0,1.0,1.0,1.0,1.0,1.0,1.0,1.0,1.0,1.0,1.0,1.0,0.8770801204297793,1.073040276746799,1.0772878115627371,1.0648458690012848,0.8818031727871286,1.1281729508745795,1.014427799225119,1.1237930206656064,1.1892424924366845,1.0557789679675367,1.0050023807409858,1.1222982153861372,1.1486815453103425,1.4356415800750597,1.070184771959942,2.8137314796958703,0.7023638544862155,0.9480957057978691,2.218581446216617,1.2124454868709365,2.1573801473028364,1.146437525191402,1.0221538871629416,1.3065626561183943,0.9389555789543335,1.1619638084073243,1.4327942906704305,1.8016726676182546,1.2354882170966794,1.3191730036581886,1.1830179099254712,1.5772878495872975,1.0272261462843204,0.8724263290183981,1.2237979339159681,0.7180108076845941,1.1978308309635897,0.8925853888259638,0.9584916653207745,1.7122948408560845,1.113465460813384,2.527939047852059,0.9399897463134042,1.37090957972541,0.8527122096426074,0.9770845179207996,0.9238379759368609,1.2030413575380239,1.4520154476278972,1.0129289322911856,1.0418097849106938,1.0476211602710652,0.9501306227208204,1.1657660000902261,2.504185033854821,1.497268263663646,1.831408392300108,1.9118808774024199,0.7081809609469704,1.7593068735517279,1.5095294985156382,1.3432982740010733,1.1488742852608138,1.3568261769574579,1.35550618600928,1.3788851969187512,1.2072195552398135,1.9689470785638816,1.2250441731546142,1.6725679680135408,1.322860973380465,1.388597892572641,1.7749049501922456,2.6279491103755572,1.27845814577827,1.4053746593828604,2.2608965404893784,1.621366541437427,1.086875369818753,1.1123872459762962
1.0,1.0,1.0,1.0,1.0,1.0,1.0,1.0,1.0,1.0,1.0,1.0,1.0,1.0,1.0,1.0,1.0,1.0,1.0,1.0,1.0,1.0,1.0,1.0,1.0,1.0,1.0,1.0,1.0,1.0,1.0,1.0,1.0,1.0,1.0,1.0,1.0,1.0,1.0,1.0,1.0,1.0,1.0,1.0,1.0,1.0,1.0,1.0,1.0,1.0,1.0,1.0,1.0,1.0,1.0,1.0,1.0,1.0,1.0,1.0,1.0,1.0,1.0,1.0,1.0,1.0,1.0,1.0,1.0,1.0,1.0,1.0,1.0,1.0,1.0,1.0,1.0,1.0,1.0,1.0,1.0,1.0,1.0,1.0,1.0,1.0,1.0,1.0,1.0,1.0,1.0,1.0,1.0,1.0,1.0,1.0,1.0,1.0,1.0,1.0,1.0,1.0,1.0,1.0,1.0,1.0,1.0,1.0,1.0,1.0,1.0,1.0,1.0,1.0,1.0,1.0,1.0,1.0,1.0,1.0,1.0,1.0,1.0,1.0,1.0,1.0,1.0,1.0,1.0,1.0,1.0,1.0,1.0,1.0,1.0,1.0,1.0,1.0,1.0,1.0,1.0,1.0,1.0,1.0,1.0,1.0,1.0,1.0,1.0,1.0,1.0,1.0,1.0,1.0,1.0,1.0,1.0,1.0,1.0,1.0,1.0,1.0,1.0,1.0,1.0,1.0,1.0,1.0,1.0,1.0,1.0,1.0,1.0,1.0,1.0,1.0,1.0,1.0,1.0,1.0,1.0,1.0,1.0,1.0,1.0,1.0,1.0,1.0,1.0,1.0,1.0,1.0,1.0,1.0,1.0,1.0,1.0,1.0,1.0,1.0,1.0,1.0,1.0,1.0,1.0,1.0,1.0,1.0,1.0,1.0,1.0,1.0,1.0,1.0,1.0,1.0,1.0,1.0,1.0,1.0,1.0,1.0,1.0,1.0,1.0,1.0,1.0,1.0,1.0,1.0,1.0,1.0,1.0,1.0,1.0,1.0,1.0,1.0,1.0,1.0,1.0,1.0,1.0,1.0,1.0,1.0,1.0,1.0,1.0,1.0,1.0,1.0,1.0,1.0,1.0,1.0,1.0,1.0,1.0,1.0,1.0,1.0,1.0,1.0,1.0,1.0,1.0,1.0,1.0,1.0,1.0,1.0,1.0,1.0,1.0,1.0,1.0,1.0,1.0,1.0,1.0,1.0,1.0,1.0,1.0,1.0,1.0,1.0,1.0,1.0,1.0,1.0,1.0,1.0,1.0,1.0,1.0,1.0,1.0,1.0,1.0,1.0,1.0,1.0,1.0,1.0,1.0,1.0,1.0,1.0,1.0,1.0,1.0,1.0,1.0,1.0,1.0,1.0,1.0,1.0,1.0,1.0,1.0,1.0,1.0,1.0,1.0,1.0,1.0,1.0,1.0,1.0,1.0,1.0,1.0,1.0,1.0,1.0,1.0,1.0,1.0,1.0,1.0,1.0,1.0,1.0,1.0,1.0,1.0,1.0,1.0,1.0,1.0,1.0,1.0,1.0,1.0,1.0,1.0,1.0,1.0,1.0,1.0,1.0,1.0,1.0,1.0,1.0,1.0,1.0,1.0,1.0,1.0,1.2207586084636866,1.224601994284612,1.2140395167171196,1.0047400241887583,1.2828611465330966,1.15048958672641,1.2752404228064806,1.345622583185421,1.1962002992961134,1.1384340108137696,1.2765754203362292,1.304748180561069,1.641065469844485,1.2177190288851962,3.2199988672763062,0.7993917723114814,1.0744302390164755,2.5208442115243574,1.3856848561299233,2.467654773145698,1.30618948039175,1.1626425180843938,1.4868914886855211,1.0706387949112368,1.3247703472771997,1.6239991326255756,2.0200166775245085,1.403654446764245,1.5077103182154081,1.3458095261996552,1.775103370099081,1.1706435168349452,0.991052102233372,1.3940472470807646,0.8140610601941429,1.351155271768437,1.009949524925157,1.0887461925161612,1.9409086436976337,1.266320992265522,2.861804147343002,1.0733613906631083,1.564117754490764,0.9729359550519229,1.1133799876456234,1.0542892498378693,1.3723062223314217,1.654586023220399,1.1539805818577884,1.1872994038661386,1.1944721346741407,1.0759665035716721,1.3302767142095355,2.8492645870505733,1.7067182528048739,2.107328301738814,2.191998570523525,0.8045009519180546,1.990316645170643,1.7181322042659612,1.5306008733583556,1.3144307603623273,1.5476404803428405,1.5472084612643857,1.5737735244116329,1.3815754487290604,2.2356243259261657,1.3901908797212723,1.9079744409047001,1.5097824614390314,1.581659797638868,2.0221569899137783,2.94146999493261,1.4455846060609523,1.6024852415867494,2.5851140418565577,1.849278862827318,1.232297958437333,1.2683879946171204
1.0,1.0,1.0,1.0,1.0,1.0,1.0,1.0,1.0,1.0,1.0,1.0,1.0,1.0,1.0,1.0,1.0,1.0,1.0,1.0,1.0,1.0,1.0,1.0,1.0,1.0,1.0,1.0,1.0,1.0,1.0,1.0,1.0,1.0,1.0,1.0,1.0,1.0,1.0,1.0,1.0,1.0,1.0,1.0,1.0,1.0,1.0,1.0,1.0,1.0,1.0,1.0,1.0,1.0,1.0,1.0,1.0,1.0,1.0,1.0,1.0,1.0,1.0,1.0,1.0,1.0,1.0,1.0,1.0,1.0,1.0,1.0,1.0,1.0,1.0,1.0,1.0,1.0,1.0,1.0,1.0,1.0,1.0,1.0,1.0,1.0,1.0,1.0,1.0,1.0,1.0,1.0,1.0,1.0,1.0,1.0,1.0,1.0,1.0,1.0,1.0,1.0,1.0,1.0,1.0,1.0,1.0,1.0,1.0,1.0,1.0,1.0,1.0,1.0,1.0,1.0,1.0,1.0,1.0,1.0,1.0,1.0,1.0,1.0,1.0,1.0,1.0,1.0,1.0,1.0,1.0,1.0,1.0,1.0,1.0,1.0,1.0,1.0,1.0,1.0,1.0,1.0,1.0,1.0,1.0,1.0,1.0,1.0,1.0,1.0,1.0,1.0,1.0,1.0,1.0,1.0,1.0,1.0,1.0,1.0,1.0,1.0,1.0,1.0,1.0,1.0,1.0,1.0,1.0,1.0,1.0,1.0,1.0,1.0,1.0,1.0,1.0,1.0,1.0,1.0,1.0,1.0,1.0,1.0,1.0,1.0,1.0,1.0,1.0,1.0,1.0,1.0,1.0,1.0,1.0,1.0,1.0,1.0,1.0,1.0,1.0,1.0,1.0,1.0,1.0,1.0,1.0,1.0,1.0,1.0,1.0,1.0,1.0,1.0,1.0,1.0,1.0,1.0,1.0,1.0,1.0,1.0,1.0,1.0,1.0,1.0,1.0,1.0,1.0,1.0,1.0,1.0,1.0,1.0,1.0,1.0,1.0,1.0,1.0,1.0,1.0,1.0,1.0,1.0,1.0,1.0,1.0,1.0,1.0,1.0,1.0,1.0,1.0,1.0,1.0,1.0,1.0,1.0,1.0,1.0,1.0,1.0,1.0,1.0,1.0,1.0,1.0,1.0,1.0,1.0,1.0,1.0,1.0,1.0,1.0,1.0,1.0,1.0,1.0,1.0,1.0,1.0,1.0,1.0,1.0,1.0,1.0,1.0,1.0,1.0,1.0,1.0,1.0,1.0,1.0,1.0,1.0,1.0,1.0,1.0,1.0,1.0,1.0,1.0,1.0,1.0,1.0,1.0,1.0,1.0,1.0,1.0,1.0,1.0,1.0,1.0,1.0,1.0,1.0,1.0,1.0,1.0,1.0,1.0,1.0,1.0,1.0,1.0,1.0,1.0,1.0,1.0,1.0,1.0,1.0,1.0,1.0,1.0,1.0,1.0,1.0,1.0,1.0,1.0,1.0,1.0,1.0,1.0,1.0,1.0,1.0,1.0,1.0,1.0,1.0,1.0,1.0,1.0,1.0,1.0,1.0,1.0,1.0,1.0,1.0,1.0,1.0,1.0,1.0,1.0,1.0,1.0,1.0,1.0,1.002667390465916,0.9934423338736516,0.8233538269282229,1.0493948330088514,0.9419401344623453,1.0440324750655727,1.0997608187873824,0.9782604334480385,0.9301934807557808,1.044352735907942,1.0689313035928008,1.3440080202074727,0.9954707099267741,2.6329162611403256,0.6542119257899333,0.8799187902137087,2.07104225477343,1.1344176676151463,2.0223910069904867,1.0697223818013244,0.9508374901106491,1.2177522439099393,0.8762665974836408,1.0838268716322559,1.332873157845019,1.6631059059896491,1.1513885183914834,1.2313508584964767,1.1000775236878542,1.457707694151755,0.9589441078913974,0.8128057792338338,1.1377914322309228,0.6662158361795286,1.1084451165435882,0.827048041293813,0.8918602171840199,1.5909565177571618,1.0358458323083402,2.3477348043228674,0.8782385125609216,1.278712624064907,0.7957400401857357,0.9087556522933136,0.8625888995516418,1.1233605438775331,1.3550271304818504,0.9456083338280212,0.9727047600211091,0.9784344361882014,0.8819381638719299,1.0901137091627326,2.3308614927446065,1.3972135653958637,1.725397269626508,1.7853934857303786,0.6584887370679064,1.6343679931767818,1.4083916146856867,1.2539563856861826,1.0758902842041658,1.2673289554277487,1.2654978511355706,1.2879373639429952,1.1297766807055862,1.8319516198951682,1.137731258754342,1.560639185323187,1.2379090330003597,1.2956387319670015,1.6546490194819743,2.4086152884057057,1.1854382411158486,1.3116694671606832,2.116385010401301,1.5157680922143972,1.0110074868758616,1.0373125024835752
1.0,1.0,1.0,1.0,1.0,1.0,1.0,1.0,1.0,1.0,1.0,1.0,1.0,1.0,1.0,1.0,1.0,1.0,1.0,1.0,1.0,1.0,1.0,1.0,1.0,1.0,1.0,1.0,1.0,1.0,1.0,1.0,1.0,1.0,1.0,1.0,1.0,1.0,1.0,1.0,1.0,1.0,1.0,1.0,1.0,1.0,1.0,1.0,1.0,1.0,1.0,1.0,1.0,1.0,1.0,1.0,1.0,1.0,1.0,1.0,1.0,1.0,1.0,1.0,1.0,1.0,1.0,1.0,1.0,1.0,1.0,1.0,1.0,1.0,1.0,1.0,1.0,1.0,1.0,1.0,1.0,1.0,1.0,1.0,1.0,1.0,1.0,1.0,1.0,1.0,1.0,1.0,1.0,1.0,1.0,1.0,1.0,1.0,1.0,1.0,1.0,1.0,1.0,1.0,1.0,1.0,1.0,1.0,1.0,1.0,1.0,1.0,1.0,1.0,1.0,1.0,1.0,1.0,1.0,1.0,1.0,1.0,1.0,1.0,1.0,1.0,1.0,1.0,1.0,1.0,1.0,1.0,1.0,1.0,1.0,1.0,1.0,1.0,1.0,1.0,1.0,1.0,1.0,1.0,1.0,1.0,1.0,1.0,1.0,1.0,1.0,1.0,1.0,1.0,1.0,1.0,1.0,1.0,1.0,1.0,1.0,1.0,1.0,1.0,1.0,1.0,1.0,1.0,1.0,1.0,1.0,1.0,1.0,1.0,1.0,1.0,1.0,1.0,1.0,1.0,1.0,1.0,1.0,1.0,1.0,1.0,1.0,1.0,1.0,1.0,1.0,1.0,1.0,1.0,1.0,1.0,1.0,1.0,1.0,1.0,1.0,1.0,1.0,1.0,1.0,1.0,1.0,1.0,1.0,1.0,1.0,1.0,1.0,1.0,1.0,1.0,1.0,1.0,1.0,1.0,1.0,1.0,1.0,1.0,1.0,1.0,1.0,1.0,1.0,1.0,1.0,1.0,1.0,1.0,1.0,1.0,1.0,1.0,1.0,1.0,1.0,1.0,1.0,1.0,1.0,1.0,1.0,1.0,1.0,1.0,1.0,1.0,1.0,1.0,1.0,1.0,1.0,1.0,1.0,1.0,1.0,1.0,1.0,1.0,1.0,1.0,1.0,1.0,1.0,1.0,1.0,1.0,1.0,1.0,1.0,1.0,1.0,1.0,1.0,1.0,1.0,1.0,1.0,1.0,1.0,1.0,1.0,1.0,1.0,1.0,1.0,1.0,1.0,1.0,1.0,1.0,1.0,1.0,1.0,1.0,1.0,1.0,1.0,1.0,1.0,1.0,1.0,1.0,1.0,1.0,1.0,1.0,1.0,1.0,1.0,1.0,1.0,1.0,1.0,1.0,1.0,1.0,1.0,1.0,1.0,1.0,1.0,1.0,1.0,1.0,1.0,1.0,1.0,1.0,1.0,1.0,1.0,1.0,1.0,1.0,1.0,1.0,1.0,1.0,1.0,1.0,1.0,1.0,1.0,1.0,1.0,1.0,1.0,1.0,1.0,1.0,1.0,1.0,1.0,1.0,1.0,1.0,1.0,1.0,1.0,1.0,1.0,1.0,1.0,1.0,1.0,1.0,1.0,1.0,1.0,0.9896112843449587,0.819891966532273,1.0460168069223297,0.9402105747717473,1.0420733765231551,1.0991994107187215,0.9771928370721699,0.9295912102428626,1.0410619456700525,1.0661543420879587,1.3368105267453958,0.9925306098895113,2.6185971777954693,0.6520559563033611,0.8782401897506039,2.063277478566619,1.1285430102051697,2.010218305176993,1.065422581344236,0.9482546805523604,1.2134915326943567,0.8725772509395846,1.0797450890615028,1.3299816245945166,1.6639243359581024,1.147698415682811,1.2256927373225246,1.096640619947369,1.458585026819903,0.9549477418334814,0.8103129048798738,1.1346221535276642,0.665274972392701,1.107944072075227,0.8263347872808533,0.889646014663253,1.5883569036152894,1.0330637536484493,2.34383199685577,0.8740890507653969,1.2735511302859546,0.7924870474665002,0.9063238361845991,0.8587290478337308,1.1184793222998728,1.3495446020119184,0.9419352953690503,0.9686155232878598,0.9740890250032525,0.880550274562695,1.084935916040576,2.322756009348506,1.391235796178686,1.7107927328669423,1.7763145210215558,0.6566873156495001,1.632167274631002,1.4029054003391122,1.2487499860617954,1.069739175724963,1.2616176948842757,1.2596046517145494,1.282166625294399,1.1233332142213468,1.8269381985749371,1.135657907981904,1.5552647740300694,1.2310515375120121,1.2903508372621348,1.6483991160315723,2.416236124532737,1.184470812563277,1.3061715983434001,2.1059967492356586,1.5089890283132552,1.0087366201808372,1.033383176111834
1.0,1.0,1.0,1.0,1.0,1.0,1.0,1.0,1.0,1.0,1.0,1.0,1.0,1.0,1.0,1.0,1.0,1.0,1.0,1.0,1.0,1.0,1.0,1.0,1.0,1.0,1.0,1.0,1.0,1.0,1.0,1.0,1.0,1.0,1.0,1.0,1.0,1.0,1.0,1.0,1.0,1.0,1.0,1.0,1.0,1.0,1.0,1.0,1.0,1.0,1.0,1.0,1.0,1.0,1.0,1.0,1.0,1.0,1.0,1.0,1.0,1.0,1.0,1.0,1.0,1.0,1.0,1.0,1.0,1.0,1.0,1.0,1.0,1.0,1.0,1.0,1.0,1.0,1.0,1.0,1.0,1.0,1.0,1.0,1.0,1.0,1.0,1.0,1.0,1.0,1.0,1.0,1.0,1.0,1.0,1.0,1.0,1.0,1.0,1.0,1.0,1.0,1.0,1.0,1.0,1.0,1.0,1.0,1.0,1.0,1.0,1.0,1.0,1.0,1.0,1.0,1.0,1.0,1.0,1.0,1.0,1.0,1.0,1.0,1.0,1.0,1.0,1.0,1.0,1.0,1.0,1.0,1.0,1.0,1.0,1.0,1.0,1.0,1.0,1.0,1.0,1.0,1.0,1.0,1.0,1.0,1.0,1.0,1.0,1.0,1.0,1.0,1.0,1.0,1.0,1.0,1.0,1.0,1.0,1.0,1.0,1.0,1.0,1.0,1.0,1.0,1.0,1.0,1.0,1.0,1.0,1.0,1.0,1.0,1.0,1.0,1.0,1.0,1.0,1.0,1.0,1.0,1.0,1.0,1.0,1.0,1.0,1.0,1.0,1.0,1.0,1.0,1.0,1.0,1.0,1.0,1.0,1.0,1.0,1.0,1.0,1.0,1.0,1.0,1.0,1.0,1.0,1.0,1.0,1.0,1.0,1.0,1.0,1.0,1.0,1.0,1.0,1.0,1.0,1.0,1.0,1.0,1.0,1.0,1.0,1.0,1.0,1.0,1.0,1.0,1.0,1.0,1.0,1.0,1.0,1.0,1.0,1.0,1.0,1.0,1.0,1.0,1.0,1.0,1.0,1.0,1.0,1.0,1.0,1.0,1.0,1.0,1.0,1.0,1.0,1.0,1.0,1.0,1.0,1.0,1.0,1.0,1.0,1.0,1.0,1.0,1.0,1.0,1.0,1.0,1.0,1.0,1.0,1.0,1.0,1.0,1.0,1.0,1.0,1.0,1.0,1.0,1.0,1.0,1.0,1.0,1.0,1.0,1.0,1.0,1.0,1.0,1.0,1.0,1.0,1.0,1.0,1.0,1.0,1.0,1.0,1.0,1.0,1.0,1.0,1.0,1.0,1.0,1.0,1.0,1.0,1.0,1.0,1.0,1.0,1.0,1.0,1.0,1.0,1.0,1.0,1.0,1.0,1.0,1.0,1.0,1.0,1.0,1.0,1.0,1.0,1.0,1.0,1.0,1.0,1.0,1.0,1.0,1.0,1.0,1.0,1.0,1.0,1.0,1.0,1.0,1.0,1.0,1.0,1.0,1.0,1.0,1.0,1.0,1.0,1.0,1.0,1.0,1.0,1.0,1.0,1.0,1.0,1.0,1.0,1.0,1.0,1.0,1.0,1.0,1.0,1.0,1.0,1.0,1.0,1.0,0.8283102765748345,1.0549402680250348,0.9450705748717798,1.0472441706092805,1.1019187297015882,0.9809799148898442,0.9322232088423599,1.0497543307761306,1.072956432167145,1.3546953268366972,1.000645629439476,2.6554866755009527,0.6577495500563268,0.882225877865667,2.080992257071562,1.1436312426571797,2.0403966958631923,1.0765864621526604,0.9556459702267331,1.2246144182284384,0.8822625591010351,1.0912118234956272,1.3361234831935542,1.657758101675801,1.1564537543809292,1.2416868980232012,1.1061332130388677,1.4554249240814294,0.9651707836323117,0.8162711579708212,1.143848489659388,0.6679932332929146,1.1082347149463125,0.8282932886639222,0.8952947465817588,1.5948253326237825,1.0405642965775979,2.3517490670937464,0.8850793424694187,1.2874749319209178,0.8013288032891461,0.9135754567957264,0.8689995201236573,1.1312666131002524,1.3635618751445011,0.9513666502942697,0.9788290121350374,0.985000940930369,0.8838679788216391,1.0978476359309028,2.3445823825724856,1.4067630995011826,1.7477525266154978,1.8034182839538366,0.6614441102511472,1.6361720305860752,1.415966486893192,1.2619193752901476,1.0855429635656735,1.2761082516096045,1.2754836274967967,1.2974714899767075,1.1401143381356085,1.839032472566033,1.1413684420974834,1.5698457914602462,1.247462562295134,1.3037313534121764,1.6650786318099076,2.397895742001883,1.1868687947356973,1.3206648674621957,2.1332642200921637,1.5259727864442993,1.013608929422852,1.0441923872160275
1.0,1.0,1.0,1.0,1.0,1.0,1.0,1.0,1.0,1.0,1.0,1.0,1.0,1.0,1.0,1.0,1.0,1.0,1.0,1.0,1.0,1.0,1.0,1.0,1.0,1.0,1.0,1.0,1.0,1.0,1.0,1.0,1.0,1.0,1.0,1.0,1.0,1.0,1.0,1.0,1.0,1.0,1.0,1.0,1.0,1.0,1.0,1.0,1.0,1.0,1.0,1.0,1.0,1.0,1.0,1.0,1.0,1.0,1.0,1.0,1.0,1.0,1.0,1.0,1.0,1.0,1.0,1.0,1.0,1.0,1.0,1.0,1.0,1.0,1.0,1.0,1.0,1.0,1.0,1.0,1.0,1.0,1.0,1.0,1.0,1.0,1.0,1.0,1.0,1.0,1.0,1.0,1.0,1.0,1.0,1.0,1.0,1.0,1.0,1.0,1.0,1.0,1.0,1.0,1.0,1.0,1.0,1.0,1.0,1.0,1.0,1.0,1.0,1.0,1.0,1.0,1.0,1.0,1.0,1.0,1.0,1.0,1.0,1.0,1.0,1.0,1.0,1.0,1.0,1.0,1.0,1.0,1.0,1.0,1.0,1.0,1.0,1.0,1.0,1.0,1.0,1.0,1.0,1.0,1.0,1.0,1.0,1.0,1.0,1.0,1.0,1.0,1.0,1.0,1.0,1.0,1.0,1.0,1.0,1.0,1.0,1.0,1.0,1.0,1.0,1.0,1.0,1.0,1.0,1.0,1.0,1.0,1.0,1.0,1.0,1.0,1.0,1.0,1.0,1.0,1.0,1.0,1.0,1.0,1.0,1.0,1.0,1.0,1.0,1.0,1.0,1.0,1.0,1.0,1.0,1.0,1.0,1.0,1.0,1.0,1.0,1.0,1.0,1.0,1.0,1.0,1.0,1.0,1.0,1.0,1.0,1.0,1.0,1.0,1.0,1.0,1.0,1.0,1.0,1.0,1.0,1.0,1.0,1.0,1.0,1.0,1.0,1.0,1.0,1.0,1.0,1.0,1.0,1.0,1.0,1.0,1.0,1.0,1.0,1.0,1.0,1.0,1.0,1.0,1.0,1.0,1.0,1.0,1.0,1.0,1.0,1.0,1.0,1.0,1.0,1.0,1.0,1.0,1.0,1.0,1.0,1.0,1.0,1.0,1.0,1.0,1.0,1.0,1.0,1.0,1.0,1.0,1.0,1.0,1.0,1.0,1.0,1.0,1.0,1.0,1.0,1.0,1.0,1.0,1.0,1.0,1.0,1.0,1.0,1.0,1.0,1.0,1.0,1.0,1.0,1.0,1.0,1.0,1.0,1.0,1.0,1.0,1.0,1.0,1.0,1.0,1.0,1.0,1.0,1.0,1.0,1.0,1.0,1.0,1.0,1.0,1.0,1.0,1.0,1.0,1.0,1.0,1.0,1.0,1.0,1.0,1.0,1.0,1.0,1.0,1.0,1.0,1.0,1.0,1.0,1.0,1.0,1.0,1.0,1.0,1.0,1.0,1.0,1.0,1.0,1.0,1.0,1.0,1.0,1.0,1.0,1.0,1.0,1.0,1.0,1.0,1.0,1.0,1.0,1.0,1.0,1.0,1.0,1.0,1.0,1.0,1.0,1.0,1.0,1.0,1.0,1.0,1.0,1.0,1.0,1.0,1.0,1.2713556436171871,1.1378653188238848,1.261527757116212,1.3247112464899886,1.1795215910826604,1.120912287709496,1.2650135482290037,1.2926227756843827,1.6349272252033646,1.20473399329124,3.2046632269374546,0.7925579632679228,1.0637098355359487,2.5113676179017212,1.3792346616925384,2.462985894727221,1.2974286410185245,1.1504845561607666,1.4766449582681065,1.0634285305260565,1.3141174466501595,1.6121503879491268,2.003724708580698,1.3950631442899193,1.4953037932989142,1.3324649930386598,1.7526589157816053,1.16377743034596,0.9844251211998827,1.376629968690187,0.804133919960775,1.3362076707606358,0.9973195519772312,1.0787946204577612,1.9224549796584522,1.2536369223324477,2.837953708613717,1.0666384797511408,1.551442274732235,0.965367728827082,1.0992528685109249,1.0473863770792464,1.3638502371478072,1.6441530665981583,1.1467082358393355,1.1804768989633903,1.1878060743907888,1.0649359834634335,1.3242305021935454,2.8267804894311674,1.6958396772211803,2.111336870107727,2.1720422514471194,0.7967364991220685,1.9739782711154295,1.7093394137988152,1.521749636731876,1.309588412421233,1.5391997249522897,1.536792330669753,1.5633189516615593,1.37468786868034,2.2164501395056453,1.3740913847798715,1.8909039750477954,1.5069665982608793,1.5720637463990106,2.0060295858726747,2.883915176323497,1.429653660489026,1.5919176059243636,2.5714119781362017,1.8404319153258266,1.222022656069111,1.2577599807010467
1.0,1.0,1.0,1.0,1.0,1.0,1.0,1.0,1.0,1.0,1.0,1.0,1.0,1.0,1.0,1.0,1.0,1.0,1.0,1.0,1.0,1.0,1.0,1.0,1.0,1.0,1.0,1.0,1.0,1.0,1.0,1.0,1.0,1.0,1.0,1.0,1.0,1.0,1.0,1.0,1.0,1.0,1.0,1.0,1.0,1.0,1.0,1.0,1.0,1.0,1.0,1.0,1.0,1.0,1.0,1.0,1.0,1.0,1.0,1.0,1.0,1.0,1.0,1.0,1.0,1.0,1.0,1.0,1.0,1.0,1.0,1.0,1.0,1.0,1.0,1.0,1.0,1.0,1.0,1.0,1.0,1.0,1.0,1.0,1.0,1.0,1.0,1.0,1.0,1.0,1.0,1.0,1.0,1.0,1.0,1.0,1.0,1.0,1.0,1.0,1.0,1.0,1.0,1.0,1.0,1.0,1.0,1.0,1.0,1.0,1.0,1.0,1.0,1.0,1.0,1.0,1.0,1.0,1.0,1.0,1.0,1.0,1.0,1.0,1.0,1.0,1.0,1.0,1.0,1.0,1.0,1.0,1.0,1.0,1.0,1.0,1.0,1.0,1.0,1.0,1.0,1.0,1.0,1.0,1.0,1.0,1.0,1.0,1.0,1.0,1.0,1.0,1.0,1.0,1.0,1.0,1.0,1.0,1.0,1.0,1.0,1.0,1.0,1.0,1.0,1.0,1.0,1.0,1.0,1.0,1.0,1.0,1.0,1.0,1.0,1.0,1.0,1.0,1.0,1.0,1.0,1.0,1.0,1.0,1.0,1.0,1.0,1.0,1.0,1.0,1.0,1.0,1.0,1.0,1.0,1.0,1.0,1.0,1.0,1.0,1.0,1.0,1.0,1.0,1.0,1.0,1.0,1.0,1.0,1.0,1.0,1.0,1.0,1.0,1.0,1.0,1.0,1.0,1.0,1.0,1.0,1.0,1.0,1.0,1.0,1.0,1.0,1.0,1.0,1.0,1.0,1.0,1.0,1.0,1.0,1.0,1.0,1.0,1.0,1.0,1.0,1.0,1.0,1.0,1.0,1.0,1.0,1.0,1.0,1.0,1.0,1.0,1.0,1.0,1.0,1.0,1.0,1.0,1.0,1.0,1.0,1.0,1.0,1.0,1.0,1.0,1.0,1.0,1.0,1.0,1.0,1.0,1.0,1.0,1.0,1.0,1.0,1.0,1.0,1.0,1.0,1.0,1.0,1.0,1.0,1.0,1.0,1.0,1.0,1.0,1.0,1.0,1.0,1.0,1.0,1.0,1.0,1.0,1.0,1.0,1.0,1.0,1.0,1.0,1.0,1.0,1.0,1.0,1.0,1.0,1.0,1.0,1.0,1.0,1.0,1.0,1.0,1.0,1.0,1.0,1.0,1.0,1.0,1.0,1.0,1.0,1.0,1.0,1.0,1.0,1.0,1.0,1.0,1.0,1.0,1.0,1.0,1.0,1.0,1.0,1.0,1.0,1.0,1.0,1.0,1.0,1.0,1.0,1.0,1.0,1.0,1.0,1.0,1.0,1.0,1.0,1.0,1.0,1.0,1.0,1.0,1.0,1.0,1.0,1.0,1.0,1.0,1.0,1.0,1.0,1.0,1.0,1.0,1.0,1.0,1.0,1.0,1.0,0.8937957146145838,0.9897315568571827,1.0443107826578117,0.9288943288086908,0.8833970491980409,0.9927474997812693,1.014211123117287,1.2773653052463463,0.9468928799993681,2.4974359618338533,0.6214882255370153,0.8354146688977684,1.964216441663346,1.0768769005926644,1.9222500241414768,1.0165899315598992,0.90370615585094,1.1565334943201369,0.8329362855759623,1.0300909031888752,1.262335699661429,1.5771035813762508,1.0926799831028071,1.1736092594019065,1.0474336241239743,1.379507845226779,0.9109669709867381,0.7707355974811012,1.081375509968448,0.631732104340039,1.0516026118105142,0.7845626348697277,0.845644329364516,1.507598062902591,0.9830572659762628,2.224989649222022,0.83507162484318,1.2149831191268832,0.7560216187501845,0.8627024523880193,0.8202767717997077,1.067129532060585,1.286642052962404,0.8969705288416646,0.923507967427143,0.9299397190025629,0.8364191865193518,1.0344435419990359,2.2221216539892685,1.328970315397025,1.6432297779256446,1.7018287763476563,0.6252133837788425,1.5455925359655205,1.3362370118921139,1.1906690647535156,1.0228387109791948,1.2041968902291655,1.2039046011570562,1.2240056388159273,1.0748870677967866,1.7372849321746764,1.079968153745204,1.4741332435113366,1.1772053846653916,1.230663665882437,1.5732761251661405,2.2904348639574588,1.1237503259646597,1.2466533473648587,2.007595544311206,1.438482981443023,0.9574376599080072,0.985776530445988
1.0,1.0,1.0,1.0,1.0,1.0,1.0,1.0,1.0,1.0,1.0,1.0,1.0,1.0,1.0,1.0,1.0,1.0,1.0,1.0,1.0,1.0,1.0,1.0,1.0,1.0,1.0,1.0,1.0,1.0,1.0,1.0,1.0,1.0,1.0,1.0,1.0,1.0,1.0,1.0,1.0,1.0,1.0,1.0,1.0,1.0,1.0,1.0,1.0,1.0,1.0,1.0,1.0,1.0,1.0,1.0,1.0,1.0,1.0,1.0,1.0,1.0,1.0,1.0,1.0,1.0,1.0,1.0,1.0,1.0,1.0,1.0,1.0,1.0,1.0,1.0,1.0,1.0,1.0,1.0,1.0,1.0,1.0,1.0,1.0,1.0,1.0,1.0,1.0,1.0,1.0,1.0,1.0,1.0,1.0,1.0,1.0,1.0,1.0,1.0,1.0,1.0,1.0,1.0,1.0,1.0,1.0,1.0,1.0,1.0,1.0,1.0,1.0,1.0,1.0,1.0,1.0,1.0,1.0,1.0,1.0,1.0,1.0,1.0,1.0,1.0,1.0,1.0,1.0,1.0,1.0,1.0,1.0,1.0,1.0,1.0,1.0,1.0,1.0,1.0,1.0,1.0,1.0,1.0,1.0,1.0,1.0,1.0,1.0,1.0,1.0,1.0,1.0,1.0,1.0,1.0,1.0,1.0,1.0,1.0,1.0,1.0,1.0,1.0,1.0,1.0,1.0,1.0,1.0,1.0,1.0,1.0,1.0,1.0,1.0,1.0,1.0,1.0,1.0,1.0,1.0,1.0,1.0,1.0,1.0,1.0,1.0,1.0,1.0,1.0,1.0,1.0,1.0,1.0,1.0,1.0,1.0,1.0,1.0,1.0,1.0,1.0,1.0,1.0,1.0,1.0,1.0,1.0,1.0,1.0,1.0,1.0,1.0,1.0,1.0,1.0,1.0,1.0,1.0,1.0,1.0,1.0,1.0,1.0,1.0,1.0,1.0,1.0,1.0,1.0,1.0,1.0,1.0,1.0,1.0,1.0,1.0,1.0,1.0,1.0,1.0,1.0,1.0,1.0,1.0,1.0,1.0,1.0,1.0,1.0,1.0,1.0,1.0,1.0,1.0,1.0,1.0,1.0,1.0,1.0,1.0,1.0,1.0,1.0,1.0,1.0,1.0,1.0,1.0,1.0,1.0,1.0,1.0,1.0,1.0,1.0,1.0,1.0,1.0,1.0,1.0,1.0,1.0,1.0,1.0,1.0,1.0,1.0,1.0,1.0,1.0,1.0,1.0,1.0,1.0,1.0,1.0,1.0,1.0,1.0,1.0,1.0,1.0,1.0,1.0,1.0,1.0,1.0,1.0,1.0,1.0,1.0,1.0,1.0,1.0,1.0,1.0,1.0,1.0,1.0,1.0,1.0,1.0,1.0,1.0,1.0,1.0,1.0,1.0,1.0,1.0,1.0,1.0,1.0,1.0,1.0,1.0,1.0,1.0,1.0,1.0,1.0,1.0,1.0,1.0,1.0,1.0,1.0,1.0,1.0,1.0,1.0,1.0,1.0,1.0,1.0,1.0,1.0,1.0,1.0,1.0,1.0,1.0,1.0,1.0,1.0,1.0,1.0,1.0,1.0,1.0,1.0,1.0,1.0,1.0,1.0,1.0,1.0,1.0,1.1069523346763357,1.1707198244153507,1.0401065518118213,0.9895052293628878,1.1034474096324016,1.130642309058671,1.4106650737077162,1.0518494302411545,2.756080244231697,0.6906417644632628,0.9327973347728107,2.187529281987746,1.1913937157485748,2.119783075252334,1.1278328506969784,1.0061234083447854,1.2848018694964063,0.922759218338748,1.1431029766949616,1.4124498910524634,1.780989879412021,1.2165592412384982,1.2944848095103212,1.1617828814358298,1.5580807383078663,1.010365333089701,0.8593186283419012,1.2025273459323949,0.7072599300248477,1.1806039596963283,0.8795127755915445,0.9442151822904012,1.6877781135114258,1.0949020292233504,2.4908436124079376,0.923642693676755,1.3464182423648374,0.8381285748611295,0.9603550809122441,0.9075889623137554,1.1828900246071357,1.4279929937248508,0.9979290039884519,1.0245770781729853,1.0308691692759733,0.936679153425779,1.1467189275703669,2.4585611316950313,1.471364153303973,1.7982135211310624,1.8692209720116417,0.6968835599117649,1.7359219035254363,1.4844912983239311,1.3214952265885924,1.1278037898647308,1.3334345386372637,1.3310969409280498,1.355239930167293,1.1848293740326836,1.9383979281468646,1.2061229504889515,1.6463151032628844,1.299537018898809,1.3656413497203224,1.7456697334230826,2.5888384693142763,1.262039249495642,1.3814454803599252,2.2282288024660653,1.5960544401180559,1.0716390025994154,1.0935607084452352
1.0,1.0,1.0,1.0,1.0,1.0,1.0,1.0,1.0,1.0,1.0,1.0,1.0,1.0,1.0,1.0,1.0,1.0,1.0,1.0,1.0,1.0,1.0,1.0,1.0,1.0,1.0,1.0,1.0,1.0,1.0,1.0,1.0,1.0,1.0,1.0,1.0,1.0,1.0,1.0,1.0,1.0,1.0,1.0,1.0,1.0,1.0,1.0,1.0,1.0,1.0,1.0,1.0,1.0,1.0,1.0,1.0,1.0,1.0,1.0,1.0,1.0,1.0,1.0,1.0,1.0,1.0,1.0,1.0,1.0,1.0,1.0,1.0,1.0,1.0,1.0,1.0,1.0,1.0,1.0,1.0,1.0,1.0,1.0,1.0,1.0,1.0,1.0,1.0,1.0,1.0,1.0,1.0,1.0,1.0,1.0,1.0,1.0,1.0,1.0,1.0,1.0,1.0,1.0,1.0,1.0,1.0,1.0,1.0,1.0,1.0,1.0,1.0,1.0,1.0,1.0,1.0,1.0,1.0,1.0,1.0,1.0,1.0,1.0,1.0,1.0,1.0,1.0,1.0,1.0,1.0,1.0,1.0,1.0,1.0,1.0,1.0,1.0,1.0,1.0,1.0,1.0,1.0,1.0,1.0,1.0,1.0,1.0,1.0,1.0,1.0,1.0,1.0,1.0,1.0,1.0,1.0,1.0,1.0,1.0,1.0,1.0,1.0,1.0,1.0,1.0,1.0,1.0,1.0,1.0,1.0,1.0,1.0,1.0,1.0,1.0,1.0,1.0,1.0,1.0,1.0,1.0,1.0,1.0,1.0,1.0,1.0,1.0,1.0,1.0,1.0,1.0,1.0,1.0,1.0,1.0,1.0,1.0,1.0,1.0,1.0,1.0,1.0,1.0,1.0,1.0,1.0,1.0,1.0,1.0,1.0,1.0,1.0,1.0,1.0,1.0,1.0,1.0,1.0,1.0,1.0,1.0,1.0,1.0,1.0,1.0,1.0,1.0,1.0,1.0,1.0,1.0,1.0,1.0,1.0,1.0,1.0,1.0,1.0,1.0,1.0,1.0,1.0,1.0,1.0,1.0,1.0,1.0,1.0,1.0,1.0,1.0,1.0,1.0,1.0,1.0,1.0,1.0,1.0,1.0,1.0,1.0,1.0,1.0,1.0,1.0,1.0,1.0,1.0,1.0,1.0,1.0,1.0,1.0,1.0,1.0,1.0,1.0,1.0,1.0,1.0,1.0,1.0,1.0,1.0,1.0,1.0,1.0,1.0,1.0,1.0,1.0,1.0,1.0,1.0,1.0,1.0,1.0,1.0,1.0,1.0,1.0,1.0,1.0,1.0,1.0,1.0,1.0,1.0,1.0,1.0,1.0,1.0,1.0,1.0,1.0,1.0,1.0,1.0,1.0,1.0,1.0,1.0,1.0,1.0,1.0,1.0,1.0,1.0,1.0,1.0,1.0,1.0,1.0,1.0,1.0,1.0,1.0,1.0,1.0,1.0,1.0,1.0,1.0,1.0,1.0,1.0,1.0,1.0,1.0,1.0,1.0,1.0,1.0,1.0,1.0,1.0,1.0,1.0,1.0,1.0,1.0,1.0,1.0,1.0,1.0,1.0,1.0,1.0,1.0,1.0,1.0,1.0,1.0,1.0,1.0,1.0,1.0,1.0,1.0,1.0564134796776519,0.9382081328563414,0.8930614786828709,0.9959081403204108,1.0211126823857233,1.2735995698678284,0.9491520928291898,2.4974905350595726,0.6235876267707106,0.8424033251752095,1.9734963475941179,1.0764476043302706,1.9138160391194972,1.0176629819949312,0.9074930065342621,1.1602761787478104,0.8330734227980872,1.031622870976398,1.2759833988856661,1.6049619367757892,1.0984446690625569,1.167800275398825,1.0483741391487829,1.4065315934295066,0.9120507040555215,0.7759481624311866,1.0859095498888167,0.6386709921729847,1.0656504813873127,0.7939958648097721,0.8526813318863782,1.5245419898576758,0.9894385842665805,2.250584231894932,0.8337159012924298,1.2164421907626433,0.7568384772071115,0.8677556978978904,0.8193488604295547,1.067943477998531,1.2894758954926098,0.9005247168591766,0.9252984829849333,0.9297531909407861,0.8452617828723397,1.0357109749118125,2.217867185800725,1.3278939373322296,1.6212689036692876,1.690601888353471,0.6290070237912182,1.568964761746675,1.3414770511226317,1.1930760145235597,1.0186488793476092,1.204189936679882,1.2012985813522739,1.2236207005658806,1.0695236133227963,1.7506408404874318,1.0889592038652838,1.490769361288466,1.1731499481871988,1.2328170623349048,1.5747963428302003,2.3350123011867345,1.1381616743915857,1.2470858239540223,2.0102492947481196,1.4409108819619423,0.9677643023389354,0.9872500474406254
1.0,1.0,1.0,1.0,1.0,1.0,1.0,1.0,1.0,1.0,1.0,1.0,1.0,1.0,1.0,1.0,1.0,1.0,1.0,1.0,1.0,1.0,1.0,1.0,1.0,1.0,1.0,1.0,1.0,1.0,1.0,1.0,1.0,1.0,1.0,1.0,1.0,1.0,1.0,1.0,1.0,1.0,1.0,1.0,1.0,1.0,1.0,1.0,1.0,1.0,1.0,1.0,1.0,1.0,1.0,1.0,1.0,1.0,1.0,1.0,1.0,1.0,1.0,1.0,1.0,1.0,1.0,1.0,1.0,1.0,1.0,1.0,1.0,1.0,1.0,1.0,1.0,1.0,1.0,1.0,1.0,1.0,1.0,1.0,1.0,1.0,1.0,1.0,1.0,1.0,1.0,1.0,1.0,1.0,1.0,1.0,1.0,1.0,1.0,1.0,1.0,1.0,1.0,1.0,1.0,1.0,1.0,1.0,1.0,1.0,1.0,1.0,1.0,1.0,1.0,1.0,1.0,1.0,1.0,1.0,1.0,1.0,1.0,1.0,1.0,1.0,1.0,1.0,1.0,1.0,1.0,1.0,1.0,1.0,1.0,1.0,1.0,1.0,1.0,1.0,1.0,1.0,1.0,1.0,1.0,1.0,1.0,1.0,1.0,1.0,1.0,1.0,1.0,1.0,1.0,1.0,1.0,1.0,1.0,1.0,1.0,1.0,1.0,1.0,1.0,1.0,1.0,1.0,1.0,1.0,1.0,1.0,1.0,1.0,1.0,1.0,1.0,1.0,1.0,1.0,1.0,1.0,1.0,1.0,1.0,1.0,1.0,1.0,1.0,1.0,1.0,1.0,1.0,1.0,1.0,1.0,1.0,1.0,1.0,1.0,1.0,1.0,1.0,1.0,1.0,1.0,1.0,1.0,1.0,1.0,1.0,1.0,1.0,1.0,1.0,1.0,1.0,1.0,1.0,1.0,1.0,1.0,1.0,1.0,1.0,1.0,1.0,1.0,1.0,1.0,1.0,1.0,1.0,1.0,1.0,1.0,1.0,1.0,1.0,1.0,1.0,1.0,1.0,1.0,1.0,1.0,1.0,1.0,1.0,1.0,1.0,1.0,1.0,1.0,1.0,1.0,1.0,1.0,1.0,1.0,1.0,1.0,1.0,1.0,1.0,1.0,1.0,1.0,1.0,1.0,1.0,1.0,1.0,1.0,1.0,1.0,1.0,1.0,1.0,1.0,1.0,1.0,1.0,1.0,1.0,1.0,1.0,1.0,1.0,1.0,1.0,1.0,1.0,1.0,1.0,1.0,1.0,1.0,1.0,1.0,1.0,1.0,1.0,1.0,1.0,1.0,1.0,1.0,1.0,1.0,1.0,1.0,1.0,1.0,1.0,1.0,1.0,1.0,1.0,1.0,1.0,1.0,1.0,1.0,1.0,1.0,1.0,1.0,1.0,1.0,1.0,1.0,1.0,1.0,1.0,1.0,1.0,1.0,1.0,1.0,1.0,1.0,1.0,1.0,1.0,1.0,1.0,1.0,1.0,1.0,1.0,1.0,1.0,1.0,1.0,1.0,1.0,1.0,1.0,1.0,1.0,1.0,1.0,1.0,1.0,1.0,1.0,1.0,1.0,1.0,1.0,1.0,1.0,1.0,1.0,1.0,1.0,1.0,1.0,1.0,1.0,0.8855177519174953,0.8438982831799553,0.9341360015084863,0.9581961869680892,1.1869120732217855,0.8916198377659846,2.327674192744457,0.5844592741751087,0.7926360973273772,1.8438006526800415,1.00349895630498,1.7791488061657108,0.9516751746179632,0.8516631196163529,1.0864013673713355,0.7790917531416922,0.9647071634112587,1.1965919612905906,1.516155214974865,1.0279955887317351,1.0924816048775599,0.9844333711960831,1.3307491289148399,0.8522736478928333,0.7269240659477729,1.0200997033688912,0.6016153944339464,1.0060066060963435,0.7488026840249284,0.8000051765114267,1.4320604973507738,0.9284280949788533,2.1143285290481355,0.7786316056998797,1.1378871778268398,0.7079759180723397,0.8152087045516312,0.7657779153717984,0.9976989310489258,1.2053190100554858,0.8416338164924122,0.8647655063345547,0.868530739067819,0.7952030558050716,0.9659832119411198,2.077983277553815,1.241459721465524,1.4960719523792554,1.578615837793477,0.5908594745448584,1.473777570329438,1.253517618998822,1.1150418370511508,0.9486061222945039,1.1243900275223093,1.1234837964880466,1.143417295160042,0.9971990619534163,1.6434391510109927,1.0242463228351895,1.3936161648609098,1.0923934078046218,1.1528818741100268,1.4747992490302961,2.2291844809253174,1.0726949234607661,1.1658787687610324,1.8705745155786544,1.3440891259906718,0.9086902000030626,0.9243741099768176
1.0,1.0,1.0,1.0,1.0,1.0,1.0,1.0,1.0,1.0,1.0,1.0,1.0,1.0,1.0,1.0,1.0,1.0,1.0,1.0,1.0,1.0,1.0,1.0,1.0,1.0,1.0,1.0,1.0,1.0,1.0,1.0,1.0,1.0,1.0,1.0,1.0,1.0,1.0,1.0,1.0,1.0,1.0,1.0,1.0,1.0,1.0,1.0,1.0,1.0,1.0,1.0,1.0,1.0,1.0,1.0,1.0,1.0,1.0,1.0,1.0,1.0,1.0,1.0,1.0,1.0,1.0,1.0,1.0,1.0,1.0,1.0,1.0,1.0,1.0,1.0,1.0,1.0,1.0,1.0,1.0,1.0,1.0,1.0,1.0,1.0,1.0,1.0,1.0,1.0,1.0,1.0,1.0,1.0,1.0,1.0,1.0,1.0,1.0,1.0,1.0,1.0,1.0,1.0,1.0,1.0,1.0,1.0,1.0,1.0,1.0,1.0,1.0,1.0,1.0,1.0,1.0,1.0,1.0,1.0,1.0,1.0,1.0,1.0,1.0,1.0,1.0,1.0,1.0,1.0,1.0,1.0,1.0,1.0,1.0,1.0,1.0,1.0,1.0,1.0,1.0,1.0,1.0,1.0,1.0,1.0,1.0,1.0,1.0,1.0,1.0,1.0,1.0,1.0,1.0,1.0,1.0,1.0,1.0,1.0,1.0,1.0,1.0,1.0,1.0,1.0,1.0,1.0,1.0,1.0,1.0,1.0,1.0,1.0,1.0,1.0,1.0,1.0,1.0,1.0,1.0,1.0,1.0,1.0,1.0,1.0,1.0,1.0,1.0,1.0,1.0,1.0,1.0,1.0,1.0,1.0,1.0,1.0,1.0,1.0,1.0,1.0,1.0,1.0,1.0,1.0,1.0,1.0,1.0,1.0,1.0,1.0,1.0,1.0,1.0,1.0,1.0,1.0,1.0,1.0,1.0,1.0,1.0,1.0,1.0,1.0,1.0,1.0,1.0,1.0,1.0,1.0,1.0,1.0,1.0,1.0,1.0,1.0,1.0,1.0,1.0,1.0,1.0,1.0,1.0,1.0,1.0,1.0,1.0,1.0,1.0,1.0,1.0,1.0,1.0,1.0,1.0,1.0,1.0,1.0,1.0,1.0,1.0,1.0,1.0,1.0,1.0,1.0,1.0,1.0,1.0,1.0,1.0,1.0,1.0,1.0,1.0,1.0,1.0,1.0,1.0,1.0,1.0,1.0,1.0,1.0,1.0,1.0,1.0,1.0,1.0,1.0,1.0,1.0,1.0,1.0,1.0,1.0,1.0,1.0,1.0,1.0,1.0,1.0,1.0,1.0,1.0,1.0,1.0,1.0,1.0,1.0,1.0,1.0,1.0,1.0,1.0,1.0,1.0,1.0,1.0,1.0,1.0,1.0,1.0,1.0,1.0,1.0,1.0,1.0,1.0,1.0,1.0,1.0,1.0,1.0,1.0,1.0,1.0,1.0,1.0,1.0,1.0,1.0,1.0,1.0,1.0,1.0,1.0,1.0,1.0,1.0,1.0,1.0,1.0,1.0,1.0,1.0,1.0,1.0,1.0,1.0,1.0,1.0,1.0,1.0,1.0,1.0,1.0,1.0,1.0,1.0,1.0,1.0,1.0,1.0,1.0,1.0,1.0,1.0,1.0,1.0,0.9516212939976112,1.056690473409146,1.0837718027752943,1.346224239576269,1.0084985575968628,2.6349650782816907,0.6614944248030411,0.8946542175723481,2.090679527101735,1.1378760236906735,2.021682252925755,1.0789656971399197,0.9640139666435965,1.229671138512431,0.8827279149548652,1.0941070339547179,1.352629330958341,1.708021215998032,1.164373759889657,1.2387059756293015,1.1132611692470844,1.4990563133762396,0.9661887402218459,0.8226268731157236,1.1527434302143464,0.6790429009477723,1.134244557730077,0.844922440088504,0.9047619205548798,1.6177859214190708,1.0496399641202772,2.387306821037116,0.8830867850814763,1.2884560304905,0.8020156734588096,0.9210029906346175,0.8680468136297864,1.1309007840034515,1.3656897456729782,0.9541672997945774,0.9797972241054632,0.9850361371804033,0.8983571231566148,1.0957414140924533,2.3541951813631687,1.4075457348576856,1.7073506899774895,1.7878401043339611,0.6679150095638245,1.6640940460127602,1.4191284476779764,1.2636363160711737,1.0765987035985418,1.2745283463073758,1.273404429620859,1.2963455833554973,1.1314091300605114,1.8574376582194583,1.157350618741199,1.5760235984353737,1.2398470493085276,1.3061088105939973,1.6706929661816072,2.50177875443585,1.2110206330653213,1.3213446433589309,2.127101152357059,1.5247999731874282,1.0268473778379201,1.0468669149884215
1.0,1.0,1.0,1.0,1.0,1.0,1.0,1.0,1.0,1.0,1.0,1.0,1.0,1.0,1.0,1.0,1.0,1.0,1.0,1.0,1.0,1.0,1.0,1.0,1.0,1.0,1.0,1.0,1.0,1.0,1.0,1.0,1.0,1.0,1.0,1.0,1.0,1.0,1.0,1.0,1.0,1.0,1.0,1.0,1.0,1.0,1.0,1.0,1.0,1.0,1.0,1.0,1.0,1.0,1.0,1.0,1.0,1.0,1.0,1.0,1.0,1.0,1.0,1.0,1.0,1.0,1.0,1.0,1.0,1.0,1.0,1.0,1.0,1.0,1.0,1.0,1.0,1.0,1.0,1.0,1.0,1.0,1.0,1.0,1.0,1.0,1.0,1.0,1.0,1.0,1.0,1.0,1.0,1.0,1.0,1.0,1.0,1.0,1.0,1.0,1.0,1.0,1.0,1.0,1.0,1.0,1.0,1.0,1.0,1.0,1.0,1.0,1.0,1.0,1.0,1.0,1.0,1.0,1.0,1.0,1.0,1.0,1.0,1.0,1.0,1.0,1.0,1.0,1.0,1.0,1.0,1.0,1.0,1.0,1.0,1.0,1.0,1.0,1.0,1.0,1.0,1.0,1.0,1.0,1.0,1.0,1.0,1.0,1.0,1.0,1.0,1.0,1.0,1.0,1.0,1.0,1.0,1.0,1.0,1.0,1.0,1.0,1.0,1.0,1.0,1.0,1.0,1.0,1.0,1.0,1.0,1.0,1.0,1.0,1.0,1.0,1.0,1.0,1.0,1.0,1.0,1.0,1.0,1.0,1.0,1.0,1.0,1.0,1.0,1.0,1.0,1.0,1.0,1.0,1.0,1.0,1.0,1.0,1.0,1.0,1.0,1.0,1.0,1.0,1.0,1.0,1.0,1.0,1.0,1.0,1.0,1.0,1.0,1.0,1.0,1.0,1.0,1.0,1.0,1.0,1.0,1.0,1.0,1.0,1.0,1.0,1.0,1.0,1.0,1.0,1.0,1.0,1.0,1.0,1.0,1.0,1.0,1.0,1.0,1.0,1.0,1.0,1.0,1.0,1.0,1.0,1.0,1.0,1.0,1.0,1.0,1.0,1.0,1.0,1.0,1.0,1.0,1.0,1.0,1.0,1.0,1.0,1.0,1.0,1.0,1.0,1.0,1.0,1.0,1.0,1.0,1.0,1.0,1.0,1.0,1.0,1.0,1.0,1.0,1.0,1.0,1.0,1.0,1.0,1.0,1.0,1.0,1.0,1.0,1.0,1.0,1.0,1.0,1.0,1.0,1.0,1.0,1.0,1.0,1.0,1.0,1.0,1.0,1.0,1.0,1.0,1.0,1.0,1.0,1.0,1.0,1.0,1.0,1.0,1.0,1.0,1.0,1.0,1.0,1.0,1.0,1.0,1.0,1.0,1.0,1.0,1.0,1.0,1.0,1.0,1.0,1.0,1.0,1.0,1.0,1.0,1.0,1.0,1.0,1.0,1.0,1.0,1.0,1.0,1.0,1.0,1.0,1.0,1.0,1.0,1.0,1.0,1.0,1.0,1.0,1.0,1.0,1.0,1.0,1.0,1.0,1.0,1.0,1.0,1.0,1.0,1.0,1.0,1.0,1.0,1.0,1.0,1.0,1.0,1.0,1.0,1.0,1.0,1.0,1.0,1.0,1.0,1.0,1.1079983386043644,1.1362922190077223,1.40920971961712,1.0575441185374825,2.7609863581443026,0.6932908242627858,0.9392033651377819,2.1873699462704046,1.1910429557972633,2.1131556575987744,1.1293678544761638,1.010348931513196,1.2885197549572858,0.9244210292981903,1.1454804061568393,1.41855255967464,1.7944470342071892,1.219483096730378,1.2970953128008333,1.1675321430714964,1.57484687850018,1.0114172858495036,0.8619780683812502,1.210142738606121,0.7129302751409814,1.1912742424122376,0.8871770127976545,0.9487535819407242,1.6978241491957493,1.1011355922856083,2.50583074794032,0.9242937682546972,1.3502575742370952,0.8401436757482381,0.9668336185240016,0.9088415814675894,1.1841105893361172,1.4302176502982225,0.9987508849807298,1.0261237142935784,1.030828043820564,0.9424182295116408,1.1466062229854639,2.4661803461672998,1.4732835268455553,1.7802939575797758,1.874498214642775,0.7003668533684835,1.7462939224748046,1.4870527195181382,1.3230734617843196,1.1262262192945298,1.3345998454203543,1.333021346524907,1.357020182793224,1.1839073181220336,1.9479176923959347,1.2143746736946572,1.6522324012379475,1.2968019279072744,1.3677400610484558,1.7500384941207612,2.634813661588601,1.2708357786718127,1.3835974277427894,2.2233316196195503,1.5955884164470349,1.0770204900449452,1.0968261534608703
1.0,1.0,1.0,1.0,1.0,1.0,1.0,1.0,1.0,1.0,1.0,1.0,1.0,1.0,1.0,1.0,1.0,1.0,1.0,1.0,1.0,1.0,1.0,1.0,1.0,1.0,1.0,1.0,1.0,1.0,1.0,1.0,1.0,1.0,1.0,1.0,1.0,1.0,1.0,1.0,1.0,1.0,1.0,1.0,1.0,1.0,1.0,1.0,1.0,1.0,1.0,1.0,1.0,1.0,1.0,1.0,1.0,1.0,1.0,1.0,1.0,1.0,1.0,1.0,1.0,1.0,1.0,1.0,1.0,1.0,1.0,1.0,1.0,1.0,1.0,1.0,1.0,1.0,1.0,1.0,1.0,1.0,1.0,1.0,1.0,1.0,1.0,1.0,1.0,1.0,1.0,1.0,1.0,1.0,1.0,1.0,1.0,1.0,1.0,1.0,1.0,1.0,1.0,1.0,1.0,1.0,1.0,1.0,1.0,1.0,1.0,1.0,1.0,1.0,1.0,1.0,1.0,1.0,1.0,1.0,1.0,1.0,1.0,1.0,1.0,1.0,1.0,1.0,1.0,1.0,1.0,1.0,1.0,1.0,1.0,1.0,1.0,1.0,1.0,1.0,1.0,1.0,1.0,1.0,1.0,1.0,1.0,1.0,1.0,1.0,1.0,1.0,1.0,1.0,1.0,1.0,1.0,1.0,1.0,1.0,1.0,1.0,1.0,1.0,1.0,1.0,1.0,1.0,1.0,1.0,1.0,1.0,1.0,1.0,1.0,1.0,1.0,1.0,1.0,1.0,1.0,1.0,1.0,1.0,1.0,1.0,1.0,1.0,1.0,1.0,1.0,1.0,1.0,1.0,1.0,1.0,1.0,1.0,1.0,1.0,1.0,1.0,1.0,1.0,1.0,1.0,1.0,1.0,1.0,1.0,1.0,1.0,1.0,1.0,1.0,1.0,1.0,1.0,1.0,1.0,1.0,1.0,1.0,1.0,1.0,1.0,1.0,1.0,1.0,1.0,1.0,1.0,1.0,1.0,1.0,1.0,1.0,1.0,1.0,1.0,1.0,1.0,1.0,1.0,1.0,1.0,1.0,1.0,1.0,1.0,1.0,1.0,1.0,1.0,1.0,1.0,1.0,1.0,1.0,1.0,1.0,1.0,1.0,1.0,1.0,1.0,1.0,1.0,1.0,1.0,1.0,1.0,1.0,1.0,1.0,1.0,1.0,1.0,1.0,1.0,1.0,1.0,1.0,1.0,1.0,1.0,1.0,1.0,1.0,1.0,1.0,1.0,1.0,1.0,1.0,1.0,1.0,1.0,1.0,1.0,1.0,1.0,1.0,1.0,1.0,1.0,1.0,1.0,1.0,1.0,1.0,1.0,1.0,1.0,1.0,1.0,1.0,1.0,1.0,1.0,1.0,1.0,1.0,1.0,1.0,1.0,1.0,1.0,1.0,1.0,1.0,1.0,1.0,1.0,1.0,1.0,1.0,1.0,1.0,1.0,1.0,1.0,1.0,1.0,1.0,1.0,1.0,1.0,1.0,1.0,1.0,1.0,1.0,1.0,1.0,1.0,1.0,1.0,1.0,1.0,1.0,1.0,1.0,1.0,1.0,1.0,1.0,1.0,1.0,1.0,1.0,1.0,1.0,1.0,1.0,1.0,1.0,1.0,1.0,1.0,1.0,1.0,1.0,1.0,1.0216473501456325,1.2852789378609542,0.9526621703111542,2.514308084634573,0.6257150963991879,0.8417258594410395,1.9786900684351916,1.0844336941361108,1.9335522117536201,1.023147090645823,0.9100281060446308,1.1644938861136367,0.8382228554488409,1.0367961571419255,1.2734261311779371,1.5910872411738612,1.1004284664233102,1.179184437220119,1.0535792130396258,1.3923886287419525,0.9170084751957601,0.7768149628050841,1.0894056235403875,0.637027326048443,1.0598356707792043,0.7909163311849394,0.8525111348798591,1.5207954185873243,0.9904990062273085,2.244218801498324,0.8401105113215702,1.2231771390815724,0.7611575922397129,0.8694544247474452,0.8252567636125725,1.0743765598932296,1.295676687426651,0.9039897704942219,0.9298814656998922,0.9359485110793879,0.8433095211258712,1.0418863961653777,2.2326092846354326,1.3366540134747114,1.6513992642497084,1.7105216634781786,0.6299499935353078,1.5606600626740434,1.3463415123671783,1.199050521708483,1.0288861384350363,1.2120740570973105,1.211069248163225,1.2317209579165973,1.0810672019829801,1.7510726059378816,1.0882648514879854,1.4894722154387203,1.1840648158631715,1.2390912382102361,1.5833847133657106,2.3065728029109698,1.133291274840563,1.2546126780048654,2.023184635114034,1.448709989560637,0.9658588560932735,0.9923088558473975
1.0,1.0,1.0,1.0,1.0,1.0,1.0,1.0,1.0,1.0,1.0,1.0,1.0,1.0,1.0,1.0,1.0,1.0,1.0,1.0,1.0,1.0,1.0,1.0,1.0,1.0,1.0,1.0,1.0,1.0,1.0,1.0,1.0,1.0,1.0,1.0,1.0,1.0,1.0,1.0,1.0,1.0,1.0,1.0,1.0,1.0,1.0,1.0,1.0,1.0,1.0,1.0,1.0,1.0,1.0,1.0,1.0,1.0,1.0,1.0,1.0,1.0,1.0,1.0,1.0,1.0,1.0,1.0,1.0,1.0,1.0,1.0,1.0,1.0,1.0,1.0,1.0,1.0,1.0,1.0,1.0,1.0,1.0,1.0,1.0,1.0,1.0,1.0,1.0,1.0,1.0,1.0,1.0,1.0,1.0,1.0,1.0,1.0,1.0,1.0,1.0,1.0,1.0,1.0,1.0,1.0,1.0,1.0,1.0,1.0,1.0,1.0,1.0,1.0,1.0,1.0,1.0,1.0,1.0,1.0,1.0,1.0,1.0,1.0,1.0,1.0,1.0,1.0,1.0,1.0,1.0,1.0,1.0,1.0,1.0,1.0,1.0,1.0,1.0,1.0,1.0,1.0,1.0,1.0,1.0,1.0,1.0,1.0,1.0,1.0,1.0,1.0,1.0,1.0,1.0,1.0,1.0,1.0,1.0,1.0,1.0,1.0,1.0,1.0,1.0,1.0,1.0,1.0,1.0,1.0,1.0,1.0,1.0,1.0,1.0,1.0,1.0,1.0,1.0,1.0,1.0,1.0,1.0,1.0,1.0,1.0,1.0,1.0,1.0,1.0,1.0,1.0,1.0,1.0,1.0,1.0,1.0,1.0,1.0,1.0,1.0,1.0,1.0,1.0,1.0,1.0,1.0,1.0,1.0,1.0,1.0,1.0,1.0,1.0,1.0,1.0,1.0,1.0,1.0,1.0,1.0,1.0,1.0,1.0,1.0,1.0,1.0,1.0,1.0,1.0,1.0,1.0,1.0,1.0,1.0,1.0,1.0,1.0,1.0,1.0,1.0,1.0,1.0,1.0,1.0,1.0,1.0,1.0,1.0,1.0,1.0,1.0,1.0,1.0,1.0,1.0,1.0,1.0,1.0,1.0,1.0,1.0,1.0,1.0,1.0,1.0,1.0,1.0,1.0,1.0,1.0,1.0,1.0,1.0,1.0,1.0,1.0,1.0,1.0,1.0,1.0,1.0,1.0,1.0,1.0,1.0,1.0,1.0,1.0,1.0,1.0,1.0,1.0,1.0,1.0,1.0,1.0,1.0,1.0,1.0,1.0,1.0,1.0,1.0,1.0,1.0,1.0,1.0,1.0,1.0,1.0,1.0,1.0,1.0,1.0,1.0,1.0,1.0,1.0,1.0,1.0,1.0,1.0,1.0,1.0,1.0,1.0,1.0,1.0,1.0,1.0,1.0,1.0,1.0,1.0,1.0,1.0,1.0,1.0,1.0,1.0,1.0,1.0,1.0,1.0,1.0,1.0,1.0,1.0,1.0,1.0,1.0,1.0,1.0,1.0,1.0,1.0,1.0,1.0,1.0,1.0,1.0,1.0,1.0,1.0,1.0,1.0,1.0,1.0,1.0,1.0,1.0,1.0,1.0,1.0,1.0,1.0,1.0,1.0,1.0,1.0,1.0,1.0,1.0,1.0,1.251258536482037,0.9299938122991844,2.4526832034367647,0.6110887007941794,0.8233632861656738,1.9348591366747592,1.0569181500310887,1.8824003779447502,0.9984525734730412,0.8888155858499052,1.1370353164314564,0.8174187940461894,1.0119472744610585,1.2473964951127827,1.561585297639217,1.076190614731011,1.147617869846685,1.0273594274038143,1.3698096414240015,0.8947927510788963,0.7596176850200639,1.0627475504270936,0.6238231917640482,1.0397558120019739,0.7750950962630623,0.8340787135656996,1.4895472311425242,0.968411133545162,2.1977786991059647,0.8186540955672814,1.1930590121578828,0.7423230870186935,0.8490664574963538,0.8043669858235104,1.0477613266229913,1.264556726783493,0.882686544102639,0.9074450241182601,0.9123954115537222,0.8258745990799539,1.0164420920826842,2.176502317406722,1.3036435001726687,1.600043465268492,1.6627746918327964,0.6154860308472093,1.5315396309560103,1.3144914044976341,1.1699747639793021,1.0015960925486465,1.1818712447486361,1.1796279516261685,1.2011866448202873,1.0514372735050306,1.712739732990128,1.0650104814919605,1.4582805131208252,1.1527765836011854,1.2090482813193617,1.544323364059978,2.269666974621612,1.1110046786577654,1.2236886639500524,1.9729861416216758,1.4138253620469083,0.9459863583401436,0.968082461843858
1.0,1.0,1.0,1.0,1.0,1.0,1.0,1.0,1.0,1.0,1.0,1.0,1.0,1.0,1.0,1.0,1.0,1.0,1.0,1.0,1.0,1.0,1.0,1.0,1.0,1.0,1.0,1.0,1.0,1.0,1.0,1.0,1.0,1.0,1.0,1.0,1.0,1.0,1.0,1.0,1.0,1.0,1.0,1.0,1.0,1.0,1.0,1.0,1.0,1.0,1.0,1.0,1.0,1.0,1.0,1.0,1.0,1.0,1.0,1.0,1.0,1.0,1.0,1.0,1.0,1.0,1.0,1.0,1.0,1.0,1.0,1.0,1.0,1.0,1.0,1.0,1.0,1.0,1.0,1.0,1.0,1.0,1.0,1.0,1.0,1.0,1.0,1.0,1.0,1.0,1.0,1.0,1.0,1.0,1.0,1.0,1.0,1.0,1.0,1.0,1.0,1.0,1.0,1.0,1.0,1.0,1.0,1.0,1.0,1.0,1.0,1.0,1.0,1.0,1.0,1.0,1.0,1.0,1.0,1.0,1.0,1.0,1.0,1.0,1.0,1.0,1.0,1.0,1.0,1.0,1.0,1.0,1.0,1.0,1.0,1.0,1.0,1.0,1.0,1.0,1.0,1.0,1.0,1.0,1.0,1.0,1.0,1.0,1.0,1.0,1.0,1.0,1.0,1.0,1.0,1.0,1.0,1.0,1.0,1.0,1.0,1.0,1.0,1.0,1.0,1.0,1.0,1.0,1.0,1.0,1.0,1.0,1.0,1.0,1.0,1.0,1.0,1.0,1.0,1.0,1.0,1.0,1.0,1.0,1.0,1.0,1.0,1.0,1.0,1.0,1.0,1.0,1.0,1.0,1.0,1.0,1.0,1.0,1.0,1.0,1.0,1.0,1.0,1.0,1.0,1.0,1.0,1.0,1.0,1.0,1.0,1.0,1.0,1.0,1.0,1.0,1.0,1.0,1.0,1.0,1.0,1.0,1.0,1.0,1.0,1.0,1.0,1.0,1.0,1.0,1.0,1.0,1.0,1.0,1.0,1.0,1.0,1.0,1.0,1.0,1.0,1.0,1.0,1.0,1.0,1.0,1.0,1.0,1.0,1.0,1.0,1.0,1.0,1.0,1.0,1.0,1.0,1.0,1.0,1.0,1.0,1.0,1.0,1.0,1.0,1.0,1.0,1.0,1.0,1.0,1.0,1.0,1.0,1.0,1.0,1.0,1.0,1.0,1.0,1.0,1.0,1.0,1.0,1.0,1.0,1.0,1.0,1.0,1.0,1.0,1.0,1.0,1.0,1.0,1.0,1.0,1.0,1.0,1.0,1.0,1.0,1.0,1.0,1.0,1.0,1.0,1.0,1.0,1.0,1.0,1.0,1.0,1.0,1.0,1.0,1.0,1.0,1.0,1.0,1.0,1.0,1.0,1.0,1.0,1.0,1.0,1.0,1.0,1.0,1.0,1.0,1.0,1.0,1.0,1.0,1.0,1.0,1.0,1.0,1.0,1.0,1.0,1.0,1.0,1.0,1.0,1.0,1.0,1.0,1.0,1.0,1.0,1.0,1.0,1.0,1.0,1.0,1.0,1.0,1.0,1.0,1.0,1.0,1.0,1.0,1.0,1.0,1.0,1.0,1.0,1.0,1.0,1.0,1.0,1.0,1.0,1.0,1.0,1.0,1.0,1.0,1.0,1.0,1.0,1.0,1.0,0.7322250503646938,1.9530493506587179,0.4816081272842347,0.6436039323105549,1.5254443100756339,0.8416329243808116,1.5066570544657356,0.7898355595144975,0.6989037811765869,0.897456836268344,0.6478539242765392,0.7998740114885243,0.9754236201362204,1.2018291355538087,0.8464641796794772,0.9138885569501678,0.8103008068276468,1.0518960672850604,0.7085139882200512,0.5971528339428984,0.8369581583076559,0.48611837984729916,0.8047938656680871,0.6019230080423134,0.6536294423091622,1.1629016013957498,0.7602490078948083,1.7142444313484022,0.6507416163994021,0.9448434383167102,0.587986964814939,0.6677134443388801,0.6385894078431545,0.8308190655067889,1.0003645699696722,0.6975420336359233,0.7182911563427903,0.7245707298636694,0.6438854392725478,0.8066833638326266,1.7193956623608013,1.032983199307084,1.301453688640637,1.328461706305114,0.4833517734448134,1.1907592487502199,1.038820325189607,0.9261819527533112,0.8008964145733304,0.9379376761935052,0.9377135443746933,0.9530251163006321,0.8412364368670915,1.3434833729661215,0.8320309073408956,1.1462905896791935,0.9201372546582877,0.9565905055822549,1.2213536397337785,1.722659723899334,0.8634557497712807,0.9696227516992078,1.5686835051615597,1.1212003558674826,0.7394036727463765,0.7656423630680204
1.0,1.0,1.0,1.0,1.0,1.0,1.0,1.0,1.0,1.0,1.0,1.0,1.0,1.0,1.0,1.0,1.0,1.0,1.0,1.0,1.0,1.0,1.0,1.0,1.0,1.0,1.0,1.0,1.0,1.0,1.0,1.0,1.0,1.0,1.0,1.0,1.0,1.0,1.0,1.0,1.0,1.0,1.0,1.0,1.0,1.0,1.0,1.0,1.0,1.0,1.0,1.0,1.0,1.0,1.0,1.0,1.0,1.0,1.0,1.0,1.0,1.0,1.0,1.0,1.0,1.0,1.0,1.0,1.0,1.0,1.0,1.0,1.0,1.0,1.0,1.0,1.0,1.0,1.0,1.0,1.0,1.0,1.0,1.0,1.0,1.0,1.0,1.0,1.0,1.0,1.0,1.0,1.0,1.0,1.0,1.0,1.0,1.0,1.0,1.0,1.0,1.0,1.0,1.0,1.0,1.0,1.0,1.0,1.0,1.0,1.0,1.0,1.0,1.0,1.0,1.0,1.0,1.0,1.0,1.0,1.0,1.0,1.0,1.0,1.0,1.0,1.0,1.0,1.0,1.0,1.0,1.0,1.0,1.0,1.0,1.0,1.0,1.0,1.0,1.0,1.0,1.0,1.0,1.0,1.0,1.0,1.0,1.0,1.0,1.0,1.0,1.0,1.0,1.0,1.0,1.0,1.0,1.0,1.0,1.0,1.0,1.0,1.0,1.0,1.0,1.0,1.0,1.0,1.0,1.0,1.0,1.0,1.0,1.0,1.0,1.0,1.0,1.0,1.0,1.0,1.0,1.0,1.0,1.0,1.0,1.0,1.0,1.0,1.0,1.0,1.0,1.0,1.0,1.0,1.0,1.0,1.0,1.0,1.0,1.0,1.0,1.0,1.0,1.0,1.0,1.0,1.0,1.0,1.0,1.0,1.0,1.0,1.0,1.0,1.0,1.0,1.0,1.0,1.0,1.0,1.0,1.0,1.0,1.0,1.0,1.0,1.0,1.0,1.0,1.0,1.0,1.0,1.0,1.0,1.0,1.0,1.0,1.0,1.0,1.0,1.0,1.0,1.0,1.0,1.0,1.0,1.0,1.0,1.0,1.0,1.0,1.0,1.0,1.0,1.0,1.0,1.0,1.0,1.0,1.0,1.0,1.0,1.0,1.0,1.0,1.0,1.0,1.0,1.0,1.0,1.0,1.0,1.0,1.0,1.0,1.0,1.0,1.0,1.0,1.0,1.0,1.0,1.0,1.0,1.0,1.0,1.0,1.0,1.0,1.0,1.0,1.0,1.0,1.0,1.0,1.0,1.0,1.0,1.0,1.0,1.0,1.0,1.0,1.0,1.0,1.0,1.0,1.0,1.0,1.0,1.0,1.0,1.0,1.0,1.0,1.0,1.0,1.0,1.0,1.0,1.0,1.0,1.0,1.0,1.0,1.0,1.0,1.0,1.0,1.0,1.0,1.0,1.0,1.0,1.0,1.0,1.0,1.0,1.0,1.0,1.0,1.0,1.0,1.0,1.0,1.0,1.0,1.0,1.0,1.0,1.0,1.0,1.0,1.0,1.0,1.0,1.0,1.0,1.0,1.0,1.0,1.0,1.0,1.0,1.0,1.0,1.0,1.0,1.0,1.0,1.0,1.0,1.0,1.0,1.0,1.0,1.0,1.0,1.0,1.0,1.0,1.0,1.0,1.0,1.0,1.0,1.0,2.6341967423241064,0.6558816492410156,0.8820391692644314,2.0714349750689065,1.1358299446292368,2.024698134930535,1.072197857971124,0.9539492260213416,1.2200333708557145,0.8783514156603134,1.0868004290849953,1.3328625707659987,1.6648654376299716,1.152570417123754,1.2368088845420124,1.1045795799013187,1.4593081460338968,0.9606713759257419,0.8136064443037281,1.1421488517370868,0.6679012798615105,1.11082064096834,0.8293321117491335,0.8932985556816705,1.592380867769037,1.038225669744997,2.3493436659954217,0.880626577595785,1.28173094840567,0.7977858960560724,0.9118501926379976,0.8648704449331175,1.1256468374559534,1.3573386657277877,0.9468237411927549,0.974311329639099,0.9805867424927048,0.8836438313860077,1.091270367906708,2.340779497570201,1.4009973998260938,1.7281009171161448,1.7929371491437802,0.6601900143626541,1.6333242108645383,1.4092760702314988,1.256105897172969,1.0777196382721588,1.2695774079328257,1.269214031502152,1.2910397436840602,1.1328337627272125,1.8345994813601378,1.140494615647376,1.5590600875408602,1.2394448719470927,1.2980674719950869,1.6596144112009537,2.4218637521408786,1.1877387422383896,1.3148342884066175,2.119698238332833,1.5174299357286625,1.01175783682007,1.040259807121351
1.0,1.0,1.0,1.0,1.0,1.0,1.0,1.0,1.0,1.0,1.0,1.0,1.0,1.0,1.0,1.0,1.0,1.0,1.0,1.0,1.0,1.0,1.0,1.0,1.0,1.0,1.0,1.0,1.0,1.0,1.0,1.0,1.0,1.0,1.0,1.0,1.0,1.0,1.0,1.0,1.0,1.0,1.0,1.0,1.0,1.0,1.0,1.0,1.0,1.0,1.0,1.0,1.0,1.0,1.0,1.0,1.0,1.0,1.0,1.0,1.0,1.0,1.0,1.0,1.0,1.0,1.0,1.0,1.0,1.0,1.0,1.0,1.0,1.0,1.0,1.0,1.0,1.0,1.0,1.0,1.0,1.0,1.0,1.0,1.0,1.0,1.0,1.0,1.0,1.0,1.0,1.0,1.0,1.0,1.0,1.0,1.0,1.0,1.0,1.0,1.0,1.0,1.0,1.0,1.0,1.0,1.0,1.0,1.0,1.0,1.0,1.0,1.0,1.0,1.0,1.0,1.0,1.0,1.0,1.0,1.0,1.0,1.0,1.0,1.0,1.0,1.0,1.0,1.0,1.0,1.0,1.0,1.0,1.0,1.0,1.0,1.0,1.0,1.0,1.0,1.0,1.0,1.0,1.0,1.0,1.0,1.0,1.0,1.0,1.0,1.0,1.0,1.0,1.0,1.0,1.0,1.0,1.0,1.0,1.0,1.0,1.0,1.0,1.0,1.0,1.0,1.0,1.0,1.0,1.0,1.0,1.0,1.0,1.0,1.0,1.0,1.0,1.0,1.0,1.0,1.0,1.0,1.0,1.0,1.0,1.0,1.0,1.0,1.0,1.0,1.0,1.0,1.0,1.0,1.0,1.0,1.0,1.0,1.0,1.0,1.0,1.0,1.0,1.0,1.0,1.0,1.0,1.0,1.0,1.0,1.0,1.0,1.0,1.0,1.0,1.0,1.0,1.0,1.0,1.0,1.0,1.0,1.0,1.0,1.0,1.0,1.0,1.0,1.0,1.0,1.0,1.0,1.0,1.0,1.0,1.0,1.0,1.0,1.0,1.0,1.0,1.0,1.0,1.0,1.0,1.0,1.0,1.0,1.0,1.0,1.0,1.0,1.0,1.0,1.0,1.0,1.0,1.0,1.0,1.0,1.0,1.0,1.0,1.0,1.0,1.0,1.0,1.0,1.0,1.0,1.0,1.0,1.0,1.0,1.0,1.0,1.0,1.0,1.0,1.0,1.0,1.0,1.0,1.0,1.0,1.0,1.0,1.0,1.0,1.0,1.0,1.0,1.0,1.0,1.0,1.0,1.0,1.0,1.0,1.0,1.0,1.0,1.0,1.0,1.0,1.0,1.0,1.0,1.0,1.0,1.0,1.0,1.0,1.0,1.0,1.0,1.0,1.0,1.0,1.0,1.0,1.0,1.0,1.0,1.0,1.0,1.0,1.0,1.0,1.0,1.0,1.0,1.0,1.0,1.0,1.0,1.0,1.0,1.0,1.0,1.0,1.0,1.0,1.0,1.0,1.0,1.0,1.0,1.0,1.0,1.0,1.0,1.0,1.0,1.0,1.0,1.0,1.0,1.0,1.0,1.0,1.0,1.0,1.0,1.0,1.0,1.0,1.0,1.0,1.0,1.0,1.0,1.0,1.0,1.0,1.0,1.0,1.0,1.0,1.0,1.0,1.0,1.0,1.0,1.0,1.0,1.0,1.0,0.24198456470089352,0.32318974890556584,0.7632727562504322,0.42386815687747936,0.7559310141344475,0.3959329769653532,0.349791584157309,0.45107494498282785,0.32533196588716035,0.40137267297477197,0.48965881034537384,0.5958704090173413,0.42477157015592054,0.45816040346333986,0.40630415593259006,0.5274590827065297,0.35556783329868924,0.29962271264398005,0.4203212564742094,0.24437840289385498,0.40337958933303764,0.3020430775422982,0.3281772411467425,0.5831891985175494,0.3831707960300933,0.8600216282207693,0.3266386088507514,0.47614377846420664,0.2955210617977787,0.33627512817550037,0.320794544927243,0.4173397853343106,0.5028165358851899,0.3495048670864523,0.3608600606424509,0.3618508879194294,0.3223551762130795,0.4055018279827241,0.860652123107655,0.5187137910684818,0.6491117337145236,0.67363249699399,0.24259756079465863,0.5989768276391747,0.522529970570839,0.4648045552383652,0.4028069779848682,0.47123041759695716,0.47112211801566184,0.4788386179186227,0.4225142243399208,0.6754746804235753,0.41761170054324437,0.583756803321154,0.4614159246494289,0.48032958671734177,0.6115499213502136,0.8636025158431595,0.43087942335105506,0.4869350090244365,0.7840245350047421,0.561954838195285,0.37093249796165284,0.38463369710449635
1.0,1.0,1.0,1.0,1.0,1.0,1.0,1.0,1.0,1.0,1.0,1.0,1.0,1.0,1.0,1.0,1.0,1.0,1.0,1.0,1.0,1.0,1.0,1.0,1.0,1.0,1.0,1.0,1.0,1.0,1.0,1.0,1.0,1.0,1.0,1.0,1.0,1.0,1.0,1.0,1.0,1.0,1.0,1.0,1.0,1.0,1.0,1.0,1.0,1.0,1.0,1.0,1.0,1.0,1.0,1.0,1.0,1.0,1.0,1.0,1.0,1.0,1.0,1.0,1.0,1.0,1.0,1.0,1.0,1.0,1.0,1.0,1.0,1.0,1.0,1.0,1.0,1.0,1.0,1.0,1.0,1.0,1.0,1.0,1.0,1.0,1.0,1.0,1.0,1.0,1.0,1.0,1.0,1.0,1.0,1.0,1.0,1.0,1.0,1.0,1.0,1.0,1.0,1.0,1.0,1.0,1.0,1.0,1.0,1.0,1.0,1.0,1.0,1.0,1.0,1.0,1.0,1.0,1.0,1.0,1.0,1.0,1.0,1.0,1.0,1.0,1.0,1.0,1.0,1.0,1.0,1.0,1.0,1.0,1.0,1.0,1.0,1.0,1.0,1.0,1.0,1.0,1.0,1.0,1.0,1.0,1.0,1.0,1.0,1.0,1.0,1.0,1.0,1.0,1.0,1.0,1.0,1.0,1.0,1.0,1.0,1.0,1.0,1.0,1.0,1.0,1.0,1.0,1.0,1.0,1.0,1.0,1.0,1.0,1.0,1.0,1.0,1.0,1.0,1.0,1.0,1.0,1.0,1.0,1.0,1.0,1.0,1.0,1.0,1.0,1.0,1.0,1.0,1.0,1.0,1.0,1.0,1.0,1.0,1.0,1.0,1.0,1.0,1.0,1.0,1.0,1.0,1.0,1.0,1.0,1.0,1.0,1.0,1.0,1.0,1.0,1.0,1.0,1.0,1.0,1.0,1.0,1.0,1.0,1.0,1.0,1.0,1.0,1.0,1.0,1.0,1.0,1.0,1.0,1.0,1.0,1.0,1.0,1.0,1.0,1.0,1.0,1.0,1.0,1.0,1.0,1.0,1.0,1.0,1.0,1.0,1.0,1.0,1.0,1.0,1.0,1.0,1.0,1.0,1.0,1.0,1.0,1.0,1.0,1.0,1.0,1.0,1.0,1.0,1.0,1.0,1.0,1.0,1.0,1.0,1.0,1.0,1.0,1.0,1.0,1.0,1.0,1.0,1.0,1.0,1.0,1.0,1.0,1.0,1.0,1.0,1.0,1.0,1.0,1.0,1.0,1.0,1.0,1.0,1.0,1.0,1.0,1.0,1.0,1.0,1.0,1.0,1.0,1.0,1.0,1.0,1.0,1.0,1.0,1.0,1.0,1.0,1.0,1.0,1.0,1.0,1.0,1.0,1.0,1.0,1.0,1.0,1.0,1.0,1.0,1.0,1.0,1.0,1.0,1.0,1.0,1.0,1.0,1.0,1.0,1.0,1.0,1.0,1.0,1.0,1.0,1.0,1.0,1.0,1.0,1.0,1.0,1.0,1.0,1.0,1.0,1.0,1.0,1.0,1.0,1.0,1.0,1.0,1.0,1.0,1.0,1.0,1.0,1.0,1.0,1.0,1.0,1.0,1.0,1.0,1.0,1.0,1.0,1.0,1.0,1.0,1.0,1.0,1.0,1.0,1.0,1.0,1.0,1.0,1.3437601165467712,3.1632313350376546,1.7343544282987022,3.0929700106765834,1.6354258906228158,1.4533949611894066,1.8610838380956984,1.3397743165105203,1.6574769433373104,2.0343741236653456,2.5343106366760675,1.7590476086438582,1.8846568271284192,1.6820539115713358,2.222840612937717,1.465930144010613,1.2412789317386426,1.73908121542369,1.0173360539443819,1.6915708770332514,1.262673657290165,1.3620552386090985,2.4286103185180163,1.582940838854169,3.5823827482004615,1.3431141762303052,1.9553275981936418,1.2166322523361632,1.3887818737166677,1.3192207197172054,1.7174756007435064,2.0712386468247272,1.4448609402498598,1.4864688399637633,1.495508265282405,1.3463551501694817,1.6661942715109894,3.5654122690480223,2.1369232175820914,2.641611470998491,2.7348525298991464,1.0060853920782855,2.493390970660581,2.151548343256461,1.9165233545335483,1.6457587049481484,1.9375343695291913,1.935936815933863,1.969415556853093,1.7284256451470412,2.797616158307435,1.7379874604356744,2.384201514297871,1.8928447046742196,1.9803489007730342,2.5294608267342573,3.6756873080351844,1.8088574944479494,2.0055744159095013,3.2355042849239934,2.3162793292028314,1.5427639181956452,1.5860249900168597
1.0,1.0,1.0,1.0,1.0,1.0,1.0,1.0,1.0,1.0,1.0,1.0,1.0,1.0,1.0,1.0,1.0,1.0,1.0,1.0,1.0,1.0,1.0,1.0,1.0,1.0,1.0,1.0,1.0,1.0,1.0,1.0,1.0,1.0,1.0,1.0,1.0,1.0,1.0,1.0,1.0,1.0,1.0,1.0,1.0,1.0,1.0,1.0,1.0,1.0,1.0,1.0,1.0,1.0,1.0,1.0,1.0,1.0,1.0,1.0,1.0,1.0,1.0,1.0,1.0,1.0,1.0,1.0,1.0,1.0,1.0,1.0,1.0,1.0,1.0,1.0,1.0,1.0,1.0,1.0,1.0,1.0,1.0,1.0,1.0,1.0,1.0,1.0,1.0,1.0,1.0,1.0,1.0,1.0,1.0,1.0,1.0,1.0,1.0,1.0,1.0,1.0,1.0,1.0,1.0,1.0,1.0,1.0,1.0,1.0,1.0,1.0,1.0,1.0,1.0,1.0,1.0,1.0,1.0,1.0,1.0,1.0,1.0,1.0,1.0,1.0,1.0,1.0,1.0,1.0,1.0,1.0,1.0,1.0,1.0,1.0,1.0,1.0,1.0,1.0,1.0,1.0,1.0,1.0,1.0,1.0,1.0,1.0,1.0,1.0,1.0,1.0,1.0,1.0,1.0,1.0,1.0,1.0,1.0,1.0,1.0,1.0,1.0,1.0,1.0,1.0,1.0,1.0,1.0,1.0,1.0,1.0,1.0,1.0,1.0,1.0,1.0,1.0,1.0,1.0,1.0,1.0,1.0,1.0,1.0,1.0,1.0,1.0,1.0,1.0,1.0,1.0,1.0,1.0,1.0,1.0,1.0,1.0,1.0,1.0,1.0,1.0,1.0,1.0,1.0,1.0,1.0,1.0,1.0,1.0,1.0,1.0,1.0,1.0,1.0,1.0,1.0,1.0,1.0,1.0,1.0,1.0,1.0,1.0,1.0,1.0,1.0,1.0,1.0,1.0,1.0,1.0,1.0,1.0,1.0,1.0,1.0,1.0,1.0,1.0,1.0,1.0,1.0,1.0,1.0,1.0,1.0,1.0,1.0,1.0,1.0,1.0,1.0,1.0,1.0,1.0,1.0,1.0,1.0,1.0,1.0,1.0,1.0,1.0,1.0,1.0,1.0,1.0,1.0,1.0,1.0,1.0,1.0,1.0,1.0,1.0,1.0,1.0,1.0,1.0,1.0,1.0,1.0,1.0,1.0,1.0,1.0,1.0,1.0,1.0,1.0,1.0,1.0,1.0,1.0,1.0,1.0,1.0,1.0,1.0,1.0,1.0,1.0,1.0,1.0,1.0,1.0,1.0,1.0,1.0,1.0,1.0,1.0,1.0,1.0,1.0,1.0,1.0,1.0,1.0,1.0,1.0,1.0,1.0,1.0,1.0,1.0,1.0,1.0,1.0,1.0,1.0,1.0,1.0,1.0,1.0,1.0,1.0,1.0,1.0,1.0,1.0,1.0,1.0,1.0,1.0,1.0,1.0,1.0,1.0,1.0,1.0,1.0,1.0,1.0,1.0,1.0,1.0,1.0,1.0,1.0,1.0,1.0,1.0,1.0,1.0,1.0,1.0,1.0,1.0,1.0,1.0,1.0,1.0,1.0,1.0,1.0,1.0,1.0,1.0,1.0,1.0,1.0,1.0,1.0,1.0,1.0,1.0,1.0,1.0,2.3376331728840256,1.2750283378247942,2.266964034288529,1.2054572008552964,1.0751131664156608,1.3755302091844945,0.9873681384645236,1.2211933279316778,1.5122174347103505,1.907926012527816,1.3014922547631893,1.3845159548830892,1.2439531734785816,1.6677400961534627,1.0805236093677153,0.9195217769802105,1.2869785081660112,0.7569332607558751,1.2650771020654905,0.9412794386151381,1.0099534739174134,1.8066827661426974,1.1724743642954645,2.6695014023445585,0.9876366249488288,1.4413426897771264,0.8965018616015977,1.0279754164111228,0.970997517593041,1.2651569292200548,1.5276820484853908,1.0660142559923362,1.096416448505051,1.1017953262356275,1.0019883786681505,1.2264365605445082,2.6322304897866857,1.573689320401493,1.9188591087550606,2.004773818081892,0.7455798979945617,1.8589901108663123,1.5902440912358116,1.4134626423380143,1.207110434300865,1.4270823615332682,1.4239775216549129,1.4493292052882567,1.2676654924378832,2.075012388452521,1.2903250314442714,1.762189920517136,1.3911953024502028,1.4610768401006742,1.8664378597958784,2.7759441529643323,1.3494381813523817,1.4777431391362823,2.3754162196830837,1.705950443306175,1.1468255904100646,1.1696324401393887
1.0,1.0,1.0,1.0,1.0,1.0,1.0,1.0,1.0,1.0,1.0,1.0,1.0,1.0,1.0,1.0,1.0,1.0,1.0,1.0,1.0,1.0,1.0,1.0,1.0,1.0,1.0,1.0,1.0,1.0,1.0,1.0,1.0,1.0,1.0,1.0,1.0,1.0,1.0,1.0,1.0,1.0,1.0,1.0,1.0,1.0,1.0,1.0,1.0,1.0,1.0,1.0,1.0,1.0,1.0,1.0,1.0,1.0,1.0,1.0,1.0,1.0,1.0,1.0,1.0,1.0,1.0,1.0,1.0,1.0,1.0,1.0,1.0,1.0,1.0,1.0,1.0,1.0,1.0,1.0,1.0,1.0,1.0,1.0,1.0,1.0,1.0,1.0,1.0,1.0,1.0,1.0,1.0,1.0,1.0,1.0,1.0,1.0,1.0,1.0,1.0,1.0,1.0,1.0,1.0,1.0,1.0,1.0,1.0,1.0,1.0,1.0,1.0,1.0,1.0,1.0,1.0,1.0,1.0,1.0,1.0,1.0,1.0,1.0,1.0,1.0,1.0,1.0,1.0,1.0,1.0,1.0,1.0,1.0,1.0,1.0,1.0,1.0,1.0,1.0,1.0,1.0,1.0,1.0,1.0,1.0,1.0,1.0,1.0,1.0,1.0,1.0,1.0,1.0,1.0,1.0,1.0,1.0,1.0,1.0,1.0,1.0,1.0,1.0,1.0,1.0,1.0,1.0,1.0,1.0,1.0,1.0,1.0,1.0,1.0,1.0,1.0,1.0,1.0,1.0,1.0,1.0,1.0,1.0,1.0,1.0,1.0,1.0,1.0,1.0,1.0,1.0,1.0,1.0,1.0,1.0,1.0,1.0,1.0,1.0,1.0,1.0,1.0,1.0,1.0,1.0,1.0,1.0,1.0,1.0,1.0,1.0,1.0,1.0,1.0,1.0,1.0,1.0,1.0,1.0,1.0,1.0,1.0,1.0,1.0,1.0,1.0,1.0,1.0,1.0,1.0,1.0,1.0,1.0,1.0,1.0,1.0,1.0,1.0,1.0,1.0,1.0,1.0,1.0,1.0,1.0,1.0,1.0,1.0,1.0,1.0,1.0,1.0,1.0,1.0,1.0,1.0,1.0,1.0,1.0,1.0,1.0,1.0,1.0,1.0,1.0,1.0,1.0,1.0,1.0,1.0,1.0,1.0,1.0,1.0,1.0,1.0,1.0,1.0,1.0,1.0,1.0,1.0,1.0,1.0,1.0,1.0,1.0,1.0,1.0,1.0,1.0,1.0,1.0,1.0,1.0,1.0,1.0,1.0,1.0,1.0,1.0,1.0,1.0,1.0,1.0,1.0,1.0,1.0,1.0,1.0,1.0,1.0,1.0,1.0,1.0,1.0,1.0,1.0,1.0,1.0,1.0,1.0,1.0,1.0,1.0,1.0,1.0,1.0,1.0,1.0,1.0,1.0,1.0,1.0,1.0,1.0,1.0,1.0,1.0,1.0,1.0,1.0,1.0,1.0,1.0,1.0,1.0,1.0,1.0,1.0,1.0,1.0,1.0,1.0,1.0,1.0,1.0,1.0,1.0,1.0,1.0,1.0,1.0,1.0,1.0,1.0,1.0,1.0,1.0,1.0,1.0,1.0,1.0,1.0,1.0,1.0,1.0,1.0,1.0,1.0,1.0,1.0,1.0,1.0,1.0,1.0,1.0,1.0,1.0,1.0,0.5450928123163266,0.9741262292921151,0.5145227743851345,0.4565863019641293,0.5850773222911938,0.42087106089839477,0.5209872528194543,0.6413756299600206,0.802388495330147,0.5543926256069941,0.590646424273904,0.5273698040009303,0.7002227803117376,0.46125646057420305,0.39091550819451615,0.5442269563990556,0.31930393860126727,0.5322899834481418,0.39667461896738604,0.42839168167905844,0.7644796196261566,0.49659135619167355,1.127948521185889,0.42198776941699134,0.613344141152207,0.38187840592317535,0.43453659983263454,0.41430074473419054,0.5399796230548553,0.6514053775054711,0.455177180167864,0.4675252664742131,0.4708577584155862,0.42379027564385907,0.5244220079193932,1.11950178950049,0.671797222467033,0.8332937190430533,0.8532721396006024,0.3160158426624362,0.786483593501485,0.6770436034082505,0.6030666835338332,0.5171347206680059,0.6091548542526871,0.6075454494107668,0.6186887657054123,0.5425347374706972,0.8794363911859894,0.5456346875737427,0.7485336675340354,0.5962754614383556,0.6229332410681053,0.7947650388111185,1.1522303103005274,0.5697781938571044,0.6303194870021304,1.020172147601611,0.7297326148818817,0.485852282603882,0.4978455249844247
1.0,1.0,1.0,1.0,1.0,1.0,1.0,1.0,1.0,1.0,1.0,1.0,1.0,1.0,1.0,1.0,1.0,1.0,1.0,1.0,1.0,1.0,1.0,1.0,1.0,1.0,1.0,1.0,1.0,1.0,1.0,1.0,1.0,1.0,1.0,1.0,1.0,1.0,1.0,1.0,1.0,1.0,1.0,1.0,1.0,1.0,1.0,1.0,1.0,1.0,1.0,1.0,1.0,1.0,1.0,1.0,1.0,1.0,1.0,1.0,1.0,1.0,1.0,1.0,1.0,1.0,1.0,1.0,1.0,1.0,1.0,1.0,1.0,1.0,1.0,1.0,1.0,1.0,1.0,1.0,1.0,1.0,1.0,1.0,1.0,1.0,1.0,1.0,1.0,1.0,1.0,1.0,1.0,1.0,1.0,1.0,1.0,1.0,1.0,1.0,1.0,1.0,1.0,1.0,1.0,1.0,1.0,1.0,1.0,1.0,1.0,1.0,1.0,1.0,1.0,1.0,1.0,1.0,1.0,1.0,1.0,1.0,1.0,1.0,1.0,1.0,1.0,1.0,1.0,1.0,1.0,1.0,1.0,1.0,1.0,1.0,1.0,1.0,1.0,1.0,1.0,1.0,1.0,1.0,1.0,1.0,1.0,1.0,1.0,1.0,1.0,1.0,1.0,1.0,1.0,1.0,1.0,1.0,1.0,1.0,1.0,1.0,1.0,1.0,1.0,1.0,1.0,1.0,1.0,1.0,1.0,1.0,1.0,1.0,1.0,1.0,1.0,1.0,1.0,1.0,1.0,1.0,1.0,1.0,1.0,1.0,1.0,1.0,1.0,1.0,1.0,1.0,1.0,1.0,1.0,1.0,1.0,1.0,1.0,1.0,1.0,1.0,1.0,1.0,1.0,1.0,1.0,1.0,1.0,1.0,1.0,1.0,1.0,1.0,1.0,1.0,1.0,1.0,1.0,1.0,1.0,1.0,1.0,1.0,1.0,1.0,1.0,1.0,1.0,1.0,1.0,1.0,1.0,1.0,1.0,1.0,1.0,1.0,1.0,1.0,1.0,1.0,1.0,1.0,1.0,1.0,1.0,1.0,1.0,1.0,1.0,1.0,1.0,1.0,1.0,1.0,1.0,1.0,1.0,1.0,1.0,1.0,1.0,1.0,1.0,1.0,1.0,1.0,1.0,1.0,1.0,1.0,1.0,1.0,1.0,1.0,1.0,1.0,1.0,1.0,1.0,1.0,1.0,1.0,1.0,1.0,1.0,1.0,1.0,1.0,1.0,1.0,1.0,1.0,1.0,1.0,1.0,1.0,1.0,1.0,1.0,1.0,1.0,1.0,1.0,1.0,1.0,1.0,1.0,1.0,1.0,1.0,1.0,1.0,1.0,1.0,1.0,1.0,1.0,1.0,1.0,1.0,1.0,1.0,1.0,1.0,1.0,1.0,1.0,1.0,1.0,1.0,1.0,1.0,1.0,1.0,1.0,1.0,1.0,1.0,1.0,1.0,1.0,1.0,1.0,1.0,1.0,1.0,1.0,1.0,1.0,1.0,1.0,1.0,1.0,1.0,1.0,1.0,1.0,1.0,1.0,1.0,1.0,1.0,1.0,1.0,1.0,1.0,1.0,1.0,1.0,1.0,1.0,1.0,1.0,1.0,1.0,1.0,1.0,1.0,1.0,1.0,1.0,1.0,1.0,1.0,1.0,1.0,1.0,1.0,1.0,1.0,1.786646528239358,0.9377442747796065,0.8299015119274393,1.0660524687639334,0.7691587077721072,0.9503271191190288,1.1591698105587704,1.426429470305663,1.0055274262574938,1.0833902511446982,0.9616568229786779,1.252852032971005,0.8412602436329752,0.7094692802595373,0.9938246613676422,0.5782865137872897,0.9568051379612998,0.7159131393596764,0.777069750047807,1.382018714424957,0.9041185013869532,2.037509347826738,0.7724128607861647,1.1226527052998367,0.6983833166405309,0.7937433161237779,0.7580806671750552,0.9867071683267914,1.1884565056033407,0.82840972276704,0.8531952846700275,0.8587506457982572,0.7652754434045002,0.9581733439576218,2.0398232505918155,1.2263645319163847,1.5396491819889633,1.578756406532548,0.5744149998944286,1.4169465093186973,1.2340792047103373,1.099734673164718,0.9502320232781024,1.11350057313703,1.1129101702259674,1.1317267975045735,0.9975733713134254,1.5974425762432012,0.9888746468842384,1.3682435044041368,1.091004166207371,1.136104535978476,1.4496338777540678,2.051097915159076,1.0253963372252781,1.1513161129904557,1.8618437184152024,1.3309944476601592,0.8790955425357578,0.9093422571134024
1.0,1.0,1.0,1.0,1.0,1.0,1.0,1.0,1.0,1.0,1.0,1.0,1.0,1.0,1.0,1.0,1.0,1.0,1.0,1.0,1.0,1.0,1.0,1.0,1.0,1.0,1.0,1.0,1.0,1.0,1.0,1.0,1.0,1.0,1.0,1.0,1.0,1.0,1.0,1.0,1.0,1.0,1.0,1.0,1.0,1.0,1.0,1.0,1.0,1.0,1.0,1.0,1.0,1.0,1.0,1.0,1.0,1.0,1.0,1.0,1.0,1.0,1.0,1.0,1.0,1.0,1.0,1.0,1.0,1.0,1.0,1.0,1.0,1.0,1.0,1.0,1.0,1.0,1.0,1.0,1.0,1.0,1.0,1.0,1.0,1.0,1.0,1.0,1.0,1.0,1.0,1.0,1.0,1.0,1.0,1.0,1.0,1.0,1.0,1.0,1.0,1.0,1.0,1.0,1.0,1.0,1.0,1.0,1.0,1.0,1.0,1.0,1.0,1.0,1.0,1.0,1.0,1.0,1.0,1.0,1.0,1.0,1.0,1.0,1.0,1.0,1.0,1.0,1.0,1.0,1.0,1.0,1.0,1.0,1.0,1.0,1.0,1.0,1.0,1.0,1.0,1.0,1.0,1.0,1.0,1.0,1.0,1.0,1.0,1.0,1.0,1.0,1.0,1.0,1.0,1.0,1.0,1.0,1.0,1.0,1.0,1.0,1.0,1.0,1.0,1.0,1.0,1.0,1.0,1.0,1.0,1.0,1.0,1.0,1.0,1.0,1.0,1.0,1.0,1.0,1.0,1.0,1.0,1.0,1.0,1.0,1.0,1.0,1.0,1.0,1.0,1.0,1.0,1.0,1.0,1.0,1.0,1.0,1.0,1.0,1.0,1.0,1.0,1.0,1.0,1.0,1.0,1.0,1.0,1.0,1.0,1.0,1.0,1.0,1.0,1.0,1.0,1.0,1.0,1.0,1.0,1.0,1.0,1.0,1.0,1.0,1.0,1.0,1.0,1.0,1.0,1.0,1.0,1.0,1.0,1.0,1.0,1.0,1.0,1.0,1.0,1.0,1.0,1.0,1.0,1.0,1.0,1.0,1.0,1.0,1.0,1.0,1.0,1.0,1.0,1.0,1.0,1.0,1.0,1.0,1.0,1.0,1.0,1.0,1.0,1.0,1.0,1.0,1.0,1.0,1.0,1.0,1.0,1.0,1.0,1.0,1.0,1.0,1.0,1.0,1.0,1.0,1.0,1.0,1.0,1.0,1.0,1.0,1.0,1.0,1.0,1.0,1.0,1.0,1.0,1.0,1.0,1.0,1.0,1.0,1.0,1.0,1.0,1.0,1.0,1.0,1.0,1.0,1.0,1.0,1.0,1.0,1.0,1.0,1.0,1.0,1.0,1.0,1.0,1.0,1.0,1.0,1.0,1.0,1.0,1.0,1.0,1.0,1.0,1.0,1.0,1.0,1.0,1.0,1.0,1.0,1.0,1.0,1.0,1.0,1.0,1.0,1.0,1.0,1.0,1.0,1.0,1.0,1.0,1.0,1.0,1.0,1.0,1.0,1.0,1.0,1.0,1.0,1.0,1.0,1.0,1.0,1.0,1.0,1.0,1.0,1.0,1.0,1.0,1.0,1.0,1.0,1.0,1.0,1.0,1.0,1.0,1.0,1.0,1.0,1.0,1.0,1.0,1.0,1.0,1.0,1.0,1.0,1.0,1.0,1.0,1.0,1.0,0.5230466267100526,0.46183276242840243,0.593492183389017,0.42877211905868595,0.5298191291823091,0.6439706077027,0.7900488070476727,0.5601156423641604,0.60489017587226,0.5351867122121925,0.6920990410657174,0.4691908787573089,0.3946837204799407,0.5521296052765928,0.32046521967602926,0.5299660870960455,0.39667249482253963,0.43175032161161797,0.7668910485584162,0.5022526566748109,1.13023077095896,0.4310999063436498,0.6251683431754633,0.3890905198912068,0.4404958182401376,0.4228661274571937,0.5501178040111209,0.6622642404205459,0.46172446052574856,0.47539523163178143,0.47947693131810387,0.4246728360271891,0.5346053733398979,1.1376188804138065,0.6844052995221012,0.8662300232465109,0.880050742919466,0.31918722213112743,0.785494071983548,0.6871704607310096,0.6131150727788444,0.5310209853857026,0.6210813665550987,0.6210149416921238,0.6312051724997771,0.5574461041219905,0.8871050439340249,0.5490679108558544,0.7588757794041896,0.6101021188478815,0.6331387605549474,0.8077138094964634,1.1297822061966984,0.5685989061381673,0.6419383258918172,1.0409350021506893,0.7426222791962123,0.4878777439775216,0.506462056692931
1.0,1.0,1.0,1.0,1.0,1.0,1.0,1.0,1.0,1.0,1.0,1.0,1.0,1.0,1.0,1.0,1.0,1.0,1.0,1.0,1.0,1.0,1.0,1.0,1.0,1.0,1.0,1.0,1.0,1.0,1.0,1.0,1.0,1.0,1.0,1.0,1.0,1.0,1.0,1.0,1.0,1.0,1.0,1.0,1.0,1.0,1.0,1.0,1.0,1.0,1.0,1.0,1.0,1.0,1.0,1.0,1.0,1.0,1.0,1.0,1.0,1.0,1.0,1.0,1.0,1.0,1.0,1.0,1.0,1.0,1.0,1.0,1.0,1.0,1.0,1.0,1.0,1.0,1.0,1.0,1.0,1.0,1.0,1.0,1.0,1.0,1.0,1.0,1.0,1.0,1.0,1.0,1.0,1.0,1.0,1.0,1.0,1.0,1.0,1.0,1.0,1.0,1.0,1.0,1.0,1.0,1.0,1.0,1.0,1.0,1.0,1.0,1.0,1.0,1.0,1.0,1.0,1.0,1.0,1.0,1.0,1.0,1.0,1.0,1.0,1.0,1.0,1.0,1.0,1.0,1.0,1.0,1.0,1.0,1.0,1.0,1.0,1.0,1.0,1.0,1.0,1.0,1.0,1.0,1.0,1.0,1.0,1.0,1.0,1.0,1.0,1.0,1.0,1.0,1.0,1.0,1.0,1.0,1.0,1.0,1.0,1.0,1.0,1.0,1.0,1.0,1.0,1.0,1.0,1.0,1.0,1.0,1.0,1.0,1.0,1.0,1.0,1.0,1.0,1.0,1.0,1.0,1.0,1.0,1.0,1.0,1.0,1.0,1.0,1.0,1.0,1.0,1.0,1.0,1.0,1.0,1.0,1.0,1.0,1.0,1.0,1.0,1.0,1.0,1.0,1.0,1.0,1.0,1.0,1.0,1.0,1.0,1.0,1.0,1.0,1.0,1.0,1.0,1.0,1.0,1.0,1.0,1.0,1.0,1.0,1.0,1.0,1.0,1.0,1.0,1.0,1.0,1.0,1.0,1.0,1.0,1.0,1.0,1.0,1.0,1.0,1.0,1.0,1.0,1.0,1.0,1.0,1.0,1.0,1.0,1.0,1.0,1.0,1.0,1.0,1.0,1.0,1.0,1.0,1.0,1.0,1.0,1.0,1.0,1.0,1.0,1.0,1.0,1.0,1.0,1.0,1.0,1.0,1.0,1.0,1.0,1.0,1.0,1.0,1.0,1.0,1.0,1.0,1.0,1.0,1.0,1.0,1.0,1.0,1.0,1.0,1.0,1.0,1.0,1.0,1.0,1.0,1.0,1.0,1.0,1.0,1.0,1.0,1.0,1.0,1.0,1.0,1.0,1.0,1.0,1.0,1.0,1.0,1.0,1.0,1.0,1.0,1.0,1.0,1.0,1.0,1.0,1.0,1.0,1.0,1.0,1.0,1.0,1.0,1.0,1.0,1.0,1.0,1.0,1.0,1.0,1.0,1.0,1.0,1.0,1.0,1.0,1.0,1.0,1.0,1.0,1.0,1.0,1.0,1.0,1.0,1.0,1.0,1.0,1.0,1.0,1.0,1.0,1.0,1.0,1.0,1.0,1.0,1.0,1.0,1.0,1.0,1.0,1.0,1.0,1.0,1.0,1.0,1.0,1.0,1.0,1.0,1.0,1.0,1.0,1.0,1.0,1.0,1.0,1.0,1.0,1.0,1.0,1.0,1.0,1.0,1.0,1.0,1.0,0.8870906643344079,1.136076076283726,0.8188148757468624,1.0133131134698807,1.2394389593019304,1.5397585658150639,1.074024084397262,1.1528069679155797,1.0263110405846239,1.3491814332408403,0.8962325965427719,0.7573982288557818,1.0599278690116116,0.6189788730669199,1.0280559274039032,0.7679890111333523,0.8304291111759629,1.4785890390628347,0.9646618591811029,2.1803822524864604,0.8217099305251873,1.194050364687727,0.7433511553261107,0.8460419556287757,0.8066232719321954,1.0499935816344914,1.2656259244247523,0.8832328550928903,0.9083609562113423,0.9149055276766127,0.8199660770774099,1.0191562206474054,2.1786760803027803,1.3068107086498224,1.626766230637966,1.6711686844434153,0.6134474676955373,1.516877205599401,1.313673524750513,1.1714055470488756,1.0076731223402096,1.1845705227336247,1.1838227001197892,1.2042884541962087,1.0582204316757073,1.7051861524695042,1.058687399013051,1.4530534262330106,1.159137697184885,1.21017257913685,1.545553779023538,2.223336536091761,1.1008044479671129,1.2259409436748037,1.9826153617984459,1.4169713659473462,0.9398840941974493,0.9687527199274162
1.0,1.0,1.0,1.0,1.0,1.0,1.0,1.0,1.0,1.0,1.0,1.0,1.0,1.0,1.0,1.0,1.0,1.0,1.0,1.0,1.0,1.0,1.0,1.0,1.0,1.0,1.0,1.0,1.0,1.0,1.0,1.0,1.0,1.0,1.0,1.0,1.0,1.0,1.0,1.0,1.0,1.0,1.0,1.0,1.0,1.0,1.0,1.0,1.0,1.0,1.0,1.0,1.0,1.0,1.0,1.0,1.0,1.0,1.0,1.0,1.0,1.0,1.0,1.0,1.0,1.0,1.0,1.0,1.0,1.0,1.0,1.0,1.0,1.0,1.0,1.0,1.0,1.0,1.0,1.0,1.0,1.0,1.0,1.0,1.0,1.0,1.0,1.0,1.0,1.0,1.0,1.0,1.0,1.0,1.0,1.0,1.0,1.0,1.0,1.0,1.0,1.0,1.0,1.0,1.0,1.0,1.0,1.0,1.0,1.0,1.0,1.0,1.0,1.0,1.0,1.0,1.0,1.0,1.0,1.0,1.0,1.0,1.0,1.0,1.0,1.0,1.0,1.0,1.0,1.0,1.0,1.0,1.0,1.0,1.0,1.0,1.0,1.0,1.0,1.0,1.0,1.0,1.0,1.0,1.0,1.0,1.0,1.0,1.0,1.0,1.0,1.0,1.0,1.0,1.0,1.0,1.0,1.0,1.0,1.0,1.0,1.0,1.0,1.0,1.0,1.0,1.0,1.0,1.0,1.0,1.0,1.0,1.0,1.0,1.0,1.0,1.0,1.0,1.0,1.0,1.0,1.0,1.0,1.0,1.0,1.0,1.0,1.0,1.0,1.0,1.0,1.0,1.0,1.0,1.0,1.0,1.0,1.0,1.0,1.0,1.0,1.0,1.0,1.0,1.0,1.0,1.0,1.0,1.0,1.0,1.0,1.0,1.0,1.0,1.0,1.0,1.0,1.0,1.0,1.0,1.0,1.0,1.0,1.0,1.0,1.0,1.0,1.0,1.0,1.0,1.0,1.0,1.0,1.0,1.0,1.0,1.0,1.0,1.0,1.0,1.0,1.0,1.0,1.0,1.0,1.0,1.0,1.0,1.0,1.0,1.0,1.0,1.0,1.0,1.0,1.0,1.0,1.0,1.0,1.0,1.0,1.0,1.0,1.0,1.0,1.0,1.0,1.0,1.0,1.0,1.0,1.0,1.0,1.0,1.0,1.0,1.0,1.0,1.0,1.0,1.0,1.0,1.0,1.0,1.0,1.0,1.0,1.0,1.0,1.0,1.0,1.0,1.0,1.0,1.0,1.0,1.0,1.0,1.0,1.0,1.0,1.0,1.0,1.0,1.0,1.0,1.0,1.0,1.0,1.0,1.0,1.0,1.0,1.0,1.0,1.0,1.0,1.0,1.0,1.0,1.0,1.0,1.0,1.0,1.0,1.0,1.0,1.0,1.0,1.0,1.0,1.0,1.0,1.0,1.0,1.0,1.0,1.0,1.0,1.0,1.0,1.0,1.0,1.0,1.0,1.0,1.0,1.0,1.0,1.0,1.0,1.0,1.0,1.0,1.0,1.0,1.0,1.0,1.0,1.0,1.0,1.0,1.0,1.0,1.0,1.0,1.0,1.0,1.0,1.0,1.0,1.0,1.0,1.0,1.0,1.0,1.0,1.0,1.0,1.0,1.0,1.0,1.0,1.0,1.0,1.0,1.0,1.0,1.0,1.0,1.0,1.0,1.0,1.0,1.0,1.2772659094856886,0.9193357540054656,1.1386432609901465,1.3978901196750253,1.7472715568557042,1.2079022535883368,1.2934743982106707,1.1557017546231068,1.5314104298240463,1.006069862664386,0.8524239764506509,1.1953577031379468,0.6996652230238847,1.1642846427225964,0.8689005855451597,0.9360350803604531,1.670234630812848,1.0869320849114428,2.4619444766748133,0.921377219221849,1.3414582254288412,0.834879945713934,0.9540925194210992,0.9050534489678254,1.1784762287486226,1.4212687606786805,0.9923888385527468,1.0196116368989614,1.027177461974664,0.9264867035465675,1.142377586232043,2.449233255132344,1.4664126385241054,1.809709320104203,1.8730015231344437,0.6913711838577045,1.7137367548274516,1.4756471879728421,1.3150841485230256,1.1274379432245396,1.328982409877332,1.3278501193819805,1.3511111129389801,1.1845080864055209,1.9216643304283019,1.1954074546827385,1.633929178689969,1.2969809323154826,1.3590016710214428,1.7378980177161663,2.5370598864207508,1.2461946883908497,1.3762566713255817,2.222453764701311,1.5895832348662866,1.0603530598394384,1.0887845805669016
1.0,1.0,1.0,1.0,1.0,1.0,1.0,1.0,1.0,1.0,1.0,1.0,1.0,1.0,1.0,1.0,1.0,1.0,1.0,1.0,1.0,1.0,1.0,1.0,1.0,1.0,1.0,1.0,1.0,1.0,1.0,1.0,1.0,1.0,1.0,1.0,1.0,1.0,1.0,1.0,1.0,1.0,1.0,1.0,1.0,1.0,1.0,1.0,1.0,1.0,1.0,1.0,1.0,1.0,1.0,1.0,1.0,1.0,1.0,1.0,1.0,1.0,1.0,1.0,1.0,1.0,1.0,1.0,1.0,1.0,1.0,1.0,1.0,1.0,1.0,1.0,1.0,1.0,1.0,1.0,1.0,1.0,1.0,1.0,1.0,1.0,1.0,1.0,1.0,1.0,1.0,1.0,1.0,1.0,1.0,1.0,1.0,1.0,1.0,1.0,1.0,1.0,1.0,1.0,1.0,1.0,1.0,1.0,1.0,1.0,1.0,1.0,1.0,1.0,1.0,1.0,1.0,1.0,1.0,1.0,1.0,1.0,1.0,1.0,1.0,1.0,1.0,1.0,1.0,1.0,1.0,1.0,1.0,1.0,1.0,1.0,1.0,1.0,1.0,1.0,1.0,1.0,1.0,1.0,1.0,1.0,1.0,1.0,1.0,1.0,1.0,1.0,1.0,1.0,1.0,1.0,1.0,1.0,1.0,1.0,1.0,1.0,1.0,1.0,1.0,1.0,1.0,1.0,1.0,1.0,1.0,1.0,1.0,1.0,1.0,1.0,1.0,1.0,1.0,1.0,1.0,1.0,1.0,1.0,1.0,1.0,1.0,1.0,1.0,1.0,1.0,1.0,1.0,1.0,1.0,1.0,1.0,1.0,1.0,1.0,1.0,1.0,1.0,1.0,1.0,1.0,1.0,1.0,1.0,1.0,1.0,1.0,1.0,1.0,1.0,1.0,1.0,1.0,1.0,1.0,1.0,1.0,1.0,1.0,1.0,1.0,1.0,1.0,1.0,1.0,1.0,1.0,1.0,1.0,1.0,1.0,1.0,1.0,1.0,1.0,1.0,1.0,1.0,1.0,1.0,1.0,1.0,1.0,1.0,1.0,1.0,1.0,1.0,1.0,1.0,1.0,1.0,1.0,1.0,1.0,1.0,1.0,1.0,1.0,1.0,1.0,1.0,1.0,1.0,1.0,1.0,1.0,1.0,1.0,1.0,1.0,1.0,1.0,1.0,1.0,1.0,1.0,1.0,1.0,1.0,1.0,1.0,1.0,1.0,1.0,1.0,1.0,1.0,1.0,1.0,1.0,1.0,1.0,1.0,1.0,1.0,1.0,1.0,1.0,1.0,1.0,1.0,1.0,1.0,1.0,1.0,1.0,1.0,1.0,1.0,1.0,1.0,1.0,1.0,1.0,1.0,1.0,1.0,1.0,1.0,1.0,1.0,1.0,1.0,1.0,1.0,1.0,1.0,1.0,1.0,1.0,1.0,1.0,1.0,1.0,1.0,1.0,1.0,1.0,1.0,1.0,1.0,1.0,1.0,1.0,1.0,1.0,1.0,1.0,1.0,1.0,1.0,1.0,1.0,1.0,1.0,1.0,1.0,1.0,1.0,1.0,1.0,1.0,1.0,1.0,1.0,1.0,1.0,1.0,1.0,1.0,1.0,1.0,1.0,1.0,1.0,1.0,1.0,1.0,1.0,1.0,1.0,1.0,1.0,1.0,1.0,1.0,1.0,1.0,1.0,1.0,0.7195380954986157,0.889797685218787,1.0928275749668779,1.361134322857809,0.9447527931561669,1.0114691108204903,0.9028075288442978,1.1923810511950208,0.787369252302095,0.6667515881543099,0.9327729804330589,0.5457874544802515,0.9076273518950542,0.6772966257096917,0.7311509019000919,1.304115465446525,0.8495614343786693,1.9243865552946833,0.7213472571116095,1.0500400006492894,0.6532571613758622,0.7449968528330486,0.7084774822345591,0.9225314134467727,1.1124727556620042,0.7759633920244553,0.7985288315188968,0.8032854578580728,0.7225865023382816,0.8951646850976316,1.9138650966136255,1.1474197879303365,1.4207591811050813,1.4688018117144923,0.5400048762881444,1.339461556043327,1.156314494059032,1.0294633569894067,0.8845583757770206,1.0408411465226337,1.0395861791545007,1.0575898543412041,0.9286106500027114,1.5020334359876832,0.9321484724089732,1.2805846044999978,1.017575491705749,1.0637024848299088,1.3579186393820013,1.9688577805206475,0.9708323252215314,1.0770932731204597,1.7374533325816208,1.2444161441763084,0.8282803255286016,0.8514491041619225
1.0,1.0,1.0,1.0,1.0,1.0,1.0,1.0,1.0,1.0,1.0,1.0,1.0,1.0,1.0,1.0,1.0,1.0,1.0,1.0,1.0,1.0,1.0,1.0,1.0,1.0,1.0,1.0,1.0,1.0,1.0,1.0,1.0,1.0,1.0,1.0,1.0,1.0,1.0,1.0,1.0,1.0,1.0,1.0,1.0,1.0,1.0,1.0,1.0,1.0,1.0,1.0,1.0,1.0,1.0,1.0,1.0,1.0,1.0,1.0,1.0,1.0,1.0,1.0,1.0,1.0,1.0,1.0,1.0,1.0,1.0,1.0,1.0,1.0,1.0,1.0,1.0,1.0,1.0,1.0,1.0,1.0,1.0,1.0,1.0,1.0,1.0,1.0,1.0,1.0,1.0,1.0,1.0,1.0,1.0,1.0,1.0,1.0,1.0,1.0,1.0,1.0,1.0,1.0,1.0,1.0,1.0,1.0,1.0,1.0,1.0,1.0,1.0,1.0,1.0,1.0,1.0,1.0,1.0,1.0,1.0,1.0,1.0,1.0,1.0,1.0,1.0,1.0,1.0,1.0,1.0,1.0,1.0,1.0,1.0,1.0,1.0,1.0,1.0,1.0,1.0,1.0,1.0,1.0,1.0,1.0,1.0,1.0,1.0,1.0,1.0,1.0,1.0,1.0,1.0,1.0,1.0,1.0,1.0,1.0,1.0,1.0,1.0,1.0,1.0,1.0,1.0,1.0,1.0,1.0,1.0,1.0,1.0,1.0,1.0,1.0,1.0,1.0,1.0,1.0,1.0,1.0,1.0,1.0,1.0,1.0,1.0,1.0,1.0,1.0,1.0,1.0,1.0,1.0,1.0,1.0,1.0,1.0,1.0,1.0,1.0,1.0,1.0,1.0,1.0,1.0,1.0,1.0,1.0,1.0,1.0,1.0,1.0,1.0,1.0,1.0,1.0,1.0,1.0,1.0,1.0,1.0,1.0,1.0,1.0,1.0,1.0,1.0,1.0,1.0,1.0,1.0,1.0,1.0,1.0,1.0,1.0,1.0,1.0,1.0,1.0,1.0,1.0,1.0,1.0,1.0,1.0,1.0,1.0,1.0,1.0,1.0,1.0,1.0,1.0,1.0,1.0,1.0,1.0,1.0,1.0,1.0,1.0,1.0,1.0,1.0,1.0,1.0,1.0,1.0,1.0,1.0,1.0,1.0,1.0,1.0,1.0,1.0,1.0,1.0,1.0,1.0,1.0,1.0,1.0,1.0,1.0,1.0,1.0,1.0,1.0,1.0,1.0,1.0,1.0,1.0,1.0,1.0,1.0,1.0,1.0,1.0,1.0,1.0,1.0,1.0,1.0,1.0,1.0,1.0,1.0,1.0,1.0,1.0,1.0,1.0,1.0,1.0,1.0,1.0,1.0,1.0,1.0,1.0,1.0,1.0,1.0,1.0,1.0,1.0,1.0,1.0,1.0,1.0,1.0,1.0,1.0,1.0,1.0,1.0,1.0,1.0,1.0,1.0,1.0,1.0,1.0,1.0,1.0,1.0,1.0,1.0,1.0,1.0,1.0,1.0,1.0,1.0,1.0,1.0,1.0,1.0,1.0,1.0,1.0,1.0,1.0,1.0,1.0,1.0,1.0,1.0,1.0,1.0,1.0,1.0,1.0,1.0,1.0,1.0,1.0,1.0,1.0,1.0,1.0,1.0,1.0,1.0,1.0,1.0,1.0,1.0,1.0,1.0,1.0,1.0,1.0,1.2362750559216031,1.5114254891840437,1.8723965802549767,1.3096614061496483,1.4085470231814448,1.253299293823278,1.642567587584963,1.0938141189563853,0.9239400029439695,1.294758522597261,0.755067648608828,1.2526899076913014,0.9361459196642441,1.0128191120117294,1.8034154536587623,1.177667292715992,2.6593732047691483,1.003405615228584,1.4589110015063398,0.9078593317417367,1.0336235386392045,0.9851793644511204,1.2820093617793646,1.5449553435592756,1.0772948497871322,1.1089446212307639,1.1165643331038968,0.9994746981927985,1.2441096046561166,2.6586678940671673,1.594931713711642,1.9876810843810786,2.0467529299623095,0.7486084757459739,1.8491251023908253,1.6041227567906944,1.4297206003693659,1.2317673971759162,1.4466343872108784,1.4462459214917376,1.4705757876557115,1.2936412503663348,2.0811062859356992,1.2911830490118947,1.7750101464096537,1.4156906534316078,1.4772418841942285,1.8866087136081224,2.705587859504866,1.3411940309412411,1.4967518759752485,2.4166766513919797,1.7290578558861007,1.146181399656574,1.1828750403662724
1.0,1.0,1.0,1.0,1.0,1.0,1.0,1.0,1.0,1.0,1.0,1.0,1.0,1.0,1.0,1.0,1.0,1.0,1.0,1.0,1.0,1.0,1.0,1.0,1.0,1.0,1.0,1.0,1.0,1.0,1.0,1.0,1.0,1.0,1.0,1.0,1.0,1.0,1.0,1.0,1.0,1.0,1.0,1.0,1.0,1.0,1.0,1.0,1.0,1.0,1.0,1.0,1.0,1.0,1.0,1.0,1.0,1.0,1.0,1.0,1.0,1.0,1.0,1.0,1.0,1.0,1.0,1.0,1.0,1.0,1.0,1.0,1.0,1.0,1.0,1.0,1.0,1.0,1.0,1.0,1.0,1.0,1.0,1.0,1.0,1.0,1.0,1.0,1.0,1.0,1.0,1.0,1.0,1.0,1.0,1.0,1.0,1.0,1.0,1.0,1.0,1.0,1.0,1.0,1.0,1.0,1.0,1.0,1.0,1.0,1.0,1.0,1.0,1.0,1.0,1.0,1.0,1.0,1.0,1.0,1.0,1.0,1.0,1.0,1.0,1.0,1.0,1.0,1.0,1.0,1.0,1.0,1.0,1.0,1.0,1.0,1.0,1.0,1.0,1.0,1.0,1.0,1.0,1.0,1.0,1.0,1.0,1.0,1.0,1.0,1.0,1.0,1.0,1.0,1.0,1.0,1.0,1.0,1.0,1.0,1.0,1.0,1.0,1.0,1.0,1.0,1.0,1.0,1.0,1.0,1.0,1.0,1.0,1.0,1.0,1.0,1.0,1.0,1.0,1.0,1.0,1.0,1.0,1.0,1.0,1.0,1.0,1.0,1.0,1.0,1.0,1.0,1.0,1.0,1.0,1.0,1.0,1.0,1.0,1.0,1.0,1.0,1.0,1.0,1.0,1.0,1.0,1.0,1.0,1.0,1.0,1.0,1.0,1.0,1.0,1.0,1.0,1.0,1.0,1.0,1.0,1.0,1.0,1.0,1.0,1.0,1.0,1.0,1.0,1.0,1.0,1.0,1.0,1.0,1.0,1.0,1.0,1.0,1.0,1.0,1.0,1.0,1.0,1.0,1.0,1.0,1.0,1.0,1.0,1.0,1.0,1.0,1.0,1.0,1.0,1.0,1.0,1.0,1.0,1.0,1.0,1.0,1.0,1.0,1.0,1.0,1.0,1.0,1.0,1.0,1.0,1.0,1.0,1.0,1.0,1.0,1.0,1.0,1.0,1.0,1.0,1.0,1.0,1.0,1.0,1.0,1.0,1.0,1.0,1.0,1.0,1.0,1.0,1.0,1.0,1.0,1.0,1.0,1.0,1.0,1.0,1.0,1.0,1.0,1.0,1.0,1.0,1.0,1.0,1.0,1.0,1.0,1.0,1.0,1.0,1.0,1.0,1.0,1.0,1.0,1.0,1.0,1.0,1.0,1.0,1.0,1.0,1.0,1.0,1.0,1.0,1.0,1.0,1.0,1.0,1.0,1.0,1.0,1.0,1.0,1.0,1.0,1.0,1.0,1.0,1.0,1.0,1.0,1.0,1.0,1.0,1.0,1.0,1.0,1.0,1.0,1.0,1.0,1.0,1.0,1.0,1.0,1.0,1.0,1.0,1.0,1.0,1.0,1.0,1.0,1.0,1.0,1.0,1.0,1.0,1.0,1.0,1.0,1.0,1.0,1.0,1.0,1.0,1.0,1.0,1.0,1.0,1.0,1.0,1.0,1.0,1.0,1.0,1.0,1.0,1.0,1.0,1.0,1.2206712602129048,1.5134895701042315,1.0577730227439035,1.1362278878802328,1.0111896680930283,1.329086068369597,0.8828148529081521,0.7458652684411144,1.0450113184837204,0.610035028818376,1.0122551015865044,0.7566898279518026,0.8182431832255783,1.457245005438343,0.9510736061289887,2.146632617268808,0.8095356447881767,1.1770216144562853,0.7325142607053704,0.8341725787409748,0.7947525418821548,1.0345388318247508,1.246821052425777,0.870044589536082,0.8945415465863833,0.900890784055177,0.8077637073027436,1.0037442100114546,2.146210499859138,1.2872036015609645,1.6022024116813673,1.648572205167827,0.6043788451661171,1.49424675381758,1.2937011194208736,1.1536686079943435,0.9925852991805784,1.1669288641499813,1.1664242059565992,1.186560990577878,1.0423152129473765,1.679706625131771,1.0433068640971017,1.432998154561151,1.1407370044137375,1.191865579875409,1.5228551249671778,2.1904438914818183,1.084137831828942,1.2078530523497273,1.954689307972031,1.3955909451457686,0.9255724963937743,0.9546545020997186
1.0,1.0,1.0,1.0,1.0,1.0,1.0,1.0,1.0,1.0,1.0,1.0,1.0,1.0,1.0,1.0,1.0,1.0,1.0,1.0,1.0,1.0,1.0,1.0,1.0,1.0,1.0,1.0,1.0,1.0,1.0,1.0,1.0,1.0,1.0,1.0,1.0,1.0,1.0,1.0,1.0,1.0,1.0,1.0,1.0,1.0,1.0,1.0,1.0,1.0,1.0,1.0,1.0,1.0,1.0,1.0,1.0,1.0,1.0,1.0,1.0,1.0,1.0,1.0,1.0,1.0,1.0,1.0,1.0,1.0,1.0,1.0,1.0,1.0,1.0,1.0,1.0,1.0,1.0,1.0,1.0,1.0,1.0,1.0,1.0,1.0,1.0,1.0,1.0,1.0,1.0,1.0,1.0,1.0,1.0,1.0,1.0,1.0,1.0,1.0,1.0,1.0,1.0,1.0,1.0,1.0,1.0,1.0,1.0,1.0,1.0,1.0,1.0,1.0,1.0,1.0,1.0,1.0,1.0,1.0,1.0,1.0,1.0,1.0,1.0,1.0,1.0,1.0,1.0,1.0,1.0,1.0,1.0,1.0,1.0,1.0,1.0,1.0,1.0,1.0,1.0,1.0,1.0,1.0,1.0,1.0,1.0,1.0,1.0,1.0,1.0,1.0,1.0,1.0,1.0,1.0,1.0,1.0,1.0,1.0,1.0,1.0,1.0,1.0,1.0,1.0,1.0,1.0,1.0,1.0,1.0,1.0,1.0,1.0,1.0,1.0,1.0,1.0,1.0,1.0,1.0,1.0,1.0,1.0,1.0,1.0,1.0,1.0,1.0,1.0,1.0,1.0,1.0,1.0,1.0,1.0,1.0,1.0,1.0,1.0,1.0,1.0,1.0,1.0,1.0,1.0,1.0,1.0,1.0,1.0,1.0,1.0,1.0,1.0,1.0,1.0,1.0,1.0,1.0,1.0,1.0,1.0,1.0,1.0,1.0,1.0,1.0,1.0,1.0,1.0,1.0,1.0,1.0,1.0,1.0,1.0,1.0,1.0,1.0,1.0,1.0,1.0,1.0,1.0,1.0,1.0,1.0,1.0,1.0,1.0,1.0,1.0,1.0,1.0,1.0,1.0,1.0,1.0,1.0,1.0,1.0,1.0,1.0,1.0,1.0,1.0,1.0,1.0,1.0,1.0,1.0,1.0,1.0,1.0,1.0,1.0,1.0,1.0,1.0,1.0,1.0,1.0,1.0,1.0,1.0,1.0,1.0,1.0,1.0,1.0,1.0,1.0,1.0,1.0,1.0,1.0,1.0,1.0,1.0,1.0,1.0,1.0,1.0,1.0,1.0,1.0,1.0,1.0,1.0,1.0,1.0,1.0,1.0,1.0,1.0,1.0,1.0,1.0,1.0,1.0,1.0,1.0,1.0,1.0,1.0,1.0,1.0,1.0,1.0,1.0,1.0,1.0,1.0,1.0,1.0,1.0,1.0,1.0,1.0,1.0,1.0,1.0,1.0,1.0,1.0,1.0,1.0,1.0,1.0,1.0,1.0,1.0,1.0,1.0,1.0,1.0,1.0,1.0,1.0,1.0,1.0,1.0,1.0,1.0,1.0,1.0,1.0,1.0,1.0,1.0,1.0,1.0,1.0,1.0,1.0,1.0,1.0,1.0,1.0,1.0,1.0,1.0,1.0,1.0,1.0,1.0,1.0,1.0,1.0,1.0,1.0,1.0,1.0,1.0,1.0,1.0,1.0,1.0,1.0,1.2583752893743265,0.8598045563467573,0.9110925508008805,0.818142244952026,1.0998798156861995,0.7130751089677201,0.6070835287853658,0.8465388367063806,0.49860202716956453,0.8334076702065649,0.6200375365113423,0.6663446815569354,1.1932836328509229,0.772615015137347,1.7611801987214735,0.6511218137979058,0.9500148781829323,0.5908680486572494,0.6763885848595447,0.6399922068176931,0.834587299066009,1.008061834400699,0.7041677820444348,0.7232115339820786,0.7270853516292484,0.6608202066512652,0.8098928089052111,1.731389894080936,1.0376302203999512,1.2687475563085222,1.3179417089087853,0.49121083412444644,1.2300713083815737,1.0496734754506947,0.9327872015895429,0.796451618079188,0.9414433626997829,0.9381566883794122,0.9556368044347101,0.8355694307445254,1.3683024205065015,0.8502715462434286,1.1648663141641116,0.918401330560568,0.9637636406661503,1.2298392607400284,1.821335240896165,0.890127388713631,0.9744132838523151,1.571087901520639,1.127011489107353,0.7569568306431683,0.7707485441508295
1.0,1.0,1.0,1.0,1.0,1.0,1.0,1.0,1.0,1.0,1.0,1.0,1.0,1.0,1.0,1.0,1.0,1.0,1.0,1.0,1.0,1.0,1.0,1.0,1.0,1.0,1.0,1.0,1.0,1.0,1.0,1.0,1.0,1.0,1.0,1.0,1.0,1.0,1.0,1.0,1.0,1.0,1.0,1.0,1.0,1.0,1.0,1.0,1.0,1.0,1.0,1.0,1.0,1.0,1.0,1.0,1.0,1.0,1.0,1.0,1.0,1.0,1.0,1.0,1.0,1.0,1.0,1.0,1.0,1.0,1.0,1.0,1.0,1.0,1.0,1.0,1.0,1.0,1.0,1.0,1.0,1.0,1.0,1.0,1.0,1.0,1.0,1.0,1.0,1.0,1.0,1.0,1.0,1.0,1.0,1.0,1.0,1.0,1.0,1.0,1.0,1.0,1.0,1.0,1.0,1.0,1.0,1.0,1.0,1.0,1.0,1.0,1.0,1.0,1.0,1.0,1.0,1.0,1.0,1.0,1.0,1.0,1.0,1.0,1.0,1.0,1.0,1.0,1.0,1.0,1.0,1.0,1.0,1.0,1.0,1.0,1.0,1.0,1.0,1.0,1.0,1.0,1.0,1.0,1.0,1.0,1.0,1.0,1.0,1.0,1.0,1.0,1.0,1.0,1.0,1.0,1.0,1.0,1.0,1.0,1.0,1.0,1.0,1.0,1.0,1.0,1.0,1.0,1.0,1.0,1.0,1.0,1.0,1.0,1.0,1.0,1.0,1.0,1.0,1.0,1.0,1.0,1.0,1.0,1.0,1.0,1.0,1.0,1.0,1.0,1.0,1.0,1.0,1.0,1.0,1.0,1.0,1.0,1.0,1.0,1.0,1.0,1.0,1.0,1.0,1.0,1.0,1.0,1.0,1.0,1.0,1.0,1.0,1.0,1.0,1.0,1.0,1.0,1.0,1.0,1.0,1.0,1.0,1.0,1.0,1.0,1.0,1.0,1.0,1.0,1.0,1.0,1.0,1.0,1.0,1.0,1.0,1.0,1.0,1.0,1.0,1.0,1.0,1.0,1.0,1.0,1.0,1.0,1.0,1.0,1.0,1.0,1.0,1.0,1.0,1.0,1.0,1.0,1.0,1.0,1.0,1.0,1.0,1.0,1.0,1.0,1.0,1.0,1.0,1.0,1.0,1.0,1.0,1.0,1.0,1.0,1.0,1.0,1.0,1.0,1.0,1.0,1.0,1.0,1.0,1.0,1.0,1.0,1.0,1.0,1.0,1.0,1.0,1.0,1.0,1.0,1.0,1.0,1.0,1.0,1.0,1.0,1.0,1.0,1.0,1.0,1.0,1.0,1.0,1.0,1.0,1.0,1.0,1.0,1.0,1.0,1.0,1.0,1.0,1.0,1.0,1.0,1.0,1.0,1.0,1.0,1.0,1.0,1.0,1.0,1.0,1.0,1.0,1.0,1.0,1.0,1.0,1.0,1.0,1.0,1.0,1.0,1.0,1.0,1.0,1.0,1.0,1.0,1.0,1.0,1.0,1.0,1.0,1.0,1.0,1.0,1.0,1.0,1.0,1.0,1.0,1.0,1.0,1.0,1.0,1.0,1.0,1.0,1.0,1.0,1.0,1.0,1.0,1.0,1.0,1.0,1.0,1.0,1.0,1.0,1.0,1.0,1.0,1.0,1.0,1.0,1.0,1.0,1.0,1.0,1.0,1.0,1.0,1.0,1.0,1.0,1.0,1.0,1.0,1.0,0.6531398838709366,0.6811440138769768,0.6202031057045498,0.8582649762304828,0.5373981995535964,0.4617780404969438,0.6401230001279987,0.3816014064216263,0.6464678298479527,0.4774884636524161,0.5076493484944951,0.9128937606234997,0.5853434933710977,1.3548876518690598,0.4883567855968594,0.7128019721731471,0.4440788192488433,0.510957530235836,0.48020479492212353,0.6277440607336289,0.7599486028710751,0.5321211431882199,0.5457123671672941,0.5482770353453691,0.5077588524758803,0.6081419982201828,1.313326398252733,0.7809399151802627,0.9330846553245282,0.9720031192310482,0.3738814325030186,0.9444349161690222,0.7939116581806415,0.7038353748290757,0.5924590208306788,0.7074191727267365,0.7025578817157934,0.716881994221755,0.6219641107565183,1.0413377722847978,0.648358423339271,0.8729554661647261,0.6891759118475957,0.7275882193658196,0.9289446674519266,1.4426700289771892,0.6875143348983742,0.7333624336439468,1.1791167953462591,0.8486963931539351,0.5794704805106807,0.5804541065920725
1.0,1.0,1.0,1.0,1.0,1.0,1.0,1.0,1.0,1.0,1.0,1.0,1.0,1.0,1.0,1.0,1.0,1.0,1.0,1.0,1.0,1.0,1.0,1.0,1.0,1.0,1.0,1.0,1.0,1.0,1.0,1.0,1.0,1.0,1.0,1.0,1.0,1.0,1.0,1.0,1.0,1.0,1.0,1.0,1.0,1.0,1.0,1.0,1.0,1.0,1.0,1.0,1.0,1.0,1.0,1.0,1.0,1.0,1.0,1.0,1.0,1.0,1.0,1.0,1.0,1.0,1.0,1.0,1.0,1.0,1.0,1.0,1.0,1.0,1.0,1.0,1.0,1.0,1.0,1.0,1.0,1.0,1.0,1.0,1.0,1.0,1.0,1.0,1.0,1.0,1.0,1.0,1.0,1.0,1.0,1.0,1.0,1.0,1.0,1.0,1.0,1.0,1.0,1.0,1.0,1.0,1.0,1.0,1.0,1.0,1.0,1.0,1.0,1.0,1.0,1.0,1.0,1.0,1.0,1.0,1.0,1.0,1.0,1.0,1.0,1.0,1.0,1.0,1.0,1.0,1.0,1.0,1.0,1.0,1.0,1.0,1.0,1.0,1.0,1.0,1.0,1.0,1.0,1.0,1.0,1.0,1.0,1.0,1.0,1.0,1.0,1.0,1.0,1.0,1.0,1.0,1.0,1.0,1.0,1.0,1.0,1.0,1.0,1.0,1.0,1.0,1.0,1.0,1.0,1.0,1.0,1.0,1.0,1.0,1.0,1.0,1.0,1.0,1.0,1.0,1.0,1.0,1.0,1.0,1.0,1.0,1.0,1.0,1.0,1.0,1.0,1.0,1.0,1.0,1.0,1.0,1.0,1.0,1.0,1.0,1.0,1.0,1.0,1.0,1.0,1.0,1.0,1.0,1.0,1.0,1.0,1.0,1.0,1.0,1.0,1.0,1.0,1.0,1.0,1.0,1.0,1.0,1.0,1.0,1.0,1.0,1.0,1.0,1.0,1.0,1.0,1.0,1.0,1.0,1.0,1.0,1.0,1.0,1.0,1.0,1.0,1.0,1.0,1.0,1.0,1.0,1.0,1.0,1.0,1.0,1.0,1.0,1.0,1.0,1.0,1.0,1.0,1.0,1.0,1.0,1.0,1.0,1.0,1.0,1.0,1.0,1.0,1.0,1.0,1.0,1.0,1.0,1.0,1.0,1.0,1.0,1.0,1.0,1.0,1.0,1.0,1.0,1.0,1.0,1.0,1.0,1.0,1.0,1.0,1.0,1.0,1.0,1.0,1.0,1.0,1.0,1.0,1.0,1.0,1.0,1.0,1.0,1.0,1.0,1.0,1.0,1.0,1.0,1.0,1.0,1.0,1.0,1.0,1.0,1.0,1.0,1.0,1.0,1.0,1.0,1.0,1.0,1.0,1.0,1.0,1.0,1.0,1.0,1.0,1.0,1.0,1.0,1.0,1.0,1.0,1.0,1.0,1.0,1.0,1.0,1.0,1.0,1.0,1.0,1.0,1.0,1.0,1.0,1.0,1.0,1.0,1.0,1.0,1.0,1.0,1.0,1.0,1.0,1.0,1.0,1.0,1.0,1.0,1.0,1.0,1.0,1.0,1.0,1.0,1.0,1.0,1.0,1.0,1.0,1.0,1.0,1.0,1.0,1.0,1.0,1.0,1.0,1.0,1.0,1.0,1.0,1.0,1.0,1.0,1.0,1.0,1.0,1.0,1.0,1.0,1.0,1.0,1.0,1.0,1.0,1.0,1.0658523034779699,0.9526339303351842,1.2662128113362638,0.8316545328292628,0.7052031952317865,0.9839589892661784,0.5772993205268464,0.9623518892552573,0.717265733072427,0.7734299687466613,1.3805507257465515,0.8975444185865795,2.0375751012105074,0.7609034124693307,1.1073954592759345,0.6891697280801073,0.7858189333943552,0.7473347279765261,0.9736512121779406,1.1748658559083294,0.8202434498087673,0.8431188889412671,0.8482737848138611,0.7651758644579929,0.9452965526231308,2.0211567581301777,1.2116637343514727,1.4956867090942256,1.5427296298340836,0.5705990204406592,1.4200828424519993,1.2213163979706056,1.0873714555072977,0.9319722351467897,1.0984724971099666,1.0960103528391052,1.1159104133713962,0.9779557842897224,1.5877395019932412,0.9862231705154308,1.352319558441232,1.073870165712128,1.123302246983163,1.4335177868905307,2.0914725037734225,1.0287832457169777,1.1369039543192305,1.8366339728626107,1.3146923375276343,0.8768007971534044,0.8985277973002943
1.0,1.0,1.0,1.0,1.0,1.0,1.0,1.0,1.0,1.0,1.0,1.0,1.0,1.0,1.0,1.0,1.0,1.0,1.0,1.0,1.0,1.0,1.0,1.0,1.0,1.0,1.0,1.0,1.0,1.0,1.0,1.0,1.0,1.0,1.0,1.0,1.0,1.0,1.0,1.0,1.0,1.0,1.0,1.0,1.0,1.0,1.0,1.0,1.0,1.0,1.0,1.0,1.0,1.0,1.0,1.0,1.0,1.0,1.0,1.0,1.0,1.0,1.0,1.0,1.0,1.0,1.0,1.0,1.0,1.0,1.0,1.0,1.0,1.0,1.0,1.0,1.0,1.0,1.0,1.0,1.0,1.0,1.0,1.0,1.0,1.0,1.0,1.0,1.0,1.0,1.0,1.0,1.0,1.0,1.0,1.0,1.0,1.0,1.0,1.0,1.0,1.0,1.0,1.0,1.0,1.0,1.0,1.0,1.0,1.0,1.0,1.0,1.0,1.0,1.0,1.0,1.0,1.0,1.0,1.0,1.0,1.0,1.0,1.0,1.0,1.0,1.0,1.0,1.0,1.0,1.0,1.0,1.0,1.0,1.0,1.0,1.0,1.0,1.0,1.0,1.0,1.0,1.0,1.0,1.0,1.0,1.0,1.0,1.0,1.0,1.0,1.0,1.0,1.0,1.0,1.0,1.0,1.0,1.0,1.0,1.0,1.0,1.0,1.0,1.0,1.0,1.0,1.0,1.0,1.0,1.0,1.0,1.0,1.0,1.0,1.0,1.0,1.0,1.0,1.0,1.0,1.0,1.0,1.0,1.0,1.0,1.0,1.0,1.0,1.0,1.0,1.0,1.0,1.0,1.0,1.0,1.0,1.0,1.0,1.0,1.0,1.0,1.0,1.0,1.0,1.0,1.0,1.0,1.0,1.0,1.0,1.0,1.0,1.0,1.0,1.0,1.0,1.0,1.0,1.0,1.0,1.0,1.0,1.0,1.0,1.0,1.0,1.0,1.0,1.0,1.0,1.0,1.0,1.0,1.0,1.0,1.0,1.0,1.0,1.0,1.0,1.0,1.0,1.0,1.0,1.0,1.0,1.0,1.0,1.0,1.0,1.0,1.0,1.0,1.0,1.0,1.0,1.0,1.0,1.0,1.0,1.0,1.0,1.0,1.0,1.0,1.0,1.0,1.0,1.0,1.0,1.0,1.0,1.0,1.0,1.0,1.0,1.0,1.0,1.0,1.0,1.0,1.0,1.0,1.0,1.0,1.0,1.0,1.0,1.0,1.0,1.0,1.0,1.0,1.0,1.0,1.0,1.0,1.0,1.0,1.0,1.0,1.0,1.0,1.0,1.0,1.0,1.0,1.0,1.0,1.0,1.0,1.0,1.0,1.0,1.0,1.0,1.0,1.0,1.0,1.0,1.0,1.0,1.0,1.0,1.0,1.0,1.0,1.0,1.0,1.0,1.0,1.0,1.0,1.0,1.0,1.0,1.0,1.0,1.0,1.0,1.0,1.0,1.0,1.0,1.0,1.0,1.0,1.0,1.0,1.0,1.0,1.0,1.0,1.0,1.0,1.0,1.0,1.0,1.0,1.0,1.0,1.0,1.0,1.0,1.0,1.0,1.0,1.0,1.0,1.0,1.0,1.0,1.0,1.0,1.0,1.0,1.0,1.0,1.0,1.0,1.0,1.0,1.0,1.0,1.0,1.0,1.0,1.0,1.0,1.0,1.0,1.0,1.0,1.0,1.0,1.0,1.0,1.0,1.0,1.0,1.0,0.8860331166940767,1.1488091830928517,0.7725699247619527,0.6505054846303862,0.9150337763773356,0.5311960053809603,0.8790084094633608,0.6579642207937627,0.7129539864249318,1.2676155436321008,0.8302910775595479,1.866643628587159,0.7099817538176901,1.031320191782979,0.6417661662992523,0.7297540947159498,0.6969962200704074,0.9058741358038411,1.0906712374768786,0.7599740023573347,0.7826280064590951,0.7893310276009184,0.7025666468937957,0.878535069483115,1.8807160262246803,1.127910058524107,1.4135177996867978,1.4541454956421793,0.5276799306926677,1.2959529949593427,1.1305454260278254,1.0092823495286332,0.8724413751567541,1.0224049988888888,1.0241616563856382,1.0400145600455837,0.9171894231753563,1.4652346236044722,0.9096961821976002,1.2481866083869042,1.001166115822055,1.0429128010767794,1.333570217366034,1.8935517175401568,0.9420193106686987,1.0579593049950151,1.7081366714333077,1.2205687513111492,0.8053202051499009,0.8361147470731962
1.0,1.0,1.0,1.0,1.0,1.0,1.0,1.0,1.0,1.0,1.0,1.0,1.0,1.0,1.0,1.0,1.0,1.0,1.0,1.0,1.0,1.0,1.0,1.0,1.0,1.0,1.0,1.0,1.0,1.0,1.0,1.0,1.0,1.0,1.0,1.0,1.0,1.0,1.0,1.0,1.0,1.0,1.0,1.0,1.0,1.0,1.0,1.0,1.0,1.0,1.0,1.0,1.0,1.0,1.0,1.0,1.0,1.0,1.0,1.0,1.0,1.0,1.0,1.0,1.0,1.0,1.0,1.0,1.0,1.0,1.0,1.0,1.0,1.0,1.0,1.0,1.0,1.0,1.0,1.0,1.0,1.0,1.0,1.0,1.0,1.0,1.0,1.0,1.0,1.0,1.0,1.0,1.0,1.0,1.0,1.0,1.0,1.0,1.0,1.0,1.0,1.0,1.0,1.0,1.0,1.0,1.0,1.0,1.0,1.0,1.0,1.0,1.0,1.0,1.0,1.0,1.0,1.0,1.0,1.0,1.0,1.0,1.0,1.0,1.0,1.0,1.0,1.0,1.0,1.0,1.0,1.0,1.0,1.0,1.0,1.0,1.0,1.0,1.0,1.0,1.0,1.0,1.0,1.0,1.0,1.0,1.0,1.0,1.0,1.0,1.0,1.0,1.0,1.0,1.0,1.0,1.0,1.0,1.0,1.0,1.0,1.0,1.0,1.0,1.0,1.0,1.0,1.0,1.0,1.0,1.0,1.0,1.0,1.0,1.0,1.0,1.0,1.0,1.0,1.0,1.0,1.0,1.0,1.0,1.0,1.0,1.0,1.0,1.0,1.0,1.0,1.0,1.0,1.0,1.0,1.0,1.0,1.0,1.0,1.0,1.0,1.0,1.0,1.0,1.0,1.0,1.0,1.0,1.0,1.0,1.0,1.0,1.0,1.0,1.0,1.0,1.0,1.0,1.0,1.0,1.0,1.0,1.0,1.0,1.0,1.0,1.0,1.0,1.0,1.0,1.0,1.0,1.0,1.0,1.0,1.0,1.0,1.0,1.0,1.0,1.0,1.0,1.0,1.0,1.0,1.0,1.0,1.0,1.0,1.0,1.0,1.0,1.0,1.0,1.0,1.0,1.0,1.0,1.0,1.0,1.0,1.0,1.0,1.0,1.0,1.0,1.0,1.0,1.0,1.0,1.0,1.0,1.0,1.0,1.0,1.0,1.0,1.0,1.0,1.0,1.0,1.0,1.0,1.0,1.0,1.0,1.0,1.0,1.0,1.0,1.0,1.0,1.0,1.0,1.0,1.0,1.0,1.0,1.0,1.0,1.0,1.0,1.0,1.0,1.0,1.0,1.0,1.0,1.0,1.0,1.0,1.0,1.0,1.0,1.0,1.0,1.0,1.0,1.0,1.0,1.0,1.0,1.0,1.0,1.0,1.0,1.0,1.0,1.0,1.0,1.0,1.0,1.0,1.0,1.0,1.0,1.0,1.0,1.0,1.0,1.0,1.0,1.0,1.0,1.0,1.0,1.0,1.0,1.0,1.0,1.0,1.0,1.0,1.0,1.0,1.0,1.0,1.0,1.0,1.0,1.0,1.0,1.0,1.0,1.0,1.0,1.0,1.0,1.0,1.0,1.0,1.0,1.0,1.0,1.0,1.0,1.0,1.0,1.0,1.0,1.0,1.0,1.0,1.0,1.0,1.0,1.0,1.0,1.0,1.0,1.0,1.0,1.0,1.0,1.0,1.0,1.0,1.0,1.0,1.0,1.0,1.0,1.0,1.3173450879170652,0.8691921697515379,0.7356658316565088,1.0331654831863328,0.6034568243173897,1.003778579173971,0.7491268808278898,0.8073541384472127,1.4397070946802275,0.9387244313456125,2.1241633297425224,0.7968434413432707,1.1601261529721865,0.721702877912266,0.824382923331641,0.7827744140212346,1.0185270114076928,1.2279776151876551,0.8560885659672501,0.8813381572691815,0.8872856331969452,0.7985887153077401,0.9870237102465573,2.119057669064277,1.2676630479795474,1.5666870524304373,1.6256993140910103,0.5970487594014708,1.4759115377421614,1.2755078513510487,1.1362191236566002,0.9760390550841943,1.1491478746644967,1.1489743773261578,1.168034278277934,1.0258540421039932,1.6589784832512238,1.0310887147203007,1.409325233014067,1.1225589862152487,1.1744498001035224,1.501598376905518,2.1865122058164568,1.0729723119127261,1.1896576558575442,1.9153361790459777,1.3724747463202154,0.9142158204421333,0.9410255405856502
1.0,1.0,1.0,1.0,1.0,1.0,1.0,1.0,1.0,1.0,1.0,1.0,1.0,1.0,1.0,1.0,1.0,1.0,1.0,1.0,1.0,1.0,1.0,1.0,1.0,1.0,1.0,1.0,1.0,1.0,1.0,1.0,1.0,1.0,1.0,1.0,1.0,1.0,1.0,1.0,1.0,1.0,1.0,1.0,1.0,1.0,1.0,1.0,1.0,1.0,1.0,1.0,1.0,1.0,1.0,1.0,1.0,1.0,1.0,1.0,1.0,1.0,1.0,1.0,1.0,1.0,1.0,1.0,1.0,1.0,1.0,1.0,1.0,1.0,1.0,1.0,1.0,1.0,1.0,1.0,1.0,1.0,1.0,1.0,1.0,1.0,1.0,1.0,1.0,1.0,1.0,1.0,1.0,1.0,1.0,1.0,1.0,1.0,1.0,1.0,1.0,1.0,1.0,1.0,1.0,1.0,1.0,1.0,1.0,1.0,1.0,1.0,1.0,1.0,1.0,1.0,1.0,1.0,1.0,1.0,1.0,1.0,1.0,1.0,1.0,1.0,1.0,1.0,1.0,1.0,1.0,1.0,1.0,1.0,1.0,1.0,1.0,1.0,1.0,1.0,1.0,1.0,1.0,1.0,1.0,1.0,1.0,1.0,1.0,1.0,1.0,1.0,1.0,1.0,1.0,1.0,1.0,1.0,1.0,1.0,1.0,1.0,1.0,1.0,1.0,1.0,1.0,1.0,1.0,1.0,1.0,1.0,1.0,1.0,1.0,1.0,1.0,1.0,1.0,1.0,1.0,1.0,1.0,1.0,1.0,1.0,1.0,1.0,1.0,1.0,1.0,1.0,1.0,1.0,1.0,1.0,1.0,1.0,1.0,1.0,1.0,1.0,1.0,1.0,1.0,1.0,1.0,1.0,1.0,1.0,1.0,1.0,1.0,1.0,1.0,1.0,1.0,1.0,1.0,1.0,1.0,1.0,1.0,1.0,1.0,1.0,1.0,1.0,1.0,1.0,1.0,1.0,1.0,1.0,1.0,1.0,1.0,1.0,1.0,1.0,1.0,1.0,1.0,1.0,1.0,1.0,1.0,1.0,1.0,1.0,1.0,1.0,1.0,1.0,1.0,1.0,1.0,1.0,1.0,1.0,1.0,1.0,1.0,1.0,1.0,1.0,1.0,1.0,1.0,1.0,1.0,1.0,1.0,1.0,1.0,1.0,1.0,1.0,1.0,1.0,1.0,1.0,1.0,1.0,1.0,1.0,1.0,1.0,1.0,1.0,1.0,1.0,1.0,1.0,1.0,1.0,1.0,1.0,1.0,1.0,1.0,1.0,1.0,1.0,1.0,1.0,1.0,1.0,1.0,1.0,1.0,1.0,1.0,1.0,1.0,1.0,1.0,1.0,1.0,1.0,1.0,1.0,1.0,1.0,1.0,1.0,1.0,1.0,1.0,1.0,1.0,1.0,1.0,1.0,1.0,1.0,1.0,1.0,1.0,1.0,1.0,1.0,1.0,1.0,1.0,1.0,1.0,1.0,1.0,1.0,1.0,1.0,1.0,1.0,1.0,1.0,1.0,1.0,1.0,1.0,1.0,1.0,1.0,1.0,1.0,1.0,1.0,1.0,1.0,1.0,1.0,1.0,1.0,1.0,1.0,1.0,1.0,1.0,1.0,1.0,1.0,1.0,1.0,1.0,1.0,1.0,1.0,1.0,1.0,1.0,1.0,1.0,1.0,1.0,1.0,1.0,1.0,1.0,1.0,1.0,1.0,1.0,1.0,1.0,0.6273988206424836,0.5383597019376687,0.749447533775464,0.44622840139600095,0.7514234921024617,0.5568325723725875,0.5926418367697543,1.0647433278162444,0.6853583568654126,1.5743502761681354,0.5708091337239205,0.8351170184976222,0.5197923402930432,0.599488627917234,0.5616994823555728,0.7333871668257357,0.8875579219754495,0.6208949527430818,0.6369454226850484,0.6386178747092458,0.591251498622281,0.7104802110353129,1.5284138893511874,0.9120041145396666,1.0852487565942273,1.1450584636897492,0.43643190431678336,1.1007485415741574,0.9253131935540596,0.8210992245653006,0.693404883474171,0.8263415505468898,0.8225247217498779,0.8390568220826812,0.7275382948673692,1.2166152965844488,0.7582894489852657,1.0284543373079236,0.8017180555898162,0.8490606072621982,1.0848729651346245,1.6750131036437215,0.7997097134848765,0.8568920948139235,1.374617808573562,0.9900001241708783,0.6755336235734428,0.6792404781190249
1.0,1.0,1.0,1.0,1.0,1.0,1.0,1.0,1.0,1.0,1.0,1.0,1.0,1.0,1.0,1.0,1.0,1.0,1.0,1.0,1.0,1.0,1.0,1.0,1.0,1.0,1.0,1.0,1.0,1.0,1.0,1.0,1.0,1.0,1.0,1.0,1.0,1.0,1.0,1.0,1.0,1.0,1.0,1.0,1.0,1.0,1.0,1.0,1.0,1.0,1.0,1.0,1.0,1.0,1.0,1.0,1.0,1.0,1.0,1.0,1.0,1.0,1.0,1.0,1.0,1.0,1.0,1.0,1.0,1.0,1.0,1.0,1.0,1.0,1.0,1.0,1.0,1.0,1.0,1.0,1.0,1.0,1.0,1.0,1.0,1.0,1.0,1.0,1.0,1.0,1.0,1.0,1.0,1.0,1.0,1.0,1.0,1.0,1.0,1.0,1.0,1.0,1.0,1.0,1.0,1.0,1.0,1.0,1.0,1.0,1.0,1.0,1.0,1.0,1.0,1.0,1.0,1.0,1.0,1.0,1.0,1.0,1.0,1.0,1.0,1.0,1.0,1.0,1.0,1.0,1.0,1.0,1.0,1.0,1.0,1.0,1.0,1.0,1.0,1.0,1.0,1.0,1.0,1.0,1.0,1.0,1.0,1.0,1.0,1.0,1.0,1.0,1.0,1.0,1.0,1.0,1.0,1.0,1.0,1.0,1.0,1.0,1.0,1.0,1.0,1.0,1.0,1.0,1.0,1.0,1.0,1.0,1.0,1.0,1.0,1.0,1.0,1.0,1.0,1.0,1.0,1.0,1.0,1.0,1.0,1.0,1.0,1.0,1.0,1.0,1.0,1.0,1.0,1.0,1.0,1.0,1.0,1.0,1.0,1.0,1.0,1.0,1.0,1.0,1.0,1.0,1.0,1.0,1.0,1.0,1.0,1.0,1.0,1.0,1.0,1.0,1.0,1.0,1.0,1.0,1.0,1.0,1.0,1.0,1.0,1.0,1.0,1.0,1.0,1.0,1.0,1.0,1.0,1.0,1.0,1.0,1.0,1.0,1.0,1.0,1.0,1.0,1.0,1.0,1.0,1.0,1.0,1.0,1.0,1.0,1.0,1.0,1.0,1.0,1.0,1.0,1.0,1.0,1.0,1.0,1.0,1.0,1.0,1.0,1.0,1.0,1.0,1.0,1.0,1.0,1.0,1.0,1.0,1.0,1.0,1.0,1.0,1.0,1.0,1.0,1.0,1.0,1.0,1.0,1.0,1.0,1.0,1.0,1.0,1.0,1.0,1.0,1.0,1.0,1.0,1.0,1.0,1.0,1.0,1.0,1.0,1.0,1.0,1.0,1.0,1.0,1.0,1.0,1.0,1.0,1.0,1.0,1.0,1.0,1.0,1.0,1.0,1.0,1.0,1.0,1.0,1.0,1.0,1.0,1.0,1.0,1.0,1.0,1.0,1.0,1.0,1.0,1.0,1.0,1.0,1.0,1.0,1.0,1.0,1.0,1.0,1.0,1.0,1.0,1.0,1.0,1.0,1.0,1.0,1.0,1.0,1.0,1.0,1.0,1.0,1.0,1.0,1.0,1.0,1.0,1.0,1.0,1.0,1.0,1.0,1.0,1.0,1.0,1.0,1.0,1.0,1.0,1.0,1.0,1.0,1.0,1.0,1.0,1.0,1.0,1.0,1.0,1.0,1.0,1.0,1.0,1.0,1.0,1.0,1.0,1.0,1.0,1.0,1.0,1.0,1.0,1.0,1.0,1.0,1.0,1.0,1.0,1.0,1.0,1.0,0.8450986885954954,1.1821679304618946,0.690273958489952,1.1462443533742361,0.8562075169752209,0.9263019451393771,1.649599925424846,1.0762665986529392,2.433011863469501,0.916824919163986,1.3326003091023444,0.8294000896735727,0.9437795612168214,0.9000343792194901,1.171699275901771,1.4123074863958873,0.9853559132493594,1.0136989856736822,1.020713977195076,0.9143422752433578,1.1374802994628113,2.429442586043402,1.4578223199788747,1.8163745958487352,1.8658802589049628,0.6842372414773864,1.6928122047788212,1.4665854587836022,1.3071386618621554,1.12505612345536,1.322042589727533,1.3209019464023637,1.3436713238738118,1.1812165846362555,1.902445065061996,1.180393111430587,1.6227233350312766,1.2941066559975436,1.350344913631943,1.7239080247403784,2.475454391185428,1.2272479845418531,1.367855838191034,2.211592871260394,1.5812034373529573,1.048536489180377,1.0807304303764416
1.0,1.0,1.0,1.0,1.0,1.0,1.0,1.0,1.0,1.0,1.0,1.0,1.0,1.0,1.0,1.0,1.0,1.0,1.0,1.0,1.0,1.0,1.0,1.0,1.0,1.0,1.0,1.0,1.0,1.0,1.0,1.0,1.0,1.0,1.0,1.0,1.0,1.0,1.0,1.0,1.0,1.0,1.0,1.0,1.0,1.0,1.0,1.0,1.0,1.0,1.0,1.0,1.0,1.0,1.0,1.0,1.0,1.0,1.0,1.0,1.0,1.0,1.0,1.0,1.0,1.0,1.0,1.0,1.0,1.0,1.0,1.0,1.0,1.0,1.0,1.0,1.0,1.0,1.0,1.0,1.0,1.0,1.0,1.0,1.0,1.0,1.0,1.0,1.0,1.0,1.0,1.0,1.0,1.0,1.0,1.0,1.0,1.0,1.0,1.0,1.0,1.0,1.0,1.0,1.0,1.0,1.0,1.0,1.0,1.0,1.0,1.0,1.0,1.0,1.0,1.0,1.0,1.0,1.0,1.0,1.0,1.0,1.0,1.0,1.0,1.0,1.0,1.0,1.0,1.0,1.0,1.0,1.0,1.0,1.0,1.0,1.0,1.0,1.0,1.0,1.0,1.0,1.0,1.0,1.0,1.0,1.0,1.0,1.0,1.0,1.0,1.0,1.0,1.0,1.0,1.0,1.0,1.0,1.0,1.0,1.0,1.0,1.0,1.0,1.0,1.0,1.0,1.0,1.0,1.0,1.0,1.0,1.0,1.0,1.0,1.0,1.0,1.0,1.0,1.0,1.0,1.0,1.0,1.0,1.0,1.0,1.0,1.0,1.0,1.0,1.0,1.0,1.0,1.0,1.0,1.0,1.0,1.0,1.0,1.0,1.0,1.0,1.0,1.0,1.0,1.0,1.0,1.0,1.0,1.0,1.0,1.0,1.0,1.0,1.0,1.0,1.0,1.0,1.0,1.0,1.0,1.0,1.0,1.0,1.0,1.0,1.0,1.0,1.0,1.0,1.0,1.0,1.0,1.0,1.0,1.0,1.0,1.0,1.0,1.0,1.0,1.0,1.0,1.0,1.0,1.0,1.0,1.0,1.0,1.0,1.0,1.0,1.0,1.0,1.0,1.0,1.0,1.0,1.0,1.0,1.0,1.0,1.0,1.0,1.0,1.0,1.0,1.0,1.0,1.0,1.0,1.0,1.0,1.0,1.0,1.0,1.0,1.0,1.0,1.0,1.0,1.0,1.0,1.0,1.0,1.0,1.0,1.0,1.0,1.0,1.0,1.0,1.0,1.0,1.0,1.0,1.0,1.0,1.0,1.0,1.0,1.0,1.0,1.0,1.0,1.0,1.0,1.0,1.0,1.0,1.0,1.0,1.0,1.0,1.0,1.0,1.0,1.0,1.0,1.0,1.0,1.0,1.0,1.0,1.0,1.0,1.0,1.0,1.0,1.0,1.0,1.0,1.0,1.0,1.0,1.0,1.0,1.0,1.0,1.0,1.0,1.0,1.0,1.0,1.0,1.0,1.0,1.0,1.0,1.0,1.0,1.0,1.0,1.0,1.0,1.0,1.0,1.0,1.0,1.0,1.0,1.0,1.0,1.0,1.0,1.0,1.0,1.0,1.0,1.0,1.0,1.0,1.0,1.0,1.0,1.0,1.0,1.0,1.0,1.0,1.0,1.0,1.0,1.0,1.0,1.0,1.0,1.0,1.0,1.0,1.0,1.0,1.0,1.0,1.0,1.0,1.0,1.0,1.0,1.0,1.0,1.0,1.0,1.0,1.0,1.0,1.3958918708505288,0.8194578633578525,1.3659414669907863,1.0179686278556523,1.0968507235502383,1.9585543100651384,1.2726197719679007,2.8917164908030193,1.0777030213817533,1.5692183975463376,0.9766659283514183,1.1151515877495775,1.0585745403737652,1.3794409615644783,1.664538393159643,1.1622828357180555,1.1948515615047635,1.2016858216414523,1.0856783178224334,1.3389357121695964,2.8617384213928476,1.715407220382669,2.113617851358347,2.184417602611833,0.8093959395533407,2.014813208414698,1.7312576744437829,1.5406492964229956,1.3195834192793965,1.5560023041696285,1.5524957671709556,1.5807123193420884,1.3849460773513986,2.2526835740417894,1.398541091226361,1.9178867735997551,1.5200487729070606,1.5917138587717368,2.0316650010066803,2.971223153004134,1.4604360368476548,1.6105123867671436,2.5994449655713168,1.8622826928878067,1.2443698054898982,1.2733608640983682
1.0,1.0,1.0,1.0,1.0,1.0,1.0,1.0,1.0,1.0,1.0,1.0,1.0,1.0,1.0,1.0,1.0,1.0,1.0,1.0,1.0,1.0,1.0,1.0,1.0,1.0,1.0,1.0,1.0,1.0,1.0,1.0,1.0,1.0,1.0,1.0,1.0,1.0,1.0,1.0,1.0,1.0,1.0,1.0,1.0,1.0,1.0,1.0,1.0,1.0,1.0,1.0,1.0,1.0,1.0,1.0,1.0,1.0,1.0,1.0,1.0,1.0,1.0,1.0,1.0,1.0,1.0,1.0,1.0,1.0,1.0,1.0,1.0,1.0,1.0,1.0,1.0,1.0,1.0,1.0,1.0,1.0,1.0,1.0,1.0,1.0,1.0,1.0,1.0,1.0,1.0,1.0,1.0,1.0,1.0,1.0,1.0,1.0,1.0,1.0,1.0,1.0,1.0,1.0,1.0,1.0,1.0,1.0,1.0,1.0,1.0,1.0,1.0,1.0,1.0,1.0,1.0,1.0,1.0,1.0,1.0,1.0,1.0,1.0,1.0,1.0,1.0,1.0,1.0,1.0,1.0,1.0,1.0,1.0,1.0,1.0,1.0,1.0,1.0,1.0,1.0,1.0,1.0,1.0,1.0,1.0,1.0,1.0,1.0,1.0,1.0,1.0,1.0,1.0,1.0,1.0,1.0,1.0,1.0,1.0,1.0,1.0,1.0,1.0,1.0,1.0,1.0,1.0,1.0,1.0,1.0,1.0,1.0,1.0,1.0,1.0,1.0,1.0,1.0,1.0,1.0,1.0,1.0,1.0,1.0,1.0,1.0,1.0,1.0,1.0,1.0,1.0,1.0,1.0,1.0,1.0,1.0,1.0,1.0,1.0,1.0,1.0,1.0,1.0,1.0,1.0,1.0,1.0,1.0,1.0,1.0,1.0,1.0,1.0,1.0,1.0,1.0,1.0,1.0,1.0,1.0,1.0,1.0,1.0,1.0,1.0,1.0,1.0,1.0,1.0,1.0,1.0,1.0,1.0,1.0,1.0,1.0,1.0,1.0,1.0,1.0,1.0,1.0,1.0,1.0,1.0,1.0,1.0,1.0,1.0,1.0,1.0,1.0,1.0,1.0,1.0,1.0,1.0,1.0,1.0,1.0,1.0,1.0,1.0,1.0,1.0,1.0,1.0,1.0,1.0,1.0,1.0,1.0,1.0,1.0,1.0,1.0,1.0,1.0,1.0,1.0,1.0,1.0,1.0,1.0,1.0,1.0,1.0,1.0,1.0,1.0,1.0,1.0,1.0,1.0,1.0,1.0,1.0,1.0,1.0,1.0,1.0,1.0,1.0,1.0,1.0,1.0,1.0,1.0,1.0,1.0,1.0,1.0,1.0,1.0,1.0,1.0,1.0,1.0,1.0,1.0,1.0,1.0,1.0,1.0,1.0,1.0,1.0,1.0,1.0,1.0,1.0,1.0,1.0,1.0,1.0,1.0,1.0,1.0,1.0,1.0,1.0,1.0,1.0,1.0,1.0,1.0,1.0,1.0,1.0,1.0,1.0,1.0,1.0,1.0,1.0,1.0,1.0,1.0,1.0,1.0,1.0,1.0,1.0,1.0,1.0,1.0,1.0,1.0,1.0,1.0,1.0,1.0,1.0,1.0,1.0,1.0,1.0,1.0,1.0,1.0,1.0,1.0,1.0,1.0,1.0,1.0,1.0,1.0,1.0,1.0,1.0,1.0,1.0,1.0,1.0,1.0,1.0,1.0,1.0,1.0,1.0,1.0,1.0,1.0,1.0,1.0,0.5835386751207946,0.968981556892131,0.7239588718548803,0.7798384735702852,1.3913363477347533,0.9071318622230395,2.0508184684118707,0.7680980442409949,1.1200514450044112,0.6965175466804772,0.7979304394772911,0.7546704854089805,0.9822058892763187,1.1843777297226183,0.8260799200365241,0.8497018784242634,0.855319706664624,0.7712119347860265,0.9517674769640863,2.0389547194465205,1.2213935885599596,1.5063873702287256,1.5689823357758295,0.5765367296322548,1.4262748770693203,1.23030900142275,1.0956014170773405,0.9405549539482535,1.1079491802740111,1.1080048395272888,1.1264008246223471,0.9890396147878048,1.6023632258163287,0.9965456252211827,1.3657816948031287,1.0803784978326794,1.1323404513074204,1.4484100389762053,2.1116378504094055,1.0364640258292783,1.146987162839909,1.8483677748674758,1.3232636855367779,0.883226279412502,0.9080997491969801
1.0,1.0,1.0,1.0,1.0,1.0,1.0,1.0,1.0,1.0,1.0,1.0,1.0,1.0,1.0,1.0,1.0,1.0,1.0,1.0,1.0,1.0,1.0,1.0,1.0,1.0,1.0,1.0,1.0,1.0,1.0,1.0,1.0,1.0,1.0,1.0,1.0,1.0,1.0,1.0,1.0,1.0,1.0,1.0,1.0,1.0,1.0,1.0,1.0,1.0,1.0,1.0,1.0,1.0,1.0,1.0,1.0,1.0,1.0,1.0,1.0,1.0,1.0,1.0,1.0,1.0,1.0,1.0,1.0,1.0,1.0,1.0,1.0,1.0,1.0,1.0,1.0,1.0,1.0,1.0,1.0,1.0,1.0,1.0,1.0,1.0,1.0,1.0,1.0,1.0,1.0,1.0,1.0,1.0,1.0,1.0,1.0,1.0,1.0,1.0,1.0,1.0,1.0,1.0,1.0,1.0,1.0,1.0,1.0,1.0,1.0,1.0,1.0,1.0,1.0,1.0,1.0,1.0,1.0,1.0,1.0,1.0,1.0,1.0,1.0,1.0,1.0,1.0,1.0,1.0,1.0,1.0,1.0,1.0,1.0,1.0,1.0,1.0,1.0,1.0,1.0,1.0,1.0,1.0,1.0,1.0,1.0,1.0,1.0,1.0,1.0,1.0,1.0,1.0,1.0,1.0,1.0,1.0,1.0,1.0,1.0,1.0,1.0,1.0,1.0,1.0,1.0,1.0,1.0,1.0,1.0,1.0,1.0,1.0,1.0,1.0,1.0,1.0,1.0,1.0,1.0,1.0,1.0,1.0,1.0,1.0,1.0,1.0,1.0,1.0,1.0,1.0,1.0,1.0,1.0,1.0,1.0,1.0,1.0,1.0,1.0,1.0,1.0,1.0,1.0,1.0,1.0,1.0,1.0,1.0,1.0,1.0,1.0,1.0,1.0,1.0,1.0,1.0,1.0,1.0,1.0,1.0,1.0,1.0,1.0,1.0,1.0,1.0,1.0,1.0,1.0,1.0,1.0,1.0,1.0,1.0,1.0,1.0,1.0,1.0,1.0,1.0,1.0,1.0,1.0,1.0,1.0,1.0,1.0,1.0,1.0,1.0,1.0,1.0,1.0,1.0,1.0,1.0,1.0,1.0,1.0,1.0,1.0,1.0,1.0,1.0,1.0,1.0,1.0,1.0,1.0,1.0,1.0,1.0,1.0,1.0,1.0,1.0,1.0,1.0,1.0,1.0,1.0,1.0,1.0,1.0,1.0,1.0,1.0,1.0,1.0,1.0,1.0,1.0,1.0,1.0,1.0,1.0,1.0,1.0,1.0,1.0,1.0,1.0,1.0,1.0,1.0,1.0,1.0,1.0,1.0,1.0,1.0,1.0,1.0,1.0,1.0,1.0,1.0,1.0,1.0,1.0,1.0,1.0,1.0,1.0,1.0,1.0,1.0,1.0,1.0,1.0,1.0,1.0,1.0,1.0,1.0,1.0,1.0,1.0,1.0,1.0,1.0,1.0,1.0,1.0,1.0,1.0,1.0,1.0,1.0,1.0,1.0,1.0,1.0,1.0,1.0,1.0,1.0,1.0,1.0,1.0,1.0,1.0,1.0,1.0,1.0,1.0,1.0,1.0,1.0,1.0,1.0,1.0,1.0,1.0,1.0,1.0,1.0,1.0,1.0,1.0,1.0,1.0,1.0,1.0,1.0,1.0,1.0,1.0,1.0,1.0,1.0,1.0,1.0,1.0,1.0,1.0,1.0,1.0,1.0,1.0,1.0,1.0,1.0,1.0,1.0,1.0,1.6696046350451796,1.2433832462133507,1.332954596676545,2.3844372603207518,1.5467877623906434,3.519798882714668,1.300892757517,1.8994152798204673,1.181735932604073,1.3570608061803937,1.278906084499656,1.6668361564974106,2.0129705811744643,1.4057032799199236,1.4445175301263669,1.4507445629207838,1.322553810980298,1.615546871749255,3.46435537454753,2.0726436244382995,2.517901063154377,2.6382135067168786,0.9834911344595337,2.4542619701705393,2.0939925503269414,1.8621878801884812,1.587987580069488,1.87911342758993,1.8753690682411106,1.909758646998887,1.6678590483262963,2.73749610929159,1.7036372640660966,2.3277705886397753,1.8284336377017443,1.924808863731252,2.4600527494743423,3.671440790583513,1.7822727451597387,1.9468252577040515,3.1318154520790666,2.2476574844256976,1.5135603954794898,1.5420512591646345
1.0,1.0,1.0,1.0,1.0,1.0,1.0,1.0,1.0,1.0,1.0,1.0,1.0,1.0,1.0,1.0,1.0,1.0,1.0,1.0,1.0,1.0,1.0,1.0,1.0,1.0,1.0,1.0,1.0,1.0,1.0,1.0,1.0,1.0,1.0,1.0,1.0,1.0,1.0,1.0,1.0,1.0,1.0,1.0,1.0,1.0,1.0,1.0,1.0,1.0,1.0,1.0,1.0,1.0,1.0,1.0,1.0,1.0,1.0,1.0,1.0,1.0,1.0,1.0,1.0,1.0,1.0,1.0,1.0,1.0,1.0,1.0,1.0,1.0,1.0,1.0,1.0,1.0,1.0,1.0,1.0,1.0,1.0,1.0,1.0,1.0,1.0,1.0,1.0,1.0,1.0,1.0,1.0,1.0,1.0,1.0,1.0,1.0,1.0,1.0,1.0,1.0,1.0,1.0,1.0,1.0,1.0,1.0,1.0,1.0,1.0,1.0,1.0,1.0,1.0,1.0,1.0,1.0,1.0,1.0,1.0,1.0,1.0,1.0,1.0,1.0,1.0,1.0,1.0,1.0,1.0,1.0,1.0,1.0,1.0,1.0,1.0,1.0,1.0,1.0,1.0,1.0,1.0,1.0,1.0,1.0,1.0,1.0,1.0,1.0,1.0,1.0,1.0,1.0,1.0,1.0,1.0,1.0,1.0,1.0,1.0,1.0,1.0,1.0,1.0,1.0,1.0,1.0,1.0,1.0,1.0,1.0,1.0,1.0,1.0,1.0,1.0,1.0,1.0,1.0,1.0,1.0,1.0,1.0,1.0,1.0,1.0,1.0,1.0,1.0,1.0,1.0,1.0,1.0,1.0,1.0,1.0,1.0,1.0,1.0,1.0,1.0,1.0,1.0,1.0,1.0,1.0,1.0,1.0,1.0,1.0,1.0,1.0,1.0,1.0,1.0,1.0,1.0,1.0,1.0,1.0,1.0,1.0,1.0,1.0,1.0,1.0,1.0,1.0,1.0,1.0,1.0,1.0,1.0,1.0,1.0,1.0,1.0,1.0,1.0,1.0,1.0,1.0,1.0,1.0,1.0,1.0,1.0,1.0,1.0,1.0,1.0,1.0,1.0,1.0,1.0,1.0,1.0,1.0,1.0,1.0,1.0,1.0,1.0,1.0,1.0,1.0,1.0,1.0,1.0,1.0,1.0,1.0,1.0,1.0,1.0,1.0,1.0,1.0,1.0,1.0,1.0,1.0,1.0,1.0,1.0,1.0,1.0,1.0,1.0,1.0,1.0,1.0,1.0,1.0,1.0,1.0,1.0,1.0,1.0,1.0,1.0,1.0,1.0,1.0,1.0,1.0,1.0,1.0,1.0,1.0,1.0,1.0,1.0,1.0,1.0,1.0,1.0,1.0,1.0,1.0,1.0,1.0,1.0,1.0,1.0,1.0,1.0,1.0,1.0,1.0,1.0,1.0,1.0,1.0,1.0,1.0,1.0,1.0,1.0,1.0,1.0,1.0,1.0,1.0,1.0,1.0,1.0,1.0,1.0,1.0,1.0,1.0,1.0,1.0,1.0,1.0,1.0,1.0,1.0,1.0,1.0,1.0,1.0,1.0,1.0,1.0,1.0,1.0,1.0,1.0,1.0,1.0,1.0,1.0,1.0,1.0,1.0,1.0,1.0,1.0,1.0,1.0,1.0,1.0,1.0,1.0,1.0,1.0,1.0,1.0,1.0,1.0,1.0,1.0,1.0,1.0,1.0,1.0,1.0,1.0,1.0,1.0,1.0,1.0,1.0,1.0,1.0,1.0,0.7414263626884641,0.7915235620263127,1.4192768582249495,0.9169105787387825,2.099008634514564,0.7675549191428315,1.121545592214316,0.6977359665100135,0.8024379846640464,0.7550685101539656,0.9848140230909863,1.1907732615943105,0.8318387430925931,0.8545789663975992,0.8580122824575829,0.7880215127947108,0.9541440127783537,2.0542665545434926,1.2255482330718754,1.4736219606228118,1.5478678915908008,0.5835715079037813,1.4644654075229693,1.2407480471052699,1.1016534710489738,0.9348641422843402,1.11040014170131,1.1062616522465833,1.1271670428620604,0.981348962691022,1.6255851328581792,1.0122804661888014,1.3738639071678842,1.0800475146013653,1.139098773056617,1.4554896618525928,2.2149966530748846,1.0640248197921776,1.1506889457194773,1.847275007825591,1.3286528099796602,0.9006359716837204,0.9113446524118831
1.0,1.0,1.0,1.0,1.0,1.0,1.0,1.0,1.0,1.0,1.0,1.0,1.0,1.0,1.0,1.0,1.0,1.0,1.0,1.0,1.0,1.0,1.0,1.0,1.0,1.0,1.0,1.0,1.0,1.0,1.0,1.0,1.0,1.0,1.0,1.0,1.0,1.0,1.0,1.0,1.0,1.0,1.0,1.0,1.0,1.0,1.0,1.0,1.0,1.0,1.0,1.0,1.0,1.0,1.0,1.0,1.0,1.0,1.0,1.0,1.0,1.0,1.0,1.0,1.0,1.0,1.0,1.0,1.0,1.0,1.0,1.0,1.0,1.0,1.0,1.0,1.0,1.0,1.0,1.0,1.0,1.0,1.0,1.0,1.0,1.0,1.0,1.0,1.0,1.0,1.0,1.0,1.0,1.0,1.0,1.0,1.0,1.0,1.0,1.0,1.0,1.0,1.0,1.0,1.0,1.0,1.0,1.0,1.0,1.0,1.0,1.0,1.0,1.0,1.0,1.0,1.0,1.0,1.0,1.0,1.0,1.0,1.0,1.0,1.0,1.0,1.0,1.0,1.0,1.0,1.0,1.0,1.0,1.0,1.0,1.0,1.0,1.0,1.0,1.0,1.0,1.0,1.0,1.0,1.0,1.0,1.0,1.0,1.0,1.0,1.0,1.0,1.0,1.0,1.0,1.0,1.0,1.0,1.0,1.0,1.0,1.0,1.0,1.0,1.0,1.0,1.0,1.0,1.0,1.0,1.0,1.0,1.0,1.0,1.0,1.0,1.0,1.0,1.0,1.0,1.0,1.0,1.0,1.0,1.0,1.0,1.0,1.0,1.0,1.0,1.0,1.0,1.0,1.0,1.0,1.0,1.0,1.0,1.0,1.0,1.0,1.0,1.0,1.0,1.0,1.0,1.0,1.0,1.0,1.0,1.0,1.0,1.0,1.0,1.0,1.0,1.0,1.0,1.0,1.0,1.0,1.0,1.0,1.0,1.0,1.0,1.0,1.0,1.0,1.0,1.0,1.0,1.0,1.0,1.0,1.0,1.0,1.0,1.0,1.0,1.0,1.0,1.0,1.0,1.0,1.0,1.0,1.0,1.0,1.0,1.0,1.0,1.0,1.0,1.0,1.0,1.0,1.0,1.0,1.0,1.0,1.0,1.0,1.0,1.0,1.0,1.0,1.0,1.0,1.0,1.0,1.0,1.0,1.0,1.0,1.0,1.0,1.0,1.0,1.0,1.0,1.0,1.0,1.0,1.0,1.0,1.0,1.0,1.0,1.0,1.0,1.0,1.0,1.0,1.0,1.0,1.0,1.0,1.0,1.0,1.0,1.0,1.0,1.0,1.0,1.0,1.0,1.0,1.0,1.0,1.0,1.0,1.0,1.0,1.0,1.0,1.0,1.0,1.0,1.0,1.0,1.0,1.0,1.0,1.0,1.0,1.0,1.0,1.0,1.0,1.0,1.0,1.0,1.0,1.0,1.0,1.0,1.0,1.0,1.0,1.0,1.0,1.0,1.0,1.0,1.0,1.0,1.0,1.0,1.0,1.0,1.0,1.0,1.0,1.0,1.0,1.0,1.0,1.0,1.0,1.0,1.0,1.0,1.0,1.0,1.0,1.0,1.0,1.0,1.0,1.0,1.0,1.0,1.0,1.0,1.0,1.0,1.0,1.0,1.0,1.0,1.0,1.0,1.0,1.0,1.0,1.0,1.0,1.0,1.0,1.0,1.0,1.0,1.0,1.0,1.0,1.0,1.0,1.0,1.0,1.0,1.0,1.0,1.0,1.0,1.0,1.0,1.0,1.0,1.0,1.0697423787803777,1.9150249985835925,1.2401473027937069,2.8293236528105816,1.0411618918056833,1.5201476826813178,0.9460425300664659,1.0871875254581012,1.0236167465828956,1.3344748799907227,1.612444539126915,1.126426138137374,1.157155907885262,1.1619832443732752,1.062982762602417,1.2932768717734349,2.778770122687133,1.660269776965721,2.0075567240707897,2.1053295767576907,0.7890009795626296,1.9727172656232714,1.6780362180451258,1.4918794824601678,1.2689093644704528,1.5043072900669956,1.5004497423230216,1.5286390876198035,1.3327313041279556,2.1960360345853833,1.367789769268762,1.862273883892562,1.4633203207019096,1.5420723703875865,1.9709607533180735,2.9688713956457202,1.4334671901689553,1.5590248800352586,2.5072589941898915,1.800195772308855,1.2154127447489538,1.2349923470475428
1.0,1.0,1.0,1.0,1.0,1.0,1.0,1.0,1.0,1.0,1.0,1.0,1.0,1.0,1.0,1.0,1.0,1.0,1.0,1.0,1.0,1.0,1.0,1.0,1.0,1.0,1.0,1.0,1.0,1.0,1.0,1.0,1.0,1.0,1.0,1.0,1.0,1.0,1.0,1.0,1.0,1.0,1.0,1.0,1.0,1.0,1.0,1.0,1.0,1.0,1.0,1.0,1.0,1.0,1.0,1.0,1.0,1.0,1.0,1.0,1.0,1.0,1.0,1.0,1.0,1.0,1.0,1.0,1.0,1.0,1.0,1.0,1.0,1.0,1.0,1.0,1.0,1.0,1.0,1.0,1.0,1.0,1.0,1.0,1.0,1.0,1.0,1.0,1.0,1.0,1.0,1.0,1.0,1.0,1.0,1.0,1.0,1.0,1.0,1.0,1.0,1.0,1.0,1.0,1.0,1.0,1.0,1.0,1.0,1.0,1.0,1.0,1.0,1.0,1.0,1.0,1.0,1.0,1.0,1.0,1.0,1.0,1.0,1.0,1.0,1.0,1.0,1.0,1.0,1.0,1.0,1.0,1.0,1.0,1.0,1.0,1.0,1.0,1.0,1.0,1.0,1.0,1.0,1.0,1.0,1.0,1.0,1.0,1.0,1.0,1.0,1.0,1.0,1.0,1.0,1.0,1.0,1.0,1.0,1.0,1.0,1.0,1.0,1.0,1.0,1.0,1.0,1.0,1.0,1.0,1.0,1.0,1.0,1.0,1.0,1.0,1.0,1.0,1.0,1.0,1.0,1.0,1.0,1.0,1.0,1.0,1.0,1.0,1.0,1.0,1.0,1.0,1.0,1.0,1.0,1.0,1.0,1.0,1.0,1.0,1.0,1.0,1.0,1.0,1.0,1.0,1.0,1.0,1.0,1.0,1.0,1.0,1.0,1.0,1.0,1.0,1.0,1.0,1.0,1.0,1.0,1.0,1.0,1.0,1.0,1.0,1.0,1.0,1.0,1.0,1.0,1.0,1.0,1.0,1.0,1.0,1.0,1.0,1.0,1.0,1.0,1.0,1.0,1.0,1.0,1.0,1.0,1.0,1.0,1.0,1.0,1.0,1.0,1.0,1.0,1.0,1.0,1.0,1.0,1.0,1.0,1.0,1.0,1.0,1.0,1.0,1.0,1.0,1.0,1.0,1.0,1.0,1.0,1.0,1.0,1.0,1.0,1.0,1.0,1.0,1.0,1.0,1.0,1.0,1.0,1.0,1.0,1.0,1.0,1.0,1.0,1.0,1.0,1.0,1.0,1.0,1.0,1.0,1.0,1.0,1.0,1.0,1.0,1.0,1.0,1.0,1.0,1.0,1.0,1.0,1.0,1.0,1.0,1.0,1.0,1.0,1.0,1.0,1.0,1.0,1.0,1.0,1.0,1.0,1.0,1.0,1.0,1.0,1.0,1.0,1.0,1.0,1.0,1.0,1.0,1.0,1.0,1.0,1.0,1.0,1.0,1.0,1.0,1.0,1.0,1.0,1.0,1.0,1.0,1.0,1.0,1.0,1.0,1.0,1.0,1.0,1.0,1.0,1.0,1.0,1.0,1.0,1.0,1.0,1.0,1.0,1.0,1.0,1.0,1.0,1.0,1.0,1.0,1.0,1.0,1.0,1.0,1.0,1.0,1.0,1.0,1.0,1.0,1.0,1.0,1.0,1.0,1.0,1.0,1.0,1.0,1.0,1.0,1.0,1.0,1.0,1.0,1.0,1.0,1.0,1.0,1.0,1.0,1.0,1.0,1.0,1.0,1.0,1.0,1.0,1.0,1.7856892925046288,1.1601548550651364,2.635859547626042,0.9803601289876639,1.4286040721265958,0.8890943275150571,1.0172545396350565,0.9630546825618115,1.2551417956124213,1.514902389777539,1.0579468987380358,1.0873742251488134,1.0928758132645067,0.990184455834845,1.2176513738155925,2.605269351813734,1.5607650575939696,1.9151584296764228,1.9874745286195168,0.7376740538471547,1.8371274635469128,1.5752518951090566,1.401794555467247,1.1987648144245038,1.4153536159190672,1.4120684365078884,1.4381819544286112,1.2586355572571892,2.0527610526410465,1.275840595113054,1.748297686189097,1.380522523631578,1.4484135874671242,1.8498339010552516,2.7218377938844966,1.3323320788079358,1.4654770498570953,2.365135921292884,1.6939605596774094,1.1343035691149301,1.1595177719453487
1.0,1.0,1.0,1.0,1.0,1.0,1.0,1.0,1.0,1.0,1.0,1.0,1.0,1.0,1.0,1.0,1.0,1.0,1.0,1.0,1.0,1.0,1.0,1.0,1.0,1.0,1.0,1.0,1.0,1.0,1.0,1.0,1.0,1.0,1.0,1.0,1.0,1.0,1.0,1.0,1.0,1.0,1.0,1.0,1.0,1.0,1.0,1.0,1.0,1.0,1.0,1.0,1.0,1.0,1.0,1.0,1.0,1.0,1.0,1.0,1.0,1.0,1.0,1.0,1.0,1.0,1.0,1.0,1.0,1.0,1.0,1.0,1.0,1.0,1.0,1.0,1.0,1.0,1.0,1.0,1.0,1.0,1.0,1.0,1.0,1.0,1.0,1.0,1.0,1.0,1.0,1.0,1.0,1.0,1.0,1.0,1.0,1.0,1.0,1.0,1.0,1.0,1.0,1.0,1.0,1.0,1.0,1.0,1.0,1.0,1.0,1.0,1.0,1.0,1.0,1.0,1.0,1.0,1.0,1.0,1.0,1.0,1.0,1.0,1.0,1.0,1.0,1.0,1.0,1.0,1.0,1.0,1.0,1.0,1.0,1.0,1.0,1.0,1.0,1.0,1.0,1.0,1.0,1.0,1.0,1.0,1.0,1.0,1.0,1.0,1.0,1.0,1.0,1.0,1.0,1.0,1.0,1.0,1.0,1.0,1.0,1.0,1.0,1.0,1.0,1.0,1.0,1.0,1.0,1.0,1.0,1.0,1.0,1.0,1.0,1.0,1.0,1.0,1.0,1.0,1.0,1.0,1.0,1.0,1.0,1.0,1.0,1.0,1.0,1.0,1.0,1.0,1.0,1.0,1.0,1.0,1.0,1.0,1.0,1.0,1.0,1.0,1.0,1.0,1.0,1.0,1.0,1.0,1.0,1.0,1.0,1.0,1.0,1.0,1.0,1.0,1.0,1.0,1.0,1.0,1.0,1.0,1.0,1.0,1.0,1.0,1.0,1.0,1.0,1.0,1.0,1.0,1.0,1.0,1.0,1.0,1.0,1.0,1.0,1.0,1.0,1.0,1.0,1.0,1.0,1.0,1.0,1.0,1.0,1.0,1.0,1.0,1.0,1.0,1.0,1.0,1.0,1.0,1.0,1.0,1.0,1.0,1.0,1.0,1.0,1.0,1.0,1.0,1.0,1.0,1.0,1.0,1.0,1.0,1.0,1.0,1.0,1.0,1.0,1.0,1.0,1.0,1.0,1.0,1.0,1.0,1.0,1.0,1.0,1.0,1.0,1.0,1.0,1.0,1.0,1.0,1.0,1.0,1.0,1.0,1.0,1.0,1.0,1.0,1.0,1.0,1.0,1.0,1.0,1.0,1.0,1.0,1.0,1.0,1.0,1.0,1.0,1.0,1.0,1.0,1.0,1.0,1.0,1.0,1.0,1.0,1.0,1.0,1.0,1.0,1.0,1.0,1.0,1.0,1.0,1.0,1.0,1.0,1.0,1.0,1.0,1.0,1.0,1.0,1.0,1.0,1.0,1.0,1.0,1.0,1.0,1.0,1.0,1.0,1.0,1.0,1.0,1.0,1.0,1.0,1.0,1.0,1.0,1.0,1.0,1.0,1.0,1.0,1.0,1.0,1.0,1.0,1.0,1.0,1.0,1.0,1.0,1.0,1.0,1.0,1.0,1.0,1.0,1.0,1.0,1.0,1.0,1.0,1.0,1.0,1.0,1.0,1.0,1.0,1.0,1.0,1.0,1.0,1.0,1.0,1.0,1.0,1.0,1.0,1.0,1.0,1.0,1.0,1.0,1.0,1.0,1.0,0.6470280414086547,1.4747893354886443,0.5445568576575134,0.7950125186731631,0.49448912738488876,0.5669689920836516,0.5353857648392533,0.6980605786802034,0.8430453346183486,0.5889556708532999,0.6047934289758551,0.6081056907464497,0.5536515012879559,0.6768174953217614,1.4494247979541641,0.8676408117453378,1.0582087708398444,1.1030752382264766,0.411394768644309,1.0296507911787818,0.8776647864799487,0.7800313964664232,0.665548768370028,0.7872893919228975,0.7848028818205648,0.7994042914108244,0.698405994634741,1.1455539792974248,0.7125632069552067,0.9740417447045684,0.7669416915060593,0.8060390938384938,1.0295841870342617,1.530615316153433,0.746242610535025,0.8151111930387572,1.312986510012602,0.9421575267734095,0.6337678129711563,0.645162241389931
1.0,1.0,1.0,1.0,1.0,1.0,1.0,1.0,1.0,1.0,1.0,1.0,1.0,1.0,1.0,1.0,1.0,1.0,1.0,1.0,1.0,1.0,1.0,1.0,1.0,1.0,1.0,1.0,1.0,1.0,1.0,1.0,1.0,1.0,1.0,1.0,1.0,1.0,1.0,1.0,1.0,1.0,1.0,1.0,1.0,1.0,1.0,1.0,1.0,1.0,1.0,1.0,1.0,1.0,1.0,1.0,1.0,1.0,1.0,1.0,1.0,1.0,1.0,1.0,1.0,1.0,1.0,1.0,1.0,1.0,1.0,1.0,1.0,1.0,1.0,1.0,1.0,1.0,1.0,1.0,1.0,1.0,1.0,1.0,1.0,1.0,1.0,1.0,1.0,1.0,1.0,1.0,1.0,1.0,1.0,1.0,1.0,1.0,1.0,1.0,1.0,1.0,1.0,1.0,1.0,1.0,1.0,1.0,1.0,1.0,1.0,1.0,1.0,1.0,1.0,1.0,1.0,1.0,1.0,1.0,1.0,1.0,1.0,1.0,1.0,1.0,1.0,1.0,1.0,1.0,1.0,1.0,1.0,1.0,1.0,1.0,1.0,1.0,1.0,1.0,1.0,1.0,1.0,1.0,1.0,1.0,1.0,1.0,1.0,1.0,1.0,1.0,1.0,1.0,1.0,1.0,1.0,1.0,1.0,1.0,1.0,1.0,1.0,1.0,1.0,1.0,1.0,1.0,1.0,1.0,1.0,1.0,1.0,1.0,1.0,1.0,1.0,1.0,1.0,1.0,1.0,1.0,1.0,1.0,1.0,1.0,1.0,1.0,1.0,1.0,1.0,1.0,1.0,1.0,1.0,1.0,1.0,1.0,1.0,1.0,1.0,1.0,1.0,1.0,1.0,1.0,1.0,1.0,1.0,1.0,1.0,1.0,1.0,1.0,1.0,1.0,1.0,1.0,1.0,1.0,1.0,1.0,1.0,1.0,1.0,1.0,1.0,1.0,1.0,1.0,1.0,1.0,1.0,1.0,1.0,1.0,1.0,1.0,1.0,1.0,1.0,1.0,1.0,1.0,1.0,1.0,1.0,1.0,1.0,1.0,1.0,1.0,1.0,1.0,1.0,1.0,1.0,1.0,1.0,1.0,1.0,1.0,1.0,1.0,1.0,1.0,1.0,1.0,1.0,1.0,1.0,1.0,1.0,1.0,1.0,1.0,1.0,1.0,1.0,1.0,1.0,1.0,1.0,1.0,1.0,1.0,1.0,1.0,1.0,1.0,1.0,1.0,1.0,1.0,1.0,1.0,1.0,1.0,1.0,1.0,1.0,1.0,1.0,1.0,1.0,1.0,1.0,1.0,1.0,1.0,1.0,1.0,1.0,1.0,1.0,1.0,1.0,1.0,1.0,1.0,1.0,1.0,1.0,1.0,1.0,1.0,1.0,1.0,1.0,1.0,1.0,1.0,1.0,1.0,1.0,1.0,1.0,1.0,1.0,1.0,1.0,1.0,1.0,1.0,1.0,1.0,1.0,1.0,1.0,1.0,1.0,1.0,1.0,1.0,1.0,1.0,1.0,1.0,1.0,1.0,1.0,1.0,1.0,1.0,1.0,1.0,1.0,1.0,1.0,1.0,1.0,1.0,1.0,1.0,1.0,1.0,1.0,1.0,1.0,1.0,1.0,1.0,1.0,1.0,1.0,1.0,1.0,1.0,1.0,1.0,1.0,1.0,1.0,1.0,1.0,1.0,1.0,1.0,1.0,1.0,1.0,1.0,1.0,1.0,1.0,1.0,1.0,1.0,1.0,1.0,1.0,1.0,1.0,2.2650046177950287,0.8451958834876707,1.2326649689598534,0.76652609469968,0.8772391946656026,0.8305737570475735,1.0816619833546408,1.3051386673745156,0.9103011673724892,0.9364925120979968,0.940996952212296,0.8508039370670284,1.0491219422711762,2.2451709416420593,1.3452625603198123,1.65302349247196,1.7223303511042567,0.6349844924903354,1.5779671959300727,1.3567555554244517,1.2072454571316702,1.03490616502331,1.2201453973001297,1.2184509340161167,1.2399881860386803,1.0865995497049803,1.766659978551481,1.0980582913521293,1.5079468010585462,1.1899442581837618,1.2475724515992597,1.5933546790103437,2.3344884273877105,1.1435442305050598,1.2630955155047157,2.035448919712578,1.4582836410403983,0.974801539146323,0.9994647391580138
1.0,1.0,1.0,1.0,1.0,1.0,1.0,1.0,1.0,1.0,1.0,1.0,1.0,1.0,1.0,1.0,1.0,1.0,1.0,1.0,1.0,1.0,1.0,1.0,1.0,1.0,1.0,1.0,1.0,1.0,1.0,1.0,1.0,1.0,1.0,1.0,1.0,1.0,1.0,1.0,1.0,1.0,1.0,1.0,1.0,1.0,1.0,1.0,1.0,1.0,1.0,1.0,1.0,1.0,1.0,1.0,1.0,1.0,1.0,1.0,1.0,1.0,1.0,1.0,1.0,1.0,1.0,1.0,1.0,1.0,1.0,1.0,1.0,1.0,1.0,1.0,1.0,1.0,1.0,1.0,1.0,1.0,1.0,1.0,1.0,1.0,1.0,1.0,1.0,1.0,1.0,1.0,1.0,1.0,1.0,1.0,1.0,1.0,1.0,1.0,1.0,1.0,1.0,1.0,1.0,1.0,1.0,1.0,1.0,1.0,1.0,1.0,1.0,1.0,1.0,1.0,1.0,1.0,1.0,1.0,1.0,1.0,1.0,1.0,1.0,1.0,1.0,1.0,1.0,1.0,1.0,1.0,1.0,1.0,1.0,1.0,1.0,1.0,1.0,1.0,1.0,1.0,1.0,1.0,1.0,1.0,1.0,1.0,1.0,1.0,1.0,1.0,1.0,1.0,1.0,1.0,1.0,1.0,1.0,1.0,1.0,1.0,1.0,1.0,1.0,1.0,1.0,1.0,1.0,1.0,1.0,1.0,1.0,1.0,1.0,1.0,1.0,1.0,1.0,1.0,1.0,1.0,1.0,1.0,1.0,1.0,1.0,1.0,1.0,1.0,1.0,1.0,1.0,1.0,1.0,1.0,1.0,1.0,1.0,1.0,1.0,1.0,1.0,1.0,1.0,1.0,1.0,1.0,1.0,1.0,1.0,1.0,1.0,1.0,1.0,1.0,1.0,1.0,1.0,1.0,1.0,1.0,1.0,1.0,1.0,1.0,1.0,1.0,1.0,1.0,1.0,1.0,1.0,1.0,1.0,1.0,1.0,1.0,1.0,1.0,1.0,1.0,1.0,1.0,1.0,1.0,1.0,1.0,1.0,1.0,1.0,1.0,1.0,1.0,1.0,1.0,1.0,1.0,1.0,1.0,1.0,1.0,1.0,1.0,1.0,1.0,1.0,1.0,1.0,1.0,1.0,1.0,1.0,1.0,1.0,1.0,1.0,1.0,1.0,1.0,1.0,1.0,1.0,1.0,1.0,1.0,1.0,1.0,1.0,1.0,1.0,1.0,1.0,1.0,1.0,1.0,1.0,1.0,1.0,1.0,1.0,1.0,1.0,1.0,1.0,1.0,1.0,1.0,1.0,1.0,1.0,1.0,1.0,1.0,1.0,1.0,1.0,1.0,1.0,1.0,1.0,1.0,1.0,1.0,1.0,1.0,1.0,1.0,1.0,1.0,1.0,1.0,1.0,1.0,1.0,1.0,1.0,1.0,1.0,1.0,1.0,1.0,1.0,1.0,1.0,1.0,1.0,1.0,1.0,1.0,1.0,1.0,1.0,1.0,1.0,1.0,1.0,1.0,1.0,1.0,1.0,1.0,1.0,1.0,1.0,1.0,1.0,1.0,1.0,1.0,1.0,1.0,1.0,1.0,1.0,1.0,1.0,1.0,1.0,1.0,1.0,1.0,1.0,1.0,1.0,1.0,1.0,1.0,1.0,1.0,1.0,1.0,1.0,1.0,1.0,1.0,1.0,1.0,1.0,1.0,1.0,1.0,1.0,1.0,1.0,1.0,1.0,1.0,1.0,1.0,1.0,1.0,1.0,1.0,0.3679884967745001,0.5370293950236084,0.334155932141486,0.38315156279220236,0.36173499499517736,0.4717468426848642,0.5699239739686613,0.39806245273706664,0.4091670750979717,0.41087102059173664,0.3747351747238387,0.457646742809574,0.9810143540088756,0.5864828113611256,0.7135083307834227,0.7442931930756266,0.27824801310558367,0.6966783565816612,0.5940089129718492,0.5274619538576567,0.4494217112032906,0.532082953339571,0.5300001915446924,0.5401563683680352,0.4715670062921684,0.7750026782015835,0.4817880721339018,0.6581514922729389,0.5187099328386644,0.5450645625764314,0.6957408750075473,1.039298266148892,0.5050726785339154,0.5508935486588662,0.8866039151936218,0.6369309532499436,0.42901310943231225,0.4359538834031237
1.0,1.0,1.0,1.0,1.0,1.0,1.0,1.0,1.0,1.0,1.0,1.0,1.0,1.0,1.0,1.0,1.0,1.0,1.0,1.0,1.0,1.0,1.0,1.0,1.0,1.0,1.0,1.0,1.0,1.0,1.0,1.0,1.0,1.0,1.0,1.0,1.0,1.0,1.0,1.0,1.0,1.0,1.0,1.0,1.0,1.0,1.0,1.0,1.0,1.0,1.0,1.0,1.0,1.0,1.0,1.0,1.0,1.0,1.0,1.0,1.0,1.0,1.0,1.0,1.0,1.0,1.0,1.0,1.0,1.0,1.0,1.0,1.0,1.0,1.0,1.0,1.0,1.0,1.0,1.0,1.0,1.0,1.0,1.0,1.0,1.0,1.0,1.0,1.0,1.0,1.0,1.0,1.0,1.0,1.0,1.0,1.0,1.0,1.0,1.0,1.0,1.0,1.0,1.0,1.0,1.0,1.0,1.0,1.0,1.0,1.0,1.0,1.0,1.0,1.0,1.0,1.0,1.0,1.0,1.0,1.0,1.0,1.0,1.0,1.0,1.0,1.0,1.0,1.0,1.0,1.0,1.0,1.0,1.0,1.0,1.0,1.0,1.0,1.0,1.0,1.0,1.0,1.0,1.0,1.0,1.0,1.0,1.0,1.0,1.0,1.0,1.0,1.0,1.0,1.0,1.0,1.0,1.0,1.0,1.0,1.0,1.0,1.0,1.0,1.0,1.0,1.0,1.0,1.0,1.0,1.0,1.0,1.0,1.0,1.0,1.0,1.0,1.0,1.0,1.0,1.0,1.0,1.0,1.0,1.0,1.0,1.0,1.0,1.0,1.0,1.0,1.0,1.0,1.0,1.0,1.0,1.0,1.0,1.0,1.0,1.0,1.0,1.0,1.0,1.0,1.0,1.0,1.0,1.0,1.0,1.0,1.0,1.0,1.0,1.0,1.0,1.0,1.0,1.0,1.0,1.0,1.0,1.0,1.0,1.0,1.0,1.0,1.0,1.0,1.0,1.0,1.0,1.0,1.0,1.0,1.0,1.0,1.0,1.0,1.0,1.0,1.0,1.0,1.0,1.0,1.0,1.0,1.0,1.0,1.0,1.0,1.0,1.0,1.0,1.0,1.0,1.0,1.0,1.0,1.0,1.0,1.0,1.0,1.0,1.0,1.0,1.0,1.0,1.0,1.0,1.0,1.0,1.0,1.0,1.0,1.0,1.0,1.0,1.0,1.0,1.0,1.0,1.0,1.0,1.0,1.0,1.0,1.0,1.0,1.0,1.0,1.0,1.0,1.0,1.0,1.0,1.0,1.0,1.0,1.0,1.0,1.0,1.0,1.0,1.0,1.0,1.0,1.0,1.0,1.0,1.0,1.0,1.0,1.0,1.0,1.0,1.0,1.0,1.0,1.0,1.0,1.0,1.0,1.0,1.0,1.0,1.0,1.0,1.0,1.0,1.0,1.0,1.0,1.0,1.0,1.0,1.0,1.0,1.0,1.0,1.0,1.0,1.0,1.0,1.0,1.0,1.0,1.0,1.0,1.0,1.0,1.0,1.0,1.0,1.0,1.0,1.0,1.0,1.0,1.0,1.0,1.0,1.0,1.0,1.0,1.0,1.0,1.0,1.0,1.0,1.0,1.0,1.0,1.0,1.0,1.0,1.0,1.0,1.0,1.0,1.0,1.0,1.0,1.0,1.0,1.0,1.0,1.0,1.0,1.0,1.0,1.0,1.0,1.0,1.0,1.0,1.0,1.0,1.0,1.0,1.0,1.0,1.0,1.0,1.0,1.0,1.0,1.0,1.0,1.0,1.0,1.0,1.0,1.0,1.0,1.4520996319188753,0.903891704857646,1.0274250707995936,0.9811884226374235,1.276632821036187,1.5377453706857596,1.0722994158481374,1.1040110517819504,1.1119802363062297,0.9918545797146788,1.239299906025688,2.64613599603038,1.5884167133924612,1.9893258809786676,2.040065275353343,0.7439572481953025,1.833237700037368,1.5955272142457138,1.4233426105276212,1.2280509274998335,1.4404671368707271,1.4405727600889637,1.464773746445998,1.290025793616545,2.0670317148277473,1.281923779247299,1.7646133615102726,1.4109827255188931,1.4702879182131456,1.8775596520783062,2.671726521103721,1.3298130553831629,1.4902973666254948,2.4109172349799817,1.7221331912403886,1.137802620006775,1.1773629191067159
1.0,1.0,1.0,1.0,1.0,1.0,1.0,1.0,1.0,1.0,1.0,1.0,1.0,1.0,1.0,1.0,1.0,1.0,1.0,1.0,1.0,1.0,1.0,1.0,1.0,1.0,1.0,1.0,1.0,1.0,1.0,1.0,1.0,1.0,1.0,1.0,1.0,1.0,1.0,1.0,1.0,1.0,1.0,1.0,1.0,1.0,1.0,1.0,1.0,1.0,1.0,1.0,1.0,1.0,1.0,1.0,1.0,1.0,1.0,1.0,1.0,1.0,1.0,1.0,1.0,1.0,1.0,1.0,1.0,1.0,1.0,1.0,1.0,1.0,1.0,1.0,1.0,1.0,1.0,1.0,1.0,1.0,1.0,1.0,1.0,1.0,1.0,1.0,1.0,1.0,1.0,1.0,1.0,1.0,1.0,1.0,1.0,1.0,1.0,1.0,1.0,1.0,1.0,1.0,1.0,1.0,1.0,1.0,1.0,1.0,1.0,1.0,1.0,1.0,1.0,1.0,1.0,1.0,1.0,1.0,1.0,1.0,1.0,1.0,1.0,1.0,1.0,1.0,1.0,1.0,1.0,1.0,1.0,1.0,1.0,1.0,1.0,1.0,1.0,1.0,1.0,1.0,1.0,1.0,1.0,1.0,1.0,1.0,1.0,1.0,1.0,1.0,1.0,1.0,1.0,1.0,1.0,1.0,1.0,1.0,1.0,1.0,1.0,1.0,1.0,1.0,1.0,1.0,1.0,1.0,1.0,1.0,1.0,1.0,1.0,1.0,1.0,1.0,1.0,1.0,1.0,1.0,1.0,1.0,1.0,1.0,1.0,1.0,1.0,1.0,1.0,1.0,1.0,1.0,1.0,1.0,1.0,1.0,1.0,1.0,1.0,1.0,1.0,1.0,1.0,1.0,1.0,1.0,1.0,1.0,1.0,1.0,1.0,1.0,1.0,1.0,1.0,1.0,1.0,1.0,1.0,1.0,1.0,1.0,1.0,1.0,1.0,1.0,1.0,1.0,1.0,1.0,1.0,1.0,1.0,1.0,1.0,1.0,1.0,1.0,1.0,1.0,1.0,1.0,1.0,1.0,1.0,1.0,1.0,1.0,1.0,1.0,1.0,1.0,1.0,1.0,1.0,1.0,1.0,1.0,1.0,1.0,1.0,1.0,1.0,1.0,1.0,1.0,1.0,1.0,1.0,1.0,1.0,1.0,1.0,1.0,1.0,1.0,1.0,1.0,1.0,1.0,1.0,1.0,1.0,1.0,1.0,1.0,1.0,1.0,1.0,1.0,1.0,1.0,1.0,1.0,1.0,1.0,1.0,1.0,1.0,1.0,1.0,1.0,1.0,1.0,1.0,1.0,1.0,1.0,1.0,1.0,1.0,1.0,1.0,1.0,1.0,1.0,1.0,1.0,1.0,1.0,1.0,1.0,1.0,1.0,1.0,1.0,1.0,1.0,1.0,1.0,1.0,1.0,1.0,1.0,1.0,1.0,1.0,1.0,1.0,1.0,1.0,1.0,1.0,1.0,1.0,1.0,1.0,1.0,1.0,1.0,1.0,1.0,1.0,1.0,1.0,1.0,1.0,1.0,1.0,1.0,1.0,1.0,1.0,1.0,1.0,1.0,1.0,1.0,1.0,1.0,1.0,1.0,1.0,1.0,1.0,1.0,1.0,1.0,1.0,1.0,1.0,1.0,1.0,1.0,1.0,1.0,1.0,1.0,1.0,1.0,1.0,1.0,1.0,1.0,1.0,1.0,1.0,1.0,1.0,1.0,1.0,1.0,1.0,1.0,1.0,1.0,1.0,1.0,1.0,1.0,1.0,1.0,1.0,1.0,0.6216615284428735,0.708783591399182,0.6743983171136816,0.877643851762697,1.0577347842554063,0.7371886689269833,0.7589836751302671,0.7637347398916309,0.6841712312255125,0.8514549797850315,1.8185133358285586,1.0914835671798444,1.3584788116051203,1.4047977303688048,0.5126247480306435,1.2669368838086401,1.0984318426388928,0.9784614057682217,0.843274000501512,0.9903480287011657,0.9900818277817025,1.0066140203737342,0.8856899379725052,1.4253046208743025,0.884398003422255,1.219002984960846,0.9682359268884191,1.0110429051296752,1.291105478761661,1.8531716260676507,0.9177434312573974,1.0245452883637183,1.6535472603302384,1.182952095892631,0.7846735873554178,0.8099572697133764
1.0,1.0,1.0,1.0,1.0,1.0,1.0,1.0,1.0,1.0,1.0,1.0,1.0,1.0,1.0,1.0,1.0,1.0,1.0,1.0,1.0,1.0,1.0,1.0,1.0,1.0,1.0,1.0,1.0,1.0,1.0,1.0,1.0,1.0,1.0,1.0,1.0,1.0,1.0,1.0,1.0,1.0,1.0,1.0,1.0,1.0,1.0,1.0,1.0,1.0,1.0,1.0,1.0,1.0,1.0,1.0,1.0,1.0,1.0,1.0,1.0,1.0,1.0,1.0,1.0,1.0,1.0,1.0,1.0,1.0,1.0,1.0,1.0,1.0,1.0,1.0,1.0,1.0,1.0,1.0,1.0,1.0,1.0,1.0,1.0,1.0,1.0,1.0,1.0,1.0,1.0,1.0,1.0,1.0,1.0,1.0,1.0,1.0,1.0,1.0,1.0,1.0,1.0,1.0,1.0,1.0,1.0,1.0,1.0,1.0,1.0,1.0,1.0,1.0,1.0,1.0,1.0,1.0,1.0,1.0,1.0,1.0,1.0,1.0,1.0,1.0,1.0,1.0,1.0,1.0,1.0,1.0,1.0,1.0,1.0,1.0,1.0,1.0,1.0,1.0,1.0,1.0,1.0,1.0,1.0,1.0,1.0,1.0,1.0,1.0,1.0,1.0,1.0,1.0,1.0,1.0,1.0,1.0,1.0,1.0,1.0,1.0,1.0,1.0,1.0,1.0,1.0,1.0,1.0,1.0,1.0,1.0,1.0,1.0,1.0,1.0,1.0,1.0,1.0,1.0,1.0,1.0,1.0,1.0,1.0,1.0,1.0,1.0,1.0,1.0,1.0,1.0,1.0,1.0,1.0,1.0,1.0,1.0,1.0,1.0,1.0,1.0,1.0,1.0,1.0,1.0,1.0,1.0,1.0,1.0,1.0,1.0,1.0,1.0,1.0,1.0,1.0,1.0,1.0,1.0,1.0,1.0,1.0,1.0,1.0,1.0,1.0,1.0,1.0,1.0,1.0,1.0,1.0,1.0,1.0,1.0,1.0,1.0,1.0,1.0,1.0,1.0,1.0,1.0,1.0,1.0,1.0,1.0,1.0,1.0,1.0,1.0,1.0,1.0,1.0,1.0,1.0,1.0,1.0,1.0,1.0,1.0,1.0,1.0,1.0,1.0,1.0,1.0,1.0,1.0,1.0,1.0,1.0,1.0,1.0,1.0,1.0,1.0,1.0,1.0,1.0,1.0,1.0,1.0,1.0,1.0,1.0,1.0,1.0,1.0,1.0,1.0,1.0,1.0,1.0,1.0,1.0,1.0,1.0,1.0,1.0,1.0,1.0,1.0,1.0,1.0,1.0,1.0,1.0,1.0,1.0,1.0,1.0,1.0,1.0,1.0,1.0,1.0,1.0,1.0,1.0,1.0,1.0,1.0,1.0,1.0,1.0,1.0,1.0,1.0,1.0,1.0,1.0,1.0,1.0,1.0,1.0,1.0,1.0,1.0,1.0,1.0,1.0,1.0,1.0,1.0,1.0,1.0,1.0,1.0,1.0,1.0,1.0,1.0,1.0,1.0,1.0,1.0,1.0,1.0,1.0,1.0,1.0,1.0,1.0,1.0,1.0,1.0,1.0,1.0,1.0,1.0,1.0,1.0,1.0,1.0,1.0,1.0,1.0,1.0,1.0,1.0,1.0,1.0,1.0,1.0,1.0,1.0,1.0,1.0,1.0,1.0,1.0,1.0,1.0,1.0,1.0,1.0,1.0,1.0,1.0,1.0,1.0,1.0,1.0,1.0,1.0,1.0,1.0,1.0,1.0,1.0,1.0,1.0,1.0,1.0,1.0,1.1392752740713616,1.08467897362153,1.4115413746515468,1.7010026808366363,1.1862908201871667,1.220991560346093,1.2288943190858646,1.1005283602076048,1.3699044059157997,2.925805161891815,1.755706801451164,2.1862159007391817,2.2547360347977414,0.8244363461639098,2.0361059847487377,1.7658389007238253,1.5741764678705552,1.3558285372958103,1.5925130997653918,1.5923288289178603,1.6194070602940025,1.4241780498504717,2.291686598885588,1.422304869141608,1.9569957246862868,1.5574412436108829,1.6262496693466426,2.0771619946284754,2.9795724087003874,1.476799779306877,1.6479112113924883,2.6623445047164003,1.9036255900399768,1.2621742098426143,1.3027709038829296
1.0,1.0,1.0,1.0,1.0,1.0,1.0,1.0,1.0,1.0,1.0,1.0,1.0,1.0,1.0,1.0,1.0,1.0,1.0,1.0,1.0,1.0,1.0,1.0,1.0,1.0,1.0,1.0,1.0,1.0,1.0,1.0,1.0,1.0,1.0,1.0,1.0,1.0,1.0,1.0,1.0,1.0,1.0,1.0,1.0,1.0,1.0,1.0,1.0,1.0,1.0,1.0,1.0,1.0,1.0,1.0,1.0,1.0,1.0,1.0,1.0,1.0,1.0,1.0,1.0,1.0,1.0,1.0,1.0,1.0,1.0,1.0,1.0,1.0,1.0,1.0,1.0,1.0,1.0,1.0,1.0,1.0,1.0,1.0,1.0,1.0,1.0,1.0,1.0,1.0,1.0,1.0,1.0,1.0,1.0,1.0,1.0,1.0,1.0,1.0,1.0,1.0,1.0,1.0,1.0,1.0,1.0,1.0,1.0,1.0,1.0,1.0,1.0,1.0,1.0,1.0,1.0,1.0,1.0,1.0,1.0,1.0,1.0,1.0,1.0,1.0,1.0,1.0,1.0,1.0,1.0,1.0,1.0,1.0,1.0,1.0,1.0,1.0,1.0,1.0,1.0,1.0,1.0,1.0,1.0,1.0,1.0,1.0,1.0,1.0,1.0,1.0,1.0,1.0,1.0,1.0,1.0,1.0,1.0,1.0,1.0,1.0,1.0,1.0,1.0,1.0,1.0,1.0,1.0,1.0,1.0,1.0,1.0,1.0,1.0,1.0,1.0,1.0,1.0,1.0,1.0,1.0,1.0,1.0,1.0,1.0,1.0,1.0,1.0,1.0,1.0,1.0,1.0,1.0,1.0,1.0,1.0,1.0,1.0,1.0,1.0,1.0,1.0,1.0,1.0,1.0,1.0,1.0,1.0,1.0,1.0,1.0,1.0,1.0,1.0,1.0,1.0,1.0,1.0,1.0,1.0,1.0,1.0,1.0,1.0,1.0,1.0,1.0,1.0,1.0,1.0,1.0,1.0,1.0,1.0,1.0,1.0,1.0,1.0,1.0,1.0,1.0,1.0,1.0,1.0,1.0,1.0,1.0,1.0,1.0,1.0,1.0,1.0,1.0,1.0,1.0,1.0,1.0,1.0,1.0,1.0,1.0,1.0,1.0,1.0,1.0,1.0,1.0,1.0,1.0,1.0,1.0,1.0,1.0,1.0,1.0,1.0,1.0,1.0,1.0,1.0,1.0,1.0,1.0,1.0,1.0,1.0,1.0,1.0,1.0,1.0,1.0,1.0,1.0,1.0,1.0,1.0,1.0,1.0,1.0,1.0,1.0,1.0,1.0,1.0,1.0,1.0,1.0,1.0,1.0,1.0,1.0,1.0,1.0,1.0,1.0,1.0,1.0,1.0,1.0,1.0,1.0,1.0,1.0,1.0,1.0,1.0,1.0,1.0,1.0,1.0,1.0,1.0,1.0,1.0,1.0,1.0,1.0,1.0,1.0,1.0,1.0,1.0,1.0,1.0,1.0,1.0,1.0,1.0,1.0,1.0,1.0,1.0,1.0,1.0,1.0,1.0,1.0,1.0,1.0,1.0,1.0,1.0,1.0,1.0,1.0,1.0,1.0,1.0,1.0,1.0,1.0,1.0,1.0,1.0,1.0,1.0,1.0,1.0,1.0,1.0,1.0,1.0,1.0,1.0,1.0,1.0,1.0,1.0,1.0,1.0,1.0,1.0,1.0,1.0,1.0,1.0,1.0,1.0,1.0,1.0,1.0,1.0,1.0,1.0,1.0,1.0,1.0,1.0,1.0,1.0,1.0,1.0,1.0,1.0,1.0,1.0,1.0,0.9445716502363546,1.2297054506818055,1.483004650763424,1.0343310957049385,1.0642625740375624,1.0699651067042146,0.966051027468817,1.1919102994950008,2.5506377046921616,1.528490101255826,1.8811042280330326,1.96370581962104,0.7220114880432981,1.7884747159365657,1.5407938846717006,1.3716975253133272,1.1770503156571452,1.3867395867081265,1.3859543916471666,1.410168674238757,1.2370245167969,2.0074708344678545,1.247928695375566,1.7141622073102254,1.351357878104543,1.417711574954031,1.812587136931578,2.646055538123351,1.2984091171332663,1.4358242792113658,2.312977634770034,1.6569078856163686,1.106894862500514,1.137015170041981
1.0,1.0,1.0,1.0,1.0,1.0,1.0,1.0,1.0,1.0,1.0,1.0,1.0,1.0,1.0,1.0,1.0,1.0,1.0,1.0,1.0,1.0,1.0,1.0,1.0,1.0,1.0,1.0,1.0,1.0,1.0,1.0,1.0,1.0,1.0,1.0,1.0,1.0,1.0,1.0,1.0,1.0,1.0,1.0,1.0,1.0,1.0,1.0,1.0,1.0,1.0,1.0,1.0,1.0,1.0,1.0,1.0,1.0,1.0,1.0,1.0,1.0,1.0,1.0,1.0,1.0,1.0,1.0,1.0,1.0,1.0,1.0,1.0,1.0,1.0,1.0,1.0,1.0,1.0,1.0,1.0,1.0,1.0,1.0,1.0,1.0,1.0,1.0,1.0,1.0,1.0,1.0,1.0,1.0,1.0,1.0,1.0,1.0,1.0,1.0,1.0,1.0,1.0,1.0,1.0,1.0,1.0,1.0,1.0,1.0,1.0,1.0,1.0,1.0,1.0,1.0,1.0,1.0,1.0,1.0,1.0,1.0,1.0,1.0,1.0,1.0,1.0,1.0,1.0,1.0,1.0,1.0,1.0,1.0,1.0,1.0,1.0,1.0,1.0,1.0,1.0,1.0,1.0,1.0,1.0,1.0,1.0,1.0,1.0,1.0,1.0,1.0,1.0,1.0,1.0,1.0,1.0,1.0,1.0,1.0,1.0,1.0,1.0,1.0,1.0,1.0,1.0,1.0,1.0,1.0,1.0,1.0,1.0,1.0,1.0,1.0,1.0,1.0,1.0,1.0,1.0,1.0,1.0,1.0,1.0,1.0,1.0,1.0,1.0,1.0,1.0,1.0,1.0,1.0,1.0,1.0,1.0,1.0,1.0,1.0,1.0,1.0,1.0,1.0,1.0,1.0,1.0,1.0,1.0,1.0,1.0,1.0,1.0,1.0,1.0,1.0,1.0,1.0,1.0,1.0,1.0,1.0,1.0,1.0,1.0,1.0,1.0,1.0,1.0,1.0,1.0,1.0,1.0,1.0,1.0,1.0,1.0,1.0,1.0,1.0,1.0,1.0,1.0,1.0,1.0,1.0,1.0,1.0,1.0,1.0,1.0,1.0,1.0,1.0,1.0,1.0,1.0,1.0,1.0,1.0,1.0,1.0,1.0,1.0,1.0,1.0,1.0,1.0,1.0,1.0,1.0,1.0,1.0,1.0,1.0,1.0,1.0,1.0,1.0,1.0,1.0,1.0,1.0,1.0,1.0,1.0,1.0,1.0,1.0,1.0,1.0,1.0,1.0,1.0,1.0,1.0,1.0,1.0,1.0,1.0,1.0,1.0,1.0,1.0,1.0,1.0,1.0,1.0,1.0,1.0,1.0,1.0,1.0,1.0,1.0,1.0,1.0,1.0,1.0,1.0,1.0,1.0,1.0,1.0,1.0,1.0,1.0,1.0,1.0,1.0,1.0,1.0,1.0,1.0,1.0,1.0,1.0,1.0,1.0,1.0,1.0,1.0,1.0,1.0,1.0,1.0,1.0,1.0,1.0,1.0,1.0,1.0,1.0,1.0,1.0,1.0,1.0,1.0,1.0,1.0,1.0,1.0,1.0,1.0,1.0,1.0,1.0,1.0,1.0,1.0,1.0,1.0,1.0,1.0,1.0,1.0,1.0,1.0,1.0,1.0,1.0,1.0,1.0,1.0,1.0,1.0,1.0,1.0,1.0,1.0,1.0,1.0,1.0,1.0,1.0,1.0,1.0,1.0,1.0,1.0,1.0,1.0,1.0,1.0,1.0,1.0,1.0,1.0,1.0,1.0,1.0,1.0,1.0,1.0,1.0,1.0,1.0,1.0,1.0,1.3009120832843548,1.5672850400553195,1.0926809249069414,1.1249697067339888,1.1329293716418132,1.0119944661361129,1.262599349568953,2.6976382205980185,1.618681067858931,2.022338595105561,2.0800198403541486,0.7587169110991461,1.8712891650113987,1.6266392786289505,1.4504221721907928,1.2510774316661393,1.4680682057866348,1.468181258760163,1.4925759411678223,1.3139501297061107,2.1086660361400704,1.308199865820655,1.799688711764269,1.4372250881244981,1.4985225660501067,1.9138275471355195,2.7321426558465602,1.357272229727136,1.518815110831083,2.453852545941072,1.7543471992123387,1.1607079429203948,1.2001077767693091
1.0,1.0,1.0,1.0,1.0,1.0,1.0,1.0,1.0,1.0,1.0,1.0,1.0,1.0,1.0,1.0,1.0,1.0,1.0,1.0,1.0,1.0,1.0,1.0,1.0,1.0,1.0,1.0,1.0,1.0,1.0,1.0,1.0,1.0,1.0,1.0,1.0,1.0,1.0,1.0,1.0,1.0,1.0,1.0,1.0,1.0,1.0,1.0,1.0,1.0,1.0,1.0,1.0,1.0,1.0,1.0,1.0,1.0,1.0,1.0,1.0,1.0,1.0,1.0,1.0,1.0,1.0,1.0,1.0,1.0,1.0,1.0,1.0,1.0,1.0,1.0,1.0,1.0,1.0,1.0,1.0,1.0,1.0,1.0,1.0,1.0,1.0,1.0,1.0,1.0,1.0,1.0,1.0,1.0,1.0,1.0,1.0,1.0,1.0,1.0,1.0,1.0,1.0,1.0,1.0,1.0,1.0,1.0,1.0,1.0,1.0,1.0,1.0,1.0,1.0,1.0,1.0,1.0,1.0,1.0,1.0,1.0,1.0,1.0,1.0,1.0,1.0,1.0,1.0,1.0,1.0,1.0,1.0,1.0,1.0,1.0,1.0,1.0,1.0,1.0,1.0,1.0,1.0,1.0,1.0,1.0,1.0,1.0,1.0,1.0,1.0,1.0,1.0,1.0,1.0,1.0,1.0,1.0,1.0,1.0,1.0,1.0,1.0,1.0,1.0,1.0,1.0,1.0,1.0,1.0,1.0,1.0,1.0,1.0,1.0,1.0,1.0,1.0,1.0,1.0,1.0,1.0,1.0,1.0,1.0,1.0,1.0,1.0,1.0,1.0,1.0,1.0,1.0,1.0,1.0,1.0,1.0,1.0,1.0,1.0,1.0,1.0,1.0,1.0,1.0,1.0,1.0,1.0,1.0,1.0,1.0,1.0,1.0,1.0,1.0,1.0,1.0,1.0,1.0,1.0,1.0,1.0,1.0,1.0,1.0,1.0,1.0,1.0,1.0,1.0,1.0,1.0,1.0,1.0,1.0,1.0,1.0,1.0,1.0,1.0,1.0,1.0,1.0,1.0,1.0,1.0,1.0,1.0,1.0,1.0,1.0,1.0,1.0,1.0,1.0,1.0,1.0,1.0,1.0,1.0,1.0,1.0,1.0,1.0,1.0,1.0,1.0,1.0,1.0,1.0,1.0,1.0,1.0,1.0,1.0,1.0,1.0,1.0,1.0,1.0,1.0,1.0,1.0,1.0,1.0,1.0,1.0,1.0,1.0,1.0,1.0,1.0,1.0,1.0,1.0,1.0,1.0,1.0,1.0,1.0,1.0,1.0,1.0,1.0,1.0,1.0,1.0,1.0,1.0,1.0,1.0,1.0,1.0,1.0,1.0,1.0,1.0,1.0,1.0,1.0,1.0,1.0,1.0,1.0,1.0,1.0,1.0,1.0,1.0,1.0,1.0,1.0,1.0,1.0,1.0,1.0,1.0,1.0,1.0,1.0,1.0,1.0,1.0,1.0,1.0,1.0,1.0,1.0,1.0,1.0,1.0,1.0,1.0,1.0,1.0,1.0,1.0,1.0,1.0,1.0,1.0,1.0,1.0,1.0,1.0,1.0,1.0,1.0,1.0,1.0,1.0,1.0,1.0,1.0,1.0,1.0,1.0,1.0,1.0,1.0,1.0,1.0,1.0,1.0,1.0,1.0,1.0,1.0,1.0,1.0,1.0,1.0,1.0,1.0,1.0,1.0,1.0,1.0,1.0,1.0,1.0,1.0,1.0,1.0,1.0,1.0,1.0,1.0,1.0,1.0,1.0,1.0,1.0,1.0,1.0,1.0,1.0,1.0,1.0,1.0,1.2050003205164694,0.8404624906193315,0.8649630072445079,0.87080548623008,0.779121995223404,0.9705469407100361,2.0720080623554606,1.2436043276180189,1.552558922163771,1.59493265261273,0.5835689003916738,1.4420365209600683,1.2511322473635866,1.115117555424732,0.9606659175260017,1.1282085713715244,1.127289193592514,1.146608447567135,1.0087596070491085,1.6223395103275646,1.0059939416985015,1.3852017190557544,1.1043350805808387,1.1520735555925714,1.4708389000455373,2.104747625707436,1.045248722425153,1.167185753619096,1.887125342236322,1.3490120902802532,0.8937576572802364,0.9222091818980002
1.0,1.0,1.0,1.0,1.0,1.0,1.0,1.0,1.0,1.0,1.0,1.0,1.0,1.0,1.0,1.0,1.0,1.0,1.0,1.0,1.0,1.0,1.0,1.0,1.0,1.0,1.0,1.0,1.0,1.0,1.0,1.0,1.0,1.0,1.0,1.0,1.0,1.0,1.0,1.0,1.0,1.0,1.0,1.0,1.0,1.0,1.0,1.0,1.0,1.0,1.0,1.0,1.0,1.0,1.0,1.0,1.0,1.0,1.0,1.0,1.0,1.0,1.0,1.0,1.0,1.0,1.0,1.0,1.0,1.0,1.0,1.0,1.0,1.0,1.0,1.0,1.0,1.0,1.0,1.0,1.0,1.0,1.0,1.0,1.0,1.0,1.0,1.0,1.0,1.0,1.0,1.0,1.0,1.0,1.0,1.0,1.0,1.0,1.0,1.0,1.0,1.0,1.0,1.0,1.0,1.0,1.0,1.0,1.0,1.0,1.0,1.0,1.0,1.0,1.0,1.0,1.0,1.0,1.0,1.0,1.0,1.0,1.0,1.0,1.0,1.0,1.0,1.0,1.0,1.0,1.0,1.0,1.0,1.0,1.0,1.0,1.0,1.0,1.0,1.0,1.0,1.0,1.0,1.0,1.0,1.0,1.0,1.0,1.0,1.0,1.0,1.0,1.0,1.0,1.0,1.0,1.0,1.0,1.0,1.0,1.0,1.0,1.0,1.0,1.0,1.0,1.0,1.0,1.0,1.0,1.0,1.0,1.0,1.0,1.0,1.0,1.0,1.0,1.0,1.0,1.0,1.0,1.0,1.0,1.0,1.0,1.0,1.0,1.0,1.0,1.0,1.0,1.0,1.0,1.0,1.0,1.0,1.0,1.0,1.0,1.0,1.0,1.0,1.0,1.0,1.0,1.0,1.0,1.0,1.0,1.0,1.0,1.0,1.0,1.0,1.0,1.0,1.0,1.0,1.0,1.0,1.0,1.0,1.0,1.0,1.0,1.0,1.0,1.0,1.0,1.0,1.0,1.0,1.0,1.0,1.0,1.0,1.0,1.0,1.0,1.0,1.0,1.0,1.0,1.0,1.0,1.0,1.0,1.0,1.0,1.0,1.0,1.0,1.0,1.0,1.0,1.0,1.0,1.0,1.0,1.0,1.0,1.0,1.0,1.0,1.0,1.0,1.0,1.0,1.0,1.0,1.0,1.0,1.0,1.0,1.0,1.0,1.0,1.0,1.0,1.0,1.0,1.0,1.0,1.0,1.0,1.0,1.0,1.0,1.0,1.0,1.0,1.0,1.0,1.0,1.0,1.0,1.0,1.0,1.0,1.0,1.0,1.0,1.0,1.0,1.0,1.0,1.0,1.0,1.0,1.0,1.0,1.0,1.0,1.0,1.0,1.0,1.0,1.0,1.0,1.0,1.0,1.0,1.0,1.0,1.0,1.0,1.0,1.0,1.0,1.0,1.0,1.0,1.0,1.0,1.0,1.0,1.0,1.0,1.0,1.0,1.0,1.0,1.0,1.0,1.0,1.0,1.0,1.0,1.0,1.0,1.0,1.0,1.0,1.0,1.0,1.0,1.0,1.0,1.0,1.0,1.0,1.0,1.0,1.0,1.0,1.0,1.0,1.0,1.0,1.0,1.0,1.0,1.0,1.0,1.0,1.0,1.0,1.0,1.0,1.0,1.0,1.0,1.0,1.0,1.0,1.0,1.0,1.0,1.0,1.0,1.0,1.0,1.0,1.0,1.0,1.0,1.0,1.0,1.0,1.0,1.0,1.0,1.0,1.0,1.0,1.0,1.0,1.0,1.0,1.0,1.0,1.0,1.0,1.0,1.0,1.0,1.0,1.0,1.0,1.0,0.6975145382167971,0.7177278181016602,0.7222265040894411,0.6477530865890488,0.8051502685196981,1.7193328655966176,1.0317269313425597,1.2836598524210472,1.321447507860056,0.4846520641483134,1.1999497341783865,1.038690280709083,0.9253268832354863,0.7961279078273205,0.9358643941321712,0.9347529967668264,0.9509915408000229,0.8358592510584444,1.3478230484418519,0.8360647913815297,1.1507140220354417,0.9156272449202323,0.9560170321913155,1.2202575584258506,1.7558633035602713,0.8693333917110095,0.9682775569557266,1.5646892031127595,1.1191460832879003,0.7429253157085276,0.7651361552321323
1.0,1.0,1.0,1.0,1.0,1.0,1.0,1.0,1.0,1.0,1.0,1.0,1.0,1.0,1.0,1.0,1.0,1.0,1.0,1.0,1.0,1.0,1.0,1.0,1.0,1.0,1.0,1.0,1.0,1.0,1.0,1.0,1.0,1.0,1.0,1.0,1.0,1.0,1.0,1.0,1.0,1.0,1.0,1.0,1.0,1.0,1.0,1.0,1.0,1.0,1.0,1.0,1.0,1.0,1.0,1.0,1.0,1.0,1.0,1.0,1.0,1.0,1.0,1.0,1.0,1.0,1.0,1.0,1.0,1.0,1.0,1.0,1.0,1.0,1.0,1.0,1.0,1.0,1.0,1.0,1.0,1.0,1.0,1.0,1.0,1.0,1.0,1.0,1.0,1.0,1.0,1.0,1.0,1.0,1.0,1.0,1.0,1.0,1.0,1.0,1.0,1.0,1.0,1.0,1.0,1.0,1.0,1.0,1.0,1.0,1.0,1.0,1.0,1.0,1.0,1.0,1.0,1.0,1.0,1.0,1.0,1.0,1.0,1.0,1.0,1.0,1.0,1.0,1.0,1.0,1.0,1.0,1.0,1.0,1.0,1.0,1.0,1.0,1.0,1.0,1.0,1.0,1.0,1.0,1.0,1.0,1.0,1.0,1.0,1.0,1.0,1.0,1.0,1.0,1.0,1.0,1.0,1.0,1.0,1.0,1.0,1.0,1.0,1.0,1.0,1.0,1.0,1.0,1.0,1.0,1.0,1.0,1.0,1.0,1.0,1.0,1.0,1.0,1.0,1.0,1.0,1.0,1.0,1.0,1.0,1.0,1.0,1.0,1.0,1.0,1.0,1.0,1.0,1.0,1.0,1.0,1.0,1.0,1.0,1.0,1.0,1.0,1.0,1.0,1.0,1.0,1.0,1.0,1.0,1.0,1.0,1.0,1.0,1.0,1.0,1.0,1.0,1.0,1.0,1.0,1.0,1.0,1.0,1.0,1.0,1.0,1.0,1.0,1.0,1.0,1.0,1.0,1.0,1.0,1.0,1.0,1.0,1.0,1.0,1.0,1.0,1.0,1.0,1.0,1.0,1.0,1.0,1.0,1.0,1.0,1.0,1.0,1.0,1.0,1.0,1.0,1.0,1.0,1.0,1.0,1.0,1.0,1.0,1.0,1.0,1.0,1.0,1.0,1.0,1.0,1.0,1.0,1.0,1.0,1.0,1.0,1.0,1.0,1.0,1.0,1.0,1.0,1.0,1.0,1.0,1.0,1.0,1.0,1.0,1.0,1.0,1.0,1.0,1.0,1.0,1.0,1.0,1.0,1.0,1.0,1.0,1.0,1.0,1.0,1.0,1.0,1.0,1.0,1.0,1.0,1.0,1.0,1.0,1.0,1.0,1.0,1.0,1.0,1.0,1.0,1.0,1.0,1.0,1.0,1.0,1.0,1.0,1.0,1.0,1.0,1.0,1.0,1.0,1.0,1.0,1.0,1.0,1.0,1.0,1.0,1.0,1.0,1.0,1.0,1.0,1.0,1.0,1.0,1.0,1.0,1.0,1.0,1.0,1.0,1.0,1.0,1.0,1.0,1.0,1.0,1.0,1.0,1.0,1.0,1.0,1.0,1.0,1.0,1.0,1.0,1.0,1.0,1.0,1.0,1.0,1.0,1.0,1.0,1.0,1.0,1.0,1.0,1.0,1.0,1.0,1.0,1.0,1.0,1.0,1.0,1.0,1.0,1.0,1.0,1.0,1.0,1.0,1.0,1.0,1.0,1.0,1.0,1.0,1.0,1.0,1.0,1.0,1.0,1.0,1.0,1.0,1.0,1.0,1.0,1.0,1.0,1.0,1.0,1.0,1.0,1.0,1.0,1.0274844537134034,1.0347606728163043,0.9289804385462571,1.1528378113923516,2.4595264502358978,1.4764913774121124,1.8364903936323675,1.884071862114451,0.6942352714750131,1.7208673531539684,1.4866532868674063,1.3251026148959615,1.1383242880533595,1.3391551768133305,1.3372629157241382,1.3610839976797773,1.1951769585042116,1.9305392549471048,1.1980839789394024,1.6473114330645218,1.3100112377009148,1.3686969599293957,1.747517492575377,2.5173307741551056,1.248042382789695,1.3858518963838242,2.2443981318054376,1.6032849676794094,1.0653028955195727,1.0952236961823774
1.0,1.0,1.0,1.0,1.0,1.0,1.0,1.0,1.0,1.0,1.0,1.0,1.0,1.0,1.0,1.0,1.0,1.0,1.0,1.0,1.0,1.0,1.0,1.0,1.0,1.0,1.0,1.0,1.0,1.0,1.0,1.0,1.0,1.0,1.0,1.0,1.0,1.0,1.0,1.0,1.0,1.0,1.0,1.0,1.0,1.0,1.0,1.0,1.0,1.0,1.0,1.0,1.0,1.0,1.0,1.0,1.0,1.0,1.0,1.0,1.0,1.0,1.0,1.0,1.0,1.0,1.0,1.0,1.0,1.0,1.0,1.0,1.0,1.0,1.0,1.0,1.0,1.0,1.0,1.0,1.0,1.0,1.0,1.0,1.0,1.0,1.0,1.0,1.0,1.0,1.0,1.0,1.0,1.0,1.0,1.0,1.0,1.0,1.0,1.0,1.0,1.0,1.0,1.0,1.0,1.0,1.0,1.0,1.0,1.0,1.0,1.0,1.0,1.0,1.0,1.0,1.0,1.0,1.0,1.0,1.0,1.0,1.0,1.0,1.0,1.0,1.0,1.0,1.0,1.0,1.0,1.0,1.0,1.0,1.0,1.0,1.0,1.0,1.0,1.0,1.0,1.0,1.0,1.0,1.0,1.0,1.0,1.0,1.0,1.0,1.0,1.0,1.0,1.0,1.0,1.0,1.0,1.0,1.0,1.0,1.0,1.0,1.0,1.0,1.0,1.0,1.0,1.0,1.0,1.0,1.0,1.0,1.0,1.0,1.0,1.0,1.0,1.0,1.0,1.0,1.0,1.0,1.0,1.0,1.0,1.0,1.0,1.0,1.0,1.0,1.0,1.0,1.0,1.0,1.0,1.0,1.0,1.0,1.0,1.0,1.0,1.0,1.0,1.0,1.0,1.0,1.0,1.0,1.0,1.0,1.0,1.0,1.0,1.0,1.0,1.0,1.0,1.0,1.0,1.0,1.0,1.0,1.0,1.0,1.0,1.0,1.0,1.0,1.0,1.0,1.0,1.0,1.0,1.0,1.0,1.0,1.0,1.0,1.0,1.0,1.0,1.0,1.0,1.0,1.0,1.0,1.0,1.0,1.0,1.0,1.0,1.0,1.0,1.0,1.0,1.0,1.0,1.0,1.0,1.0,1.0,1.0,1.0,1.0,1.0,1.0,1.0,1.0,1.0,1.0,1.0,1.0,1.0,1.0,1.0,1.0,1.0,1.0,1.0,1.0,1.0,1.0,1.0,1.0,1.0,1.0,1.0,1.0,1.0,1.0,1.0,1.0,1.0,1.0,1.0,1.0,1.0,1.0,1.0,1.0,1.0,1.0,1.0,1.0,1.0,1.0,1.0,1.0,1.0,1.0,1.0,1.0,1.0,1.0,1.0,1.0,1.0,1.0,1.0,1.0,1.0,1.0,1.0,1.0,1.0,1.0,1.0,1.0,1.0,1.0,1.0,1.0,1.0,1.0,1.0,1.0,1.0,1.0,1.0,1.0,1.0,1.0,1.0,1.0,1.0,1.0,1.0,1.0,1.0,1.0,1.0,1.0,1.0,1.0,1.0,1.0,1.0,1.0,1.0,1.0,1.0,1.0,1.0,1.0,1.0,1.0,1.0,1.0,1.0,1.0,1.0,1.0,1.0,1.0,1.0,1.0,1.0,1.0,1.0,1.0,1.0,1.0,1.0,1.0,1.0,1.0,1.0,1.0,1.0,1.0,1.0,1.0,1.0,1.0,1.0,1.0,1.0,1.0,1.0,1.0,1.0,1.0,1.0,1.0,1.0,1.0,1.0,1.0,1.0,1.0,1.0,1.0,1.0,1.0,1.0,1.0,1.0,1.0,1.0,1.0,1.0,1.0,1.0,1.0055568133702515,0.9016473302942658,1.1212703610872687,2.3945152723076464,1.436219223290259,1.78730560311946,1.8383967971332886,0.6746880847368657,1.6697734977086536,1.4463543162121133,1.2885017155006777,1.10843678741545,1.302990634218573,1.301158564590553,1.3240765169929263,1.163747024046489,1.8763833501745126,1.163430194778865,1.600840410545678,1.275118718741001,1.3311809177348115,1.6989068683704762,2.44332756329067,1.2100001853923432,1.348091004900065,2.1783363231647996,1.5585298457678904,1.0344993581892838,1.065263141911006
1.0,1.0,1.0,1.0,1.0,1.0,1.0,1.0,1.0,1.0,1.0,1.0,1.0,1.0,1.0,1.0,1.0,1.0,1.0,1.0,1.0,1.0,1.0,1.0,1.0,1.0,1.0,1.0,1.0,1.0,1.0,1.0,1.0,1.0,1.0,1.0,1.0,1.0,1.0,1.0,1.0,1.0,1.0,1.0,1.0,1.0,1.0,1.0,1.0,1.0,1.0,1.0,1.0,1.0,1.0,1.0,1.0,1.0,1.0,1.0,1.0,1.0,1.0,1.0,1.0,1.0,1.0,1.0,1.0,1.0,1.0,1.0,1.0,1.0,1.0,1.0,1.0,1.0,1.0,1.0,1.0,1.0,1.0,1.0,1.0,1.0,1.0,1.0,1.0,1.0,1.0,1.0,1.0,1.0,1.0,1.0,1.0,1.0,1.0,1.0,1.0,1.0,1.0,1.0,1.0,1.0,1.0,1.0,1.0,1.0,1.0,1.0,1.0,1.0,1.0,1.0,1.0,1.0,1.0,1.0,1.0,1.0,1.0,1.0,1.0,1.0,1.0,1.0,1.0,1.0,1.0,1.0,1.0,1.0,1.0,1.0,1.0,1.0,1.0,1.0,1.0,1.0,1.0,1.0,1.0,1.0,1.0,1.0,1.0,1.0,1.0,1.0,1.0,1.0,1.0,1.0,1.0,1.0,1.0,1.0,1.0,1.0,1.0,1.0,1.0,1.0,1.0,1.0,1.0,1.0,1.0,1.0,1.0,1.0,1.0,1.0,1.0,1.0,1.0,1.0,1.0,1.0,1.0,1.0,1.0,1.0,1.0,1.0,1.0,1.0,1.0,1.0,1.0,1.0,1.0,1.0,1.0,1.0,1.0,1.0,1.0,1.0,1.0,1.0,1.0,1.0,1.0,1.0,1.0,1.0,1.0,1.0,1.0,1.0,1.0,1.0,1.0,1.0,1.0,1.0,1.0,1.0,1.0,1.0,1.0,1.0,1.0,1.0,1.0,1.0,1.0,1.0,1.0,1.0,1.0,1.0,1.0,1.0,1.0,1.0,1.0,1.0,1.0,1.0,1.0,1.0,1.0,1.0,1.0,1.0,1.0,1.0,1.0,1.0,1.0,1.0,1.0,1.0,1.0,1.0,1.0,1.0,1.0,1.0,1.0,1.0,1.0,1.0,1.0,1.0,1.0,1.0,1.0,1.0,1.0,1.0,1.0,1.0,1.0,1.0,1.0,1.0,1.0,1.0,1.0,1.0,1.0,1.0,1.0,1.0,1.0,1.0,1.0,1.0,1.0,1.0,1.0,1.0,1.0,1.0,1.0,1.0,1.0,1.0,1.0,1.0,1.0,1.0,1.0,1.0,1.0,1.0,1.0,1.0,1.0,1.0,1.0,1.0,1.0,1.0,1.0,1.0,1.0,1.0,1.0,1.0,1.0,1.0,1.0,1.0,1.0,1.0,1.0,1.0,1.0,1.0,1.0,1.0,1.0,1.0,1.0,1.0,1.0,1.0,1.0,1.0,1.0,1.0,1.0,1.0,1.0,1.0,1.0,1.0,1.0,1.0,1.0,1.0,1.0,1.0,1.0,1.0,1.0,1.0,1.0,1.0,1.0,1.0,1.0,1.0,1.0,1.0,1.0,1.0,1.0,1.0,1.0,1.0,1.0,1.0,1.0,1.0,1.0,1.0,1.0,1.0,1.0,1.0,1.0,1.0,1.0,1.0,1.0,1.0,1.0,1.0,1.0,1.0,1.0,1.0,1.0,1.0,1.0,1.0,1.0,1.0,1.0,1.0,1.0,1.0,1.0,1.0,1.0,1.0,1.0,1.0,1.0,1.0,1.0,1.0,1.0,1.0,1.0,1.0,0.8933861554153681,1.1120064035267863,2.3750729858600828,1.4252802298761191,1.7837617037301565,1.8222240877383016,0.6687756780912104,1.6519048201063453,1.4331393276752808,1.2781556959709128,1.1009264973088988,1.2927654109925166,1.2919038724469298,1.3137875576073674,1.1564592545179466,1.8583569563516755,1.1527077175567304,1.5816652663379802,1.2666433101274288,1.320220308771101,1.6867404670300563,2.4103274316349435,1.1997810309686874,1.337453239340618,2.1656178920975346,1.5467276652594157,1.0243264196369875,1.056529906593278
1.0,1.0,1.0,1.0,1.0,1.0,1.0,1.0,1.0,1.0,1.0,1.0,1.0,1.0,1.0,1.0,1.0,1.0,1.0,1.0,1.0,1.0,1.0,1.0,1.0,1.0,1.0,1.0,1.0,1.0,1.0,1.0,1.0,1.0,1.0,1.0,1.0,1.0,1.0,1.0,1.0,1.0,1.0,1.0,1.0,1.0,1.0,1.0,1.0,1.0,1.0,1.0,1.0,1.0,1.0,1.0,1.0,1.0,1.0,1.0,1.0,1.0,1.0,1.0,1.0,1.0,1.0,1.0,1.0,1.0,1.0,1.0,1.0,1.0,1.0,1.0,1.0,1.0,1.0,1.0,1.0,1.0,1.0,1.0,1.0,1.0,1.0,1.0,1.0,1.0,1.0,1.0,1.0,1.0,1.0,1.0,1.0,1.0,1.0,1.0,1.0,1.0,1.0,1.0,1.0,1.0,1.0,1.0,1.0,1.0,1.0,1.0,1.0,1.0,1.0,1.0,1.0,1.0,1.0,1.0,1.0,1.0,1.0,1.0,1.0,1.0,1.0,1.0,1.0,1.0,1.0,1.0,1.0,1.0,1.0,1.0,1.0,1.0,1.0,1.0,1.0,1.0,1.0,1.0,1.0,1.0,1.0,1.0,1.0,1.0,1.0,1.0,1.0,1.0,1.0,1.0,1.0,1.0,1.0,1.0,1.0,1.0,1.0,1.0,1.0,1.0,1.0,1.0,1.0,1.0,1.0,1.0,1.0,1.0,1.0,1.0,1.0,1.0,1.0,1.0,1.0,1.0,1.0,1.0,1.0,1.0,1.0,1.0,1.0,1.0,1.0,1.0,1.0,1.0,1.0,1.0,1.0,1.0,1.0,1.0,1.0,1.0,1.0,1.0,1.0,1.0,1.0,1.0,1.0,1.0,1.0,1.0,1.0,1.0,1.0,1.0,1.0,1.0,1.0,1.0,1.0,1.0,1.0,1.0,1.0,1.0,1.0,1.0,1.0,1.0,1.0,1.0,1.0,1.0,1.0,1.0,1.0,1.0,1.0,1.0,1.0,1.0,1.0,1.0,1.0,1.0,1.0,1.0,1.0,1.0,1.0,1.0,1.0,1.0,1.0,1.0,1.0,1.0,1.0,1.0,1.0,1.0,1.0,1.0,1.0,1.0,1.0,1.0,1.0,1.0,1.0,1.0,1.0,1.0,1.0,1.0,1.0,1.0,1.0,1.0,1.0,1.0,1.0,1.0,1.0,1.0,1.0,1.0,1.0,1.0,1.0,1.0,1.0,1.0,1.0,1.0,1.0,1.0,1.0,1.0,1.0,1.0,1.0,1.0,1.0,1.0,1.0,1.0,1.0,1.0,1.0,1.0,1.0,1.0,1.0,1.0,1.0,1.0,1.0,1.0,1.0,1.0,1.0,1.0,1.0,1.0,1.0,1.0,1.0,1.0,1.0,1.0,1.0,1.0,1.0,1.0,1.0,1.0,1.0,1.0,1.0,1.0,1.0,1.0,1.0,1.0,1.0,1.0,1.0,1.0,1.0,1.0,1.0,1.0,1.0,1.0,1.0,1.0,1.0,1.0,1.0,1.0,1.0,1.0,1.0,1.0,1.0,1.0,1.0,1.0,1.0,1.0,1.0,1.0,1.0,1.0,1.0,1.0,1.0,1.0,1.0,1.0,1.0,1.0,1.0,1.0,1.0,1.0,1.0,1.0,1.0,1.0,1.0,1.0,1.0,1.0,1.0,1.0,1.0,1.0,1.0,1.0,1.0,1.0,1.0,1.0,1.0,1.0,1.0,1.0,1.0,1.0,1.0,1.0,1.0,1.0,1.0,1.0,1.0,1.0,1.0,1.0,1.0,1.0,1.0,1.2204519896991268,2.6183806949652326,1.5657637175511194,1.9071812537559976,1.9852359837483626,0.7427248463931619,1.8552979279470925,1.5823244341381786,1.4070799925642428,1.1990074633316081,1.419462403811384,1.415332228452035,1.4418443038246647,1.2589328816479846,2.067163627567421,1.2859713236853052,1.7535898474155465,1.3830171175594277,1.4543244757723024,1.8583914200754836,2.7728426530206227,1.3477263120587635,1.4703653163758965,2.368768048949546,1.6993482054867943,1.1439588177638877,1.1638466733065516
1.0,1.0,1.0,1.0,1.0,1.0,1.0,1.0,1.0,1.0,1.0,1.0,1.0,1.0,1.0,1.0,1.0,1.0,1.0,1.0,1.0,1.0,1.0,1.0,1.0,1.0,1.0,1.0,1.0,1.0,1.0,1.0,1.0,1.0,1.0,1.0,1.0,1.0,1.0,1.0,1.0,1.0,1.0,1.0,1.0,1.0,1.0,1.0,1.0,1.0,1.0,1.0,1.0,1.0,1.0,1.0,1.0,1.0,1.0,1.0,1.0,1.0,1.0,1.0,1.0,1.0,1.0,1.0,1.0,1.0,1.0,1.0,1.0,1.0,1.0,1.0,1.0,1.0,1.0,1.0,1.0,1.0,1.0,1.0,1.0,1.0,1.0,1.0,1.0,1.0,1.0,1.0,1.0,1.0,1.0,1.0,1.0,1.0,1.0,1.0,1.0,1.0,1.0,1.0,1.0,1.0,1.0,1.0,1.0,1.0,1.0,1.0,1.0,1.0,1.0,1.0,1.0,1.0,1.0,1.0,1.0,1.0,1.0,1.0,1.0,1.0,1.0,1.0,1.0,1.0,1.0,1.0,1.0,1.0,1.0,1.0,1.0,1.0,1.0,1.0,1.0,1.0,1.0,1.0,1.0,1.0,1.0,1.0,1.0,1.0,1.0,1.0,1.0,1.0,1.0,1.0,1.0,1.0,1.0,1.0,1.0,1.0,1.0,1.0,1.0,1.0,1.0,1.0,1.0,1.0,1.0,1.0,1.0,1.0,1.0,1.0,1.0,1.0,1.0,1.0,1.0,1.0,1.0,1.0,1.0,1.0,1.0,1.0,1.0,1.0,1.0,1.0,1.0,1.0,1.0,1.0,1.0,1.0,1.0,1.0,1.0,1.0,1.0,1.0,1.0,1.0,1.0,1.0,1.0,1.0,1.0,1.0,1.0,1.0,1.0,1.0,1.0,1.0,1.0,1.0,1.0,1.0,1.0,1.0,1.0,1.0,1.0,1.0,1.0,1.0,1.0,1.0,1.0,1.0,1.0,1.0,1.0,1.0,1.0,1.0,1.0,1.0,1.0,1.0,1.0,1.0,1.0,1.0,1.0,1.0,1.0,1.0,1.0,1.0,1.0,1.0,1.0,1.0,1.0,1.0,1.0,1.0,1.0,1.0,1.0,1.0,1.0,1.0,1.0,1.0,1.0,1.0,1.0,1.0,1.0,1.0,1.0,1.0,1.0,1.0,1.0,1.0,1.0,1.0,1.0,1.0,1.0,1.0,1.0,1.0,1.0,1.0,1.0,1.0,1.0,1.0,1.0,1.0,1.0,1.0,1.0,1.0,1.0,1.0,1.0,1.0,1.0,1.0,1.0,1.0,1.0,1.0,1.0,1.0,1.0,1.0,1.0,1.0,1.0,1.0,1.0,1.0,1.0,1.0,1.0,1.0,1.0,1.0,1.0,1.0,1.0,1.0,1.0,1.0,1.0,1.0,1.0,1.0,1.0,1.0,1.0,1.0,1.0,1.0,1.0,1.0,1.0,1.0,1.0,1.0,1.0,1.0,1.0,1.0,1.0,1.0,1.0,1.0,1.0,1.0,1.0,1.0,1.0,1.0,1.0,1.0,1.0,1.0,1.0,1.0,1.0,1.0,1.0,1.0,1.0,1.0,1.0,1.0,1.0,1.0,1.0,1.0,1.0,1.0,1.0,1.0,1.0,1.0,1.0,1.0,1.0,1.0,1.0,1.0,1.0,1.0,1.0,1.0,1.0,1.0,1.0,1.0,1.0,1.0,1.0,1.0,1.0,1.0,1.0,1.0,1.0,1.0,1.0,1.0,1.0,1.0,1.0,1.0,1.0,1.0,1.0,1.0,1.0,1.0,1.0,1.0,2.1302553766990684,1.2799410486621534,1.600149618381438,1.6398436910207526,0.5998923724904313,1.4834104002558002,1.2878347516682995,1.147960411068356,0.9893076727851322,1.1611761669912826,1.1600895318037958,1.1802961405448822,1.0384381880994602,1.668304562433983,1.0341894978765254,1.4268224212766147,1.1375166332305708,1.185569251096533,1.5124371803658745,2.1564718979524446,1.0739970063215327,1.2010675118743936,1.9445988313845146,1.3891735637335672,0.9192890012680563,0.9486377817246208
1.0,1.0,1.0,1.0,1.0,1.0,1.0,1.0,1.0,1.0,1.0,1.0,1.0,1.0,1.0,1.0,1.0,1.0,1.0,1.0,1.0,1.0,1.0,1.0,1.0,1.0,1.0,1.0,1.0,1.0,1.0,1.0,1.0,1.0,1.0,1.0,1.0,1.0,1.0,1.0,1.0,1.0,1.0,1.0,1.0,1.0,1.0,1.0,1.0,1.0,1.0,1.0,1.0,1.0,1.0,1.0,1.0,1.0,1.0,1.0,1.0,1.0,1.0,1.0,1.0,1.0,1.0,1.0,1.0,1.0,1.0,1.0,1.0,1.0,1.0,1.0,1.0,1.0,1.0,1.0,1.0,1.0,1.0,1.0,1.0,1.0,1.0,1.0,1.0,1.0,1.0,1.0,1.0,1.0,1.0,1.0,1.0,1.0,1.0,1.0,1.0,1.0,1.0,1.0,1.0,1.0,1.0,1.0,1.0,1.0,1.0,1.0,1.0,1.0,1.0,1.0,1.0,1.0,1.0,1.0,1.0,1.0,1.0,1.0,1.0,1.0,1.0,1.0,1.0,1.0,1.0,1.0,1.0,1.0,1.0,1.0,1.0,1.0,1.0,1.0,1.0,1.0,1.0,1.0,1.0,1.0,1.0,1.0,1.0,1.0,1.0,1.0,1.0,1.0,1.0,1.0,1.0,1.0,1.0,1.0,1.0,1.0,1.0,1.0,1.0,1.0,1.0,1.0,1.0,1.0,1.0,1.0,1.0,1.0,1.0,1.0,1.0,1.0,1.0,1.0,1.0,1.0,1.0,1.0,1.0,1.0,1.0,1.0,1.0,1.0,1.0,1.0,1.0,1.0,1.0,1.0,1.0,1.0,1.0,1.0,1.0,1.0,1.0,1.0,1.0,1.0,1.0,1.0,1.0,1.0,1.0,1.0,1.0,1.0,1.0,1.0,1.0,1.0,1.0,1.0,1.0,1.0,1.0,1.0,1.0,1.0,1.0,1.0,1.0,1.0,1.0,1.0,1.0,1.0,1.0,1.0,1.0,1.0,1.0,1.0,1.0,1.0,1.0,1.0,1.0,1.0,1.0,1.0,1.0,1.0,1.0,1.0,1.0,1.0,1.0,1.0,1.0,1.0,1.0,1.0,1.0,1.0,1.0,1.0,1.0,1.0,1.0,1.0,1.0,1.0,1.0,1.0,1.0,1.0,1.0,1.0,1.0,1.0,1.0,1.0,1.0,1.0,1.0,1.0,1.0,1.0,1.0,1.0,1.0,1.0,1.0,1.0,1.0,1.0,1.0,1.0,1.0,1.0,1.0,1.0,1.0,1.0,1.0,1.0,1.0,1.0,1.0,1.0,1.0,1.0,1.0,1.0,1.0,1.0,1.0,1.0,1.0,1.0,1.0,1.0,1.0,1.0,1.0,1.0,1.0,1.0,1.0,1.0,1.0,1.0,1.0,1.0,1.0,1.0,1.0,1.0,1.0,1.0,1.0,1.0,1.0,1.0,1.0,1.0,1.0,1.0,1.0,1.0,1.0,1.0,1.0,1.0,1.0,1.0,1.0,1.0,1.0,1.0,1.0,1.0,1.0,1.0,1.0,1.0,1.0,1.0,1.0,1.0,1.0,1.0,1.0,1.0,1.0,1.0,1.0,1.0,1.0,1.0,1.0,1.0,1.0,1.0,1.0,1.0,1.0,1.0,1.0,1.0,1.0,1.0,1.0,1.0,1.0,1.0,1.0,1.0,1.0,1.0,1.0,1.0,1.0,1.0,1.0,1.0,1.0,1.0,1.0,1.0,1.0,1.0,1.0,1.0,1.0,1.0,1.0,1.0,1.0,1.0,1.0,1.0,1.0,1.0,1.0,1.0,1.0,1.0,1.0,0.5969974091421559,0.7405833224990637,0.7647415143827171,0.2802109441409081,0.6917987104131254,0.5997480139238786,0.5345711443776264,0.4595509184645119,0.5407887036806451,0.5403805681232919,0.5496372258282618,0.4826559959217032,0.7784357108909494,0.48392148950366953,0.6602421520414368,0.5290217166628908,0.552511532157185,0.7060349730162414,1.0237615477526882,0.5031432331191109,0.5598678299863105,0.9027543720277269,0.646208058656182,0.4289031714259389,0.44242652249659653
1.0,1.0,1.0,1.0,1.0,1.0,1.0,1.0,1.0,1.0,1.0,1.0,1.0,1.0,1.0,1.0,1.0,1.0,1.0,1.0,1.0,1.0,1.0,1.0,1.0,1.0,1.0,1.0,1.0,1.0,1.0,1.0,1.0,1.0,1.0,1.0,1.0,1.0,1.0,1.0,1.0,1.0,1.0,1.0,1.0,1.0,1.0,1.0,1.0,1.0,1.0,1.0,1.0,1.0,1.0,1.0,1.0,1.0,1.0,1.0,1.0,1.0,1.0,1.0,1.0,1.0,1.0,1.0,1.0,1.0,1.0,1.0,1.0,1.0,1.0,1.0,1.0,1.0,1.0,1.0,1.0,1.0,1.0,1.0,1.0,1.0,1.0,1.0,1.0,1.0,1.0,1.0,1.0,1.0,1.0,1.0,1.0,1.0,1.0,1.0,1.0,1.0,1.0,1.0,1.0,1.0,1.0,1.0,1.0,1.0,1.0,1.0,1.0,1.0,1.0,1.0,1.0,1.0,1.0,1.0,1.0,1.0,1.0,1.0,1.0,1.0,1.0,1.0,1.0,1.0,1.0,1.0,1.0,1.0,1.0,1.0,1.0,1.0,1.0,1.0,1.0,1.0,1.0,1.0,1.0,1.0,1.0,1.0,1.0,1.0,1.0,1.0,1.0,1.0,1.0,1.0,1.0,1.0,1.0,1.0,1.0,1.0,1.0,1.0,1.0,1.0,1.0,1.0,1.0,1.0,1.0,1.0,1.0,1.0,1.0,1.0,1.0,1.0,1.0,1.0,1.0,1.0,1.0,1.0,1.0,1.0,1.0,1.0,1.0,1.0,1.0,1.0,1.0,1.0,1.0,1.0,1.0,1.0,1.0,1.0,1.0,1.0,1.0,1.0,1.0,1.0,1.0,1.0,1.0,1.0,1.0,1.0,1.0,1.0,1.0,1.0,1.0,1.0,1.0,1.0,1.0,1.0,1.0,1.0,1.0,1.0,1.0,1.0,1.0,1.0,1.0,1.0,1.0,1.0,1.0,1.0,1.0,1.0,1.0,1.0,1.0,1.0,1.0,1.0,1.0,1.0,1.0,1.0,1.0,1.0,1.0,1.0,1.0,1.0,1.0,1.0,1.0,1.0,1.0,1.0,1.0,1.0,1.0,1.0,1.0,1.0,1.0,1.0,1.0,1.0,1.0,1.0,1.0,1.0,1.0,1.0,1.0,1.0,1.0,1.0,1.0,1.0,1.0,1.0,1.0,1.0,1.0,1.0,1.0,1.0,1.0,1.0,1.0,1.0,1.0,1.0,1.0,1.0,1.0,1.0,1.0,1.0,1.0,1.0,1.0,1.0,1.0,1.0,1.0,1.0,1.0,1.0,1.0,1.0,1.0,1.0,1.0,1.0,1.0,1.0,1.0,1.0,1.0,1.0,1.0,1.0,1.0,1.0,1.0,1.0,1.0,1.0,1.0,1.0,1.0,1.0,1.0,1.0,1.0,1.0,1.0,1.0,1.0,1.0,1.0,1.0,1.0,1.0,1.0,1.0,1.0,1.0,1.0,1.0,1.0,1.0,1.0,1.0,1.0,1.0,1.0,1.0,1.0,1.0,1.0,1.0,1.0,1.0,1.0,1.0,1.0,1.0,1.0,1.0,1.0,1.0,1.0,1.0,1.0,1.0,1.0,1.0,1.0,1.0,1.0,1.0,1.0,1.0,1.0,1.0,1.0,1.0,1.0,1.0,1.0,1.0,1.0,1.0,1.0,1.0,1.0,1.0,1.0,1.0,1.0,1.0,1.0,1.0,1.0,1.0,1.0,1.0,1.0,1.0,1.0,1.0,1.0,1.0,1.0,1.0,1.0,1.0,1.0,1.0,1.0,1.0,1.0,1.0,1.2467591332743577,1.2817564389787548,0.4686742272583435,1.157333223173182,1.004501999268346,0.8957685544102183,0.7716729409496355,0.906275236747766,0.9061180217857163,0.9213597314411832,0.8104478597015103,1.3025574583692818,0.8085114476848267,1.1107006001290505,0.8873640319208216,0.9254570156235169,1.181631225512394,1.6945270066549387,0.8394440711108972,0.9378021954576634,1.5157154820155552,1.0833611663992249,0.7173466127612499,0.7408888066423343
1.0,1.0,1.0,1.0,1.0,1.0,1.0,1.0,1.0,1.0,1.0,1.0,1.0,1.0,1.0,1.0,1.0,1.0,1.0,1.0,1.0,1.0,1.0,1.0,1.0,1.0,1.0,1.0,1.0,1.0,1.0,1.0,1.0,1.0,1.0,1.0,1.0,1.0,1.0,1.0,1.0,1.0,1.0,1.0,1.0,1.0,1.0,1.0,1.0,1.0,1.0,1.0,1.0,1.0,1.0,1.0,1.0,1.0,1.0,1.0,1.0,1.0,1.0,1.0,1.0,1.0,1.0,1.0,1.0,1.0,1.0,1.0,1.0,1.0,1.0,1.0,1.0,1.0,1.0,1.0,1.0,1.0,1.0,1.0,1.0,1.0,1.0,1.0,1.0,1.0,1.0,1.0,1.0,1.0,1.0,1.0,1.0,1.0,1.0,1.0,1.0,1.0,1.0,1.0,1.0,1.0,1.0,1.0,1.0,1.0,1.0,1.0,1.0,1.0,1.0,1.0,1.0,1.0,1.0,1.0,1.0,1.0,1.0,1.0,1.0,1.0,1.0,1.0,1.0,1.0,1.0,1.0,1.0,1.0,1.0,1.0,1.0,1.0,1.0,1.0,1.0,1.0,1.0,1.0,1.0,1.0,1.0,1.0,1.0,1.0,1.0,1.0,1.0,1.0,1.0,1.0,1.0,1.0,1.0,1.0,1.0,1.0,1.0,1.0,1.0,1.0,1.0,1.0,1.0,1.0,1.0,1.0,1.0,1.0,1.0,1.0,1.0,1.0,1.0,1.0,1.0,1.0,1.0,1.0,1.0,1.0,1.0,1.0,1.0,1.0,1.0,1.0,1.0,1.0,1.0,1.0,1.0,1.0,1.0,1.0,1.0,1.0,1.0,1.0,1.0,1.0,1.0,1.0,1.0,1.0,1.0,1.0,1.0,1.0,1.0,1.0,1.0,1.0,1.0,1.0,1.0,1.0,1.0,1.0,1.0,1.0,1.0,1.0,1.0,1.0,1.0,1.0,1.0,1.0,1.0,1.0,1.0,1.0,1.0,1.0,1.0,1.0,1.0,1.0,1.0,1.0,1.0,1.0,1.0,1.0,1.0,1.0,1.0,1.0,1.0,1.0,1.0,1.0,1.0,1.0,1.0,1.0,1.0,1.0,1.0,1.0,1.0,1.0,1.0,1.0,1.0,1.0,1.0,1.0,1.0,1.0,1.0,1.0,1.0,1.0,1.0,1.0,1.0,1.0,1.0,1.0,1.0,1.0,1.0,1.0,1.0,1.0,1.0,1.0,1.0,1.0,1.0,1.0,1.0,1.0,1.0,1.0,1.0,1.0,1.0,1.0,1.0,1.0,1.0,1.0,1.0,1.0,1.0,1.0,1.0,1.0,1.0,1.0,1.0,1.0,1.0,1.0,1.0,1.0,1.0,1.0,1.0,1.0,1.0,1.0,1.0,1.0,1.0,1.0,1.0,1.0,1.0,1.0,1.0,1.0,1.0,1.0,1.0,1.0,1.0,1.0,1.0,1.0,1.0,1.0,1.0,1.0,1.0,1.0,1.0,1.0,1.0,1.0,1.0,1.0,1.0,1.0,1.0,1.0,1.0,1.0,1.0,1.0,1.0,1.0,1.0,1.0,1.0,1.0,1.0,1.0,1.0,1.0,1.0,1.0,1.0,1.0,1.0,1.0,1.0,1.0,1.0,1.0,1.0,1.0,1.0,1.0,1.0,1.0,1.0,1.0,1.0,1.0,1.0,1.0,1.0,1.0,1.0,1.0,1.0,1.0,1.0,1.0,1.0,1.0,1.0,1.0,1.0,1.0,1.0,1.0,1.0,1.0,1.0,1.0,1.0,1.0,1.0,1.0,1.0,1.0,1.0,1.0,1.0,0.994108022913579,0.35565891996920723,0.8656264780180872,0.7692043192408712,0.6881283685203765,0.6008391184110959,0.6985074516669137,0.6991110337605349,0.7098628461337477,0.6311797712608839,0.9863778641572863,0.6087545278179045,0.8452107863610473,0.6896732074893661,0.7102782901745126,0.9064196515478207,1.2171086610764559,0.6272990500360851,0.721233496969403,1.1772733844434984,0.8355247904928418,0.5409581018624676,0.5678564651786666
1.0,1.0,1.0,1.0,1.0,1.0,1.0,1.0,1.0,1.0,1.0,1.0,1.0,1.0,1.0,1.0,1.0,1.0,1.0,1.0,1.0,1.0,1.0,1.0,1.0,1.0,1.0,1.0,1.0,1.0,1.0,1.0,1.0,1.0,1.0,1.0,1.0,1.0,1.0,1.0,1.0,1.0,1.0,1.0,1.0,1.0,1.0,1.0,1.0,1.0,1.0,1.0,1.0,1.0,1.0,1.0,1.0,1.0,1.0,1.0,1.0,1.0,1.0,1.0,1.0,1.0,1.0,1.0,1.0,1.0,1.0,1.0,1.0,1.0,1.0,1.0,1.0,1.0,1.0,1.0,1.0,1.0,1.0,1.0,1.0,1.0,1.0,1.0,1.0,1.0,1.0,1.0,1.0,1.0,1.0,1.0,1.0,1.0,1.0,1.0,1.0,1.0,1.0,1.0,1.0,1.0,1.0,1.0,1.0,1.0,1.0,1.0,1.0,1.0,1.0,1.0,1.0,1.0,1.0,1.0,1.0,1.0,1.0,1.0,1.0,1.0,1.0,1.0,1.0,1.0,1.0,1.0,1.0,1.0,1.0,1.0,1.0,1.0,1.0,1.0,1.0,1.0,1.0,1.0,1.0,1.0,1.0,1.0,1.0,1.0,1.0,1.0,1.0,1.0,1.0,1.0,1.0,1.0,1.0,1.0,1.0,1.0,1.0,1.0,1.0,1.0,1.0,1.0,1.0,1.0,1.0,1.0,1.0,1.0,1.0,1.0,1.0,1.0,1.0,1.0,1.0,1.0,1.0,1.0,1.0,1.0,1.0,1.0,1.0,1.0,1.0,1.0,1.0,1.0,1.0,1.0,1.0,1.0,1.0,1.0,1.0,1.0,1.0,1.0,1.0,1.0,1.0,1.0,1.0,1.0,1.0,1.0,1.0,1.0,1.0,1.0,1.0,1.0,1.0,1.0,1.0,1.0,1.0,1.0,1.0,1.0,1.0,1.0,1.0,1.0,1.0,1.0,1.0,1.0,1.0,1.0,1.0,1.0,1.0,1.0,1.0,1.0,1.0,1.0,1.0,1.0,1.0,1.0,1.0,1.0,1.0,1.0,1.0,1.0,1.0,1.0,1.0,1.0,1.0,1.0,1.0,1.0,1.0,1.0,1.0,1.0,1.0,1.0,1.0,1.0,1.0,1.0,1.0,1.0,1.0,1.0,1.0,1.0,1.0,1.0,1.0,1.0,1.0,1.0,1.0,1.0,1.0,1.0,1.0,1.0,1.0,1.0,1.0,1.0,1.0,1.0,1.0,1.0,1.0,1.0,1.0,1.0,1.0,1.0,1.0,1.0,1.0,1.0,1.0,1.0,1.0,1.0,1.0,1.0,1.0,1.0,1.0,1.0,1.0,1.0,1.0,1.0,1.0,1.0,1.0,1.0,1.0,1.0,1.0,1.0,1.0,1.0,1.0,1.0,1.0,1.0,1.0,1.0,1.0,1.0,1.0,1.0,1.0,1.0,1.0,1.0,1.0,1.0,1.0,1.0,1.0,1.0,1.0,1.0,1.0,1.0,1.0,1.0,1.0,1.0,1.0,1.0,1.0,1.0,1.0,1.0,1.0,1.0,1.0,1.0,1.0,1.0,1.0,1.0,1.0,1.0,1.0,1.0,1.0,1.0,1.0,1.0,1.0,1.0,1.0,1.0,1.0,1.0,1.0,1.0,1.0,1.0,1.0,1.0,1.0,1.0,1.0,1.0,1.0,1.0,1.0,1.0,1.0,1.0,1.0,1.0,1.0,1.0,1.0,1.0,1.0,1.0,1.0,1.0,1.0,1.0,1.0,1.0,1.0,1.0,1.0,1.0,1.0,1.0,1.0,1.0,1.0,1.0,1.0,1.0,0.3564631907852561,0.8735909634831155,0.7663584039323228,0.6830213107018992,0.5933377530383019,0.6933903742305263,0.6947688486935999,0.7052376836250802,0.6234009887467351,0.9902340611492659,0.6142792164415958,0.8511373331422829,0.6783589396863304,0.706021216181417,0.9016850243223005,1.266909711827061,0.6321326210556955,0.7168545505272698,1.1541169518439272,0.8258293137036048,0.5426921647671556,0.5665649838755
1.0,1.0,1.0,1.0,1.0,1.0,1.0,1.0,1.0,1.0,1.0,1.0,1.0,1.0,1.0,1.0,1.0,1.0,1.0,1.0,1.0,1.0,1.0,1.0,1.0,1.0,1.0,1.0,1.0,1.0,1.0,1.0,1.0,1.0,1.0,1.0,1.0,1.0,1.0,1.0,1.0,1.0,1.0,1.0,1.0,1.0,1.0,1.0,1.0,1.0,1.0,1.0,1.0,1.0,1.0,1.0,1.0,1.0,1.0,1.0,1.0,1.0,1.0,1.0,1.0,1.0,1.0,1.0,1.0,1.0,1.0,1.0,1.0,1.0,1.0,1.0,1.0,1.0,1.0,1.0,1.0,1.0,1.0,1.0,1.0,1.0,1.0,1.0,1.0,1.0,1.0,1.0,1.0,1.0,1.0,1.0,1.0,1.0,1.0,1.0,1.0,1.0,1.0,1.0,1.0,1.0,1.0,1.0,1.0,1.0,1.0,1.0,1.0,1.0,1.0,1.0,1.0,1.0,1.0,1.0,1.0,1.0,1.0,1.0,1.0,1.0,1.0,1.0,1.0,1.0,1.0,1.0,1.0,1.0,1.0,1.0,1.0,1.0,1.0,1.0,1.0,1.0,1.0,1.0,1.0,1.0,1.0,1.0,1.0,1.0,1.0,1.0,1.0,1.0,1.0,1.0,1.0,1.0,1.0,1.0,1.0,1.0,1.0,1.0,1.0,1.0,1.0,1.0,1.0,1.0,1.0,1.0,1.0,1.0,1.0,1.0,1.0,1.0,1.0,1.0,1.0,1.0,1.0,1.0,1.0,1.0,1.0,1.0,1.0,1.0,1.0,1.0,1.0,1.0,1.0,1.0,1.0,1.0,1.0,1.0,1.0,1.0,1.0,1.0,1.0,1.0,1.0,1.0,1.0,1.0,1.0,1.0,1.0,1.0,1.0,1.0,1.0,1.0,1.0,1.0,1.0,1.0,1.0,1.0,1.0,1.0,1.0,1.0,1.0,1.0,1.0,1.0,1.0,1.0,1.0,1.0,1.0,1.0,1.0,1.0,1.0,1.0,1.0,1.0,1.0,1.0,1.0,1.0,1.0,1.0,1.0,1.0,1.0,1.0,1.0,1.0,1.0,1.0,1.0,1.0,1.0,1.0,1.0,1.0,1.0,1.0,1.0,1.0,1.0,1.0,1.0,1.0,1.0,1.0,1.0,1.0,1.0,1.0,1.0,1.0,1.0,1.0,1.0,1.0,1.0,1.0,1.0,1.0,1.0,1.0,1.0,1.0,1.0,1.0,1.0,1.0,1.0,1.0,1.0,1.0,1.0,1.0,1.0,1.0,1.0,1.0,1.0,1.0,1.0,1.0,1.0,1.0,1.0,1.0,1.0,1.0,1.0,1.0,1.0,1.0,1.0,1.0,1.0,1.0,1.0,1.0,1.0,1.0,1.0,1.0,1.0,1.0,1.0,1.0,1.0,1.0,1.0,1.0,1.0,1.0,1.0,1.0,1.0,1.0,1.0,1.0,1.0,1.0,1.0,1.0,1.0,1.0,1.0,1.0,1.0,1.0,1.0,1.0,1.0,1.0,1.0,1.0,1.0,1.0,1.0,1.0,1.0,1.0,1.0,1.0,1.0,1.0,1.0,1.0,1.0,1.0,1.0,1.0,1.0,1.0,1.0,1.0,1.0,1.0,1.0,1.0,1.0,1.0,1.0,1.0,1.0,1.0,1.0,1.0,1.0,1.0,1.0,1.0,1.0,1.0,1.0,1.0,1.0,1.0,1.0,1.0,1.0,1.0,1.0,1.0,1.0,1.0,1.0,1.0,1.0,1.0,1.0,1.0,1.0,1.0,1.0,1.0,1.0,1.0,1.0,1.0,1.0,1.0,1.0,1.0,1.0,2.4822951707167222,2.13376541869033,1.899532439024452,1.6266995581896535,1.91874720118188,1.9164912498167228,1.9499921057654488,1.7089693244698712,2.7805303913811175,1.7273379539088607,2.3652768306779857,1.8725623617905236,1.963182819243165,2.5084728716205467,3.680433184269347,1.802102807724809,1.9867030602795932,3.20233344303617,2.294527338379116,1.5348429731358832,1.5719857061035802
1.0,1.0,1.0,1.0,1.0,1.0,1.0,1.0,1.0,1.0,1.0,1.0,1.0,1.0,1.0,1.0,1.0,1.0,1.0,1.0,1.0,1.0,1.0,1.0,1.0,1.0,1.0,1.0,1.0,1.0,1.0,1.0,1.0,1.0,1.0,1.0,1.0,1.0,1.0,1.0,1.0,1.0,1.0,1.0,1.0,1.0,1.0,1.0,1.0,1.0,1.0,1.0,1.0,1.0,1.0,1.0,1.0,1.0,1.0,1.0,1.0,1.0,1.0,1.0,1.0,1.0,1.0,1.0,1.0,1.0,1.0,1.0,1.0,1.0,1.0,1.0,1.0,1.0,1.0,1.0,1.0,1.0,1.0,1.0,1.0,1.0,1.0,1.0,1.0,1.0,1.0,1.0,1.0,1.0,1.0,1.0,1.0,1.0,1.0,1.0,1.0,1.0,1.0,1.0,1.0,1.0,1.0,1.0,1.0,1.0,1.0,1.0,1.0,1.0,1.0,1.0,1.0,1.0,1.0,1.0,1.0,1.0,1.0,1.0,1.0,1.0,1.0,1.0,1.0,1.0,1.0,1.0,1.0,1.0,1.0,1.0,1.0,1.0,1.0,1.0,1.0,1.0,1.0,1.0,1.0,1.0,1.0,1.0,1.0,1.0,1.0,1.0,1.0,1.0,1.0,1.0,1.0,1.0,1.0,1.0,1.0,1.0,1.0,1.0,1.0,1.0,1.0,1.0,1.0,1.0,1.0,1.0,1.0,1.0,1.0,1.0,1.0,1.0,1.0,1.0,1.0,1.0,1.0,1.0,1.0,1.0,1.0,1.0,1.0,1.0,1.0,1.0,1.0,1.0,1.0,1.0,1.0,1.0,1.0,1.0,1.0,1.0,1.0,1.0,1.0,1.0,1.0,1.0,1.0,1.0,1.0,1.0,1.0,1.0,1.0,1.0,1.0,1.0,1.0,1.0,1.0,1.0,1.0,1.0,1.0,1.0,1.0,1.0,1.0,1.0,1.0,1.0,1.0,1.0,1.0,1.0,1.0,1.0,1.0,1.0,1.0,1.0,1.0,1.0,1.0,1.0,1.0,1.0,1.0,1.0,1.0,1.0,1.0,1.0,1.0,1.0,1.0,1.0,1.0,1.0,1.0,1.0,1.0,1.0,1.0,1.0,1.0,1.0,1.0,1.0,1.0,1.0,1.0,1.0,1.0,1.0,1.0,1.0,1.0,1.0,1.0,1.0,1.0,1.0,1.0,1.0,1.0,1.0,1.0,1.0,1.0,1.0,1.0,1.0,1.0,1.0,1.0,1.0,1.0,1.0,1.0,1.0,1.0,1.0,1.0,1.0,1.0,1.0,1.0,1.0,1.0,1.0,1.0,1.0,1.0,1.0,1.0,1.0,1.0,1.0,1.0,1.0,1.0,1.0,1.0,1.0,1.0,1.0,1.0,1.0,1.0,1.0,1.0,1.0,1.0,1.0,1.0,1.0,1.0,1.0,1.0,1.0,1.0,1.0,1.0,1.0,1.0,1.0,1.0,1.0,1.0,1.0,1.0,1.0,1.0,1.0,1.0,1.0,1.0,1.0,1.0,1.0,1.0,1.0,1.0,1.0,1.0,1.0,1.0,1.0,1.0,1.0,1.0,1.0,1.0,1.0,1.0,1.0,1.0,1.0,1.0,1.0,1.0,1.0,1.0,1.0,1.0,1.0,1.0,1.0,1.0,1.0,1.0,1.0,1.0,1.0,1.0,1.0,1.0,1.0,1.0,1.0,1.0,1.0,1.0,1.0,1.0,1.0,1.0,1.0,1.0,1.0,1.0,1.0,1.0,1.0,1.0,1.0,1.0,1.0,1.0,1.0,1.0,1.0,1.0,1.0,1.0,1.0,1.0,1.0,1.0,1.0,0.8479804287297573,0.7527696777392778,0.6406038389459516,0.7590523403412106,0.7555743955594751,0.7702612374840109,0.6717689305392033,1.1077600245401982,0.6886116877569111,0.943303219877311,0.739176068842361,0.7778431040400504,0.9922828285984637,1.48783815195723,0.7226461013368513,0.7858429870989682,1.2656563213545517,0.9089885671599278,0.6136861833337002,0.6219566100622842
1.0,1.0,1.0,1.0,1.0,1.0,1.0,1.0,1.0,1.0,1.0,1.0,1.0,1.0,1.0,1.0,1.0,1.0,1.0,1.0,1.0,1.0,1.0,1.0,1.0,1.0,1.0,1.0,1.0,1.0,1.0,1.0,1.0,1.0,1.0,1.0,1.0,1.0,1.0,1.0,1.0,1.0,1.0,1.0,1.0,1.0,1.0,1.0,1.0,1.0,1.0,1.0,1.0,1.0,1.0,1.0,1.0,1.0,1.0,1.0,1.0,1.0,1.0,1.0,1.0,1.0,1.0,1.0,1.0,1.0,1.0,1.0,1.0,1.0,1.0,1.0,1.0,1.0,1.0,1.0,1.0,1.0,1.0,1.0,1.0,1.0,1.0,1.0,1.0,1.0,1.0,1.0,1.0,1.0,1.0,1.0,1.0,1.0,1.0,1.0,1.0,1.0,1.0,1.0,1.0,1.0,1.0,1.0,1.0,1.0,1.0,1.0,1.0,1.0,1.0,1.0,1.0,1.0,1.0,1.0,1.0,1.0,1.0,1.0,1.0,1.0,1.0,1.0,1.0,1.0,1.0,1.0,1.0,1.0,1.0,1.0,1.0,1.0,1.0,1.0,1.0,1.0,1.0,1.0,1.0,1.0,1.0,1.0,1.0,1.0,1.0,1.0,1.0,1.0,1.0,1.0,1.0,1.0,1.0,1.0,1.0,1.0,1.0,1.0,1.0,1.0,1.0,1.0,1.0,1.0,1.0,1.0,1.0,1.0,1.0,1.0,1.0,1.0,1.0,1.0,1.0,1.0,1.0,1.0,1.0,1.0,1.0,1.0,1.0,1.0,1.0,1.0,1.0,1.0,1.0,1.0,1.0,1.0,1.0,1.0,1.0,1.0,1.0,1.0,1.0,1.0,1.0,1.0,1.0,1.0,1.0,1.0,1.0,1.0,1.0,1.0,1.0,1.0,1.0,1.0,1.0,1.0,1.0,1.0,1.0,1.0,1.0,1.0,1.0,1.0,1.0,1.0,1.0,1.0,1.0,1.0,1.0,1.0,1.0,1.0,1.0,1.0,1.0,1.0,1.0,1.0,1.0,1.0,1.0,1.0,1.0,1.0,1.0,1.0,1.0,1.0,1.0,1.0,1.0,1.0,1.0,1.0,1.0,1.0,1.0,1.0,1.0,1.0,1.0,1.0,1.0,1.0,1.0,1.0,1.0,1.0,1.0,1.0,1.0,1.0,1.0,1.0,1.0,1.0,1.0,1.0,1.0,1.0,1.0,1.0,1.0,1.0,1.0,1.0,1.0,1.0,1.0,1.0,1.0,1.0,1.0,1.0,1.0,1.0,1.0,1.0,1.0,1.0,1.0,1.0,1.0,1.0,1.0,1.0,1.0,1.0,1.0,1.0,1.0,1.0,1.0,1.0,1.0,1.0,1.0,1.0,1.0,1.0,1.0,1.0,1.0,1.0,1.0,1.0,1.0,1.0,1.0,1.0,1.0,1.0,1.0,1.0,1.0,1.0,1.0,1.0,1.0,1.0,1.0,1.0,1.0,1.0,1.0,1.0,1.0,1.0,1.0,1.0,1.0,1.0,1.0,1.0,1.0,1.0,1.0,1.0,1.0,1.0,1.0,1.0,1.0,1.0,1.0,1.0,1.0,1.0,1.0,1.0,1.0,1.0,1.0,1.0,1.0,1.0,1.0,1.0,1.0,1.0,1.0,1.0,1.0,1.0,1.0,1.0,1.0,1.0,1.0,1.0,1.0,1.0,1.0,1.0,1.0,1.0,1.0,1.0,1.0,1.0,1.0,1.0,1.0,1.0,1.0,1.0,1.0,1.0,1.0,1.0,1.0,1.0,1.0,1.0,1.0,1.0,1.0,1.0,1.0,1.0,1.0,1.0,1.0,1.0,1.0,0.8894455138237014,0.7644932490593785,0.8994400110880125,0.8974846218770789,0.9133124841192565,0.8022855590374058,1.2973930314022524,0.8043124021453841,1.1074215076668827,0.8800033202002717,0.9189836588210464,1.1722677247876772,1.694778605648545,0.8374436929797401,0.9302404630030624,1.5014609226849398,1.0755640545570435,0.7156304627987327,0.7350365556952724
1.0,1.0,1.0,1.0,1.0,1.0,1.0,1.0,1.0,1.0,1.0,1.0,1.0,1.0,1.0,1.0,1.0,1.0,1.0,1.0,1.0,1.0,1.0,1.0,1.0,1.0,1.0,1.0,1.0,1.0,1.0,1.0,1.0,1.0,1.0,1.0,1.0,1.0,1.0,1.0,1.0,1.0,1.0,1.0,1.0,1.0,1.0,1.0,1.0,1.0,1.0,1.0,1.0,1.0,1.0,1.0,1.0,1.0,1.0,1.0,1.0,1.0,1.0,1.0,1.0,1.0,1.0,1.0,1.0,1.0,1.0,1.0,1.0,1.0,1.0,1.0,1.0,1.0,1.0,1.0,1.0,1.0,1.0,1.0,1.0,1.0,1.0,1.0,1.0,1.0,1.0,1.0,1.0,1.0,1.0,1.0,1.0,1.0,1.0,1.0,1.0,1.0,1.0,1.0,1.0,1.0,1.0,1.0,1.0,1.0,1.0,1.0,1.0,1.0,1.0,1.0,1.0,1.0,1.0,1.0,1.0,1.0,1.0,1.0,1.0,1.0,1.0,1.0,1.0,1.0,1.0,1.0,1.0,1.0,1.0,1.0,1.0,1.0,1.0,1.0,1.0,1.0,1.0,1.0,1.0,1.0,1.0,1.0,1.0,1.0,1.0,1.0,1.0,1.0,1.0,1.0,1.0,1.0,1.0,1.0,1.0,1.0,1.0,1.0,1.0,1.0,1.0,1.0,1.0,1.0,1.0,1.0,1.0,1.0,1.0,1.0,1.0,1.0,1.0,1.0,1.0,1.0,1.0,1.0,1.0,1.0,1.0,1.0,1.0,1.0,1.0,1.0,1.0,1.0,1.0,1.0,1.0,1.0,1.0,1.0,1.0,1.0,1.0,1.0,1.0,1.0,1.0,1.0,1.0,1.0,1.0,1.0,1.0,1.0,1.0,1.0,1.0,1.0,1.0,1.0,1.0,1.0,1.0,1.0,1.0,1.0,1.0,1.0,1.0,1.0,1.0,1.0,1.0,1.0,1.0,1.0,1.0,1.0,1.0,1.0,1.0,1.0,1.0,1.0,1.0,1.0,1.0,1.0,1.0,1.0,1.0,1.0,1.0,1.0,1.0,1.0,1.0,1.0,1.0,1.0,1.0,1.0,1.0,1.0,1.0,1.0,1.0,1.0,1.0,1.0,1.0,1.0,1.0,1.0,1.0,1.0,1.0,1.0,1.0,1.0,1.0,1.0,1.0,1.0,1.0,1.0,1.0,1.0,1.0,1.0,1.0,1.0,1.0,1.0,1.0,1.0,1.0,1.0,1.0,1.0,1.0,1.0,1.0,1.0,1.0,1.0,1.0,1.0,1.0,1.0,1.0,1.0,1.0,1.0,1.0,1.0,1.0,1.0,1.0,1.0,1.0,1.0,1.0,1.0,1.0,1.0,1.0,1.0,1.0,1.0,1.0,1.0,1.0,1.0,1.0,1.0,1.0,1.0,1.0,1.0,1.0,1.0,1.0,1.0,1.0,1.0,1.0,1.0,1.0,1.0,1.0,1.0,1.0,1.0,1.0,1.0,1.0,1.0,1.0,1.0,1.0,1.0,1.0,1.0,1.0,1.0,1.0,1.0,1.0,1.0,1.0,1.0,1.0,1.0,1.0,1.0,1.0,1.0,1.0,1.0,1.0,1.0,1.0,1.0,1.0,1.0,1.0,1.0,1.0,1.0,1.0,1.0,1.0,1.0,1.0,1.0,1.0,1.0,1.0,1.0,1.0,1.0,1.0,1.0,1.0,1.0,1.0,1.0,1.0,1.0,1.0,1.0,1.0,1.0,1.0,1.0,1.0,1.0,1.0,1.0,1.0,1.0,1.0,1.0,1.0,1.0,1.0,1.0,1.0,1.0,1.0,1.0,1.0,1.0,0.8601622585761426,1.0110378719367008,1.0099475056565597,1.0275377453821,0.903174058863786,1.45575124090306,0.9030244634042949,1.2418548905560494,0.9896482030470163,1.0328769664647837,1.3183372552148436,1.8954250279463853,0.939322940445167,1.0460785368119787,1.6916121766442058,1.209462609399177,0.80259271228515,0.8265561314579469
1.0,1.0,1.0,1.0,1.0,1.0,1.0,1.0,1.0,1.0,1.0,1.0,1.0,1.0,1.0,1.0,1.0,1.0,1.0,1.0,1.0,1.0,1.0,1.0,1.0,1.0,1.0,1.0,1.0,1.0,1.0,1.0,1.0,1.0,1.0,1.0,1.0,1.0,1.0,1.0,1.0,1.0,1.0,1.0,1.0,1.0,1.0,1.0,1.0,1.0,1.0,1.0,1.0,1.0,1.0,1.0,1.0,1.0,1.0,1.0,1.0,1.0,1.0,1.0,1.0,1.0,1.0,1.0,1.0,1.0,1.0,1.0,1.0,1.0,1.0,1.0,1.0,1.0,1.0,1.0,1.0,1.0,1.0,1.0,1.0,1.0,1.0,1.0,1.0,1.0,1.0,1.0,1.0,1.0,1.0,1.0,1.0,1.0,1.0,1.0,1.0,1.0,1.0,1.0,1.0,1.0,1.0,1.0,1.0,1.0,1.0,1.0,1.0,1.0,1.0,1.0,1.0,1.0,1.0,1.0,1.0,1.0,1.0,1.0,1.0,1.0,1.0,1.0,1.0,1.0,1.0,1.0,1.0,1.0,1.0,1.0,1.0,1.0,1.0,1.0,1.0,1.0,1.0,1.0,1.0,1.0,1.0,1.0,1.0,1.0,1.0,1.0,1.0,1.0,1.0,1.0,1.0,1.0,1.0,1.0,1.0,1.0,1.0,1.0,1.0,1.0,1.0,1.0,1.0,1.0,1.0,1.0,1.0,1.0,1.0,1.0,1.0,1.0,1.0,1.0,1.0,1.0,1.0,1.0,1.0,1.0,1.0,1.0,1.0,1.0,1.0,1.0,1.0,1.0,1.0,1.0,1.0,1.0,1.0,1.0,1.0,1.0,1.0,1.0,1.0,1.0,1.0,1.0,1.0,1.0,1.0,1.0,1.0,1.0,1.0,1.0,1.0,1.0,1.0,1.0,1.0,1.0,1.0,1.0,1.0,1.0,1.0,1.0,1.0,1.0,1.0,1.0,1.0,1.0,1.0,1.0,1.0,1.0,1.0,1.0,1.0,1.0,1.0,1.0,1.0,1.0,1.0,1.0,1.0,1.0,1.0,1.0,1.0,1.0,1.0,1.0,1.0,1.0,1.0,1.0,1.0,1.0,1.0,1.0,1.0,1.0,1.0,1.0,1.0,1.0,1.0,1.0,1.0,1.0,1.0,1.0,1.0,1.0,1.0,1.0,1.0,1.0,1.0,1.0,1.0,1.0,1.0,1.0,1.0,1.0,1.0,1.0,1.0,1.0,1.0,1.0,1.0,1.0,1.0,1.0,1.0,1.0,1.0,1.0,1.0,1.0,1.0,1.0,1.0,1.0,1.0,1.0,1.0,1.0,1.0,1.0,1.0,1.0,1.0,1.0,1.0,1.0,1.0,1.0,1.0,1.0,1.0,1.0,1.0,1.0,1.0,1.0,1.0,1.0,1.0,1.0,1.0,1.0,1.0,1.0,1.0,1.0,1.0,1.0,1.0,1.0,1.0,1.0,1.0,1.0,1.0,1.0,1.0,1.0,1.0,1.0,1.0,1.0,1.0,1.0,1.0,1.0,1.0,1.0,1.0,1.0,1.0,1.0,1.0,1.0,1.0,1.0,1.0,1.0,1.0,1.0,1.0,1.0,1.0,1.0,1.0,1.0,1.0,1.0,1.0,1.0,1.0,1.0,1.0,1.0,1.0,1.0,1.0,1.0,1.0,1.0,1.0,1.0,1.0,1.0,1.0,1.0,1.0,1.0,1.0,1.0,1.0,1.0,1.0,1.0,1.0,1.0,1.0,1.0,1.0,1.0,1.0,1.0,1.0,1.0,1.0,1.0,1.0,1.0,1.0,1.0,1.0,1.0,1.0,1.0,1.0,1.0,1.0,1.0,1.0,1.1694778712677776,1.170017478314021,1.1887682691242862,1.049900696253633,1.6720032719253295,1.0351869987546345,1.4314860539323204,1.1474756253356697,1.1921146902796924,1.5213476623009594,2.1338045899882987,1.0712932579187966,1.2089128260112796,1.9559904774386365,1.3970927664779884,0.9190074652942531,0.9543519904309868
1.0,1.0,1.0,1.0,1.0,1.0,1.0,1.0,1.0,1.0,1.0,1.0,1.0,1.0,1.0,1.0,1.0,1.0,1.0,1.0,1.0,1.0,1.0,1.0,1.0,1.0,1.0,1.0,1.0,1.0,1.0,1.0,1.0,1.0,1.0,1.0,1.0,1.0,1.0,1.0,1.0,1.0,1.0,1.0,1.0,1.0,1.0,1.0,1.0,1.0,1.0,1.0,1.0,1.0,1.0,1.0,1.0,1.0,1.0,1.0,1.0,1.0,1.0,1.0,1.0,1.0,1.0,1.0,1.0,1.0,1.0,1.0,1.0,1.0,1.0,1.0,1.0,1.0,1.0,1.0,1.0,1.0,1.0,1.0,1.0,1.0,1.0,1.0,1.0,1.0,1.0,1.0,1.0,1.0,1.0,1.0,1.0,1.0,1.0,1.0,1.0,1.0,1.0,1.0,1.0,1.0,1.0,1.0,1.0,1.0,1.0,1.0,1.0,1.0,1.0,1.0,1.0,1.0,1.0,1.0,1.0,1.0,1.0,1.0,1.0,1.0,1.0,1.0,1.0,1.0,1.0,1.0,1.0,1.0,1.0,1.0,1.0,1.0,1.0,1.0,1.0,1.0,1.0,1.0,1.0,1.0,1.0,1.0,1.0,1.0,1.0,1.0,1.0,1.0,1.0,1.0,1.0,1.0,1.0,1.0,1.0,1.0,1.0,1.0,1.0,1.0,1.0,1.0,1.0,1.0,1.0,1.0,1.0,1.0,1.0,1.0,1.0,1.0,1.0,1.0,1.0,1.0,1.0,1.0,1.0,1.0,1.0,1.0,1.0,1.0,1.0,1.0,1.0,1.0,1.0,1.0,1.0,1.0,1.0,1.0,1.0,1.0,1.0,1.0,1.0,1.0,1.0,1.0,1.0,1.0,1.0,1.0,1.0,1.0,1.0,1.0,1.0,1.0,1.0,1.0,1.0,1.0,1.0,1.0,1.0,1.0,1.0,1.0,1.0,1.0,1.0,1.0,1.0,1.0,1.0,1.0,1.0,1.0,1.0,1.0,1.0,1.0,1.0,1.0,1.0,1.0,1.0,1.0,1.0,1.0,1.0,1.0,1.0,1.0,1.0,1.0,1.0,1.0,1.0,1.0,1.0,1.0,1.0,1.0,1.0,1.0,1.0,1.0,1.0,1.0,1.0,1.0,1.0,1.0,1.0,1.0,1.0,1.0,1.0,1.0,1.0,1.0,1.0,1.0,1.0,1.0,1.0,1.0,1.0,1.0,1.0,1.0,1.0,1.0,1.0,1.0,1.0,1.0,1.0,1.0,1.0,1.0,1.0,1.0,1.0,1.0,1.0,1.0,1.0,1.0,1.0,1.0,1.0,1.0,1.0,1.0,1.0,1.0,1.0,1.0,1.0,1.0,1.0,1.0,1.0,1.0,1.0,1.0,1.0,1.0,1.0,1.0,1.0,1.0,1.0,1.0,1.0,1.0,1.0,1.0,1.0,1.0,1.0,1.0,1.0,1.0,1.0,1.0,1.0,1.0,1.0,1.0,1.0,1.0,1.0,1.0,1.0,1.0,1.0,1.0,1.0,1.0,1.0,1.0,1.0,1.0,1.0,1.0,1.0,1.0,1.0,1.0,1.0,1.0,1.0,1.0,1.0,1.0,1.0,1.0,1.0,1.0,1.0,1.0,1.0,1.0,1.0,1.0,1.0,1.0,1.0,1.0,1.0,1.0,1.0,1.0,1.0,1.0,1.0,1.0,1.0,1.0,1.0,1.0,1.0,1.0,1.0,1.0,1.0,1.0,1.0,1.0,1.0,1.0,1.0,1.0,1.0,1.0,1.0,1.0,1.0,1.0,1.0,1.0,1.0,1.0,1.0,1.0,1.0,1.0,1.0,1.0,1.0,1.0,1.0,1.0,0.9991945066956612,1.0160830515007375,0.8942938487139314,1.4370139585015238,0.8910671410603741,1.226794786418296,0.9791651722782273,1.0207911818940667,1.3030203030486436,1.862185379255516,0.9252177149021361,1.0342518624236554,1.671281303470923,1.1952386059851863,0.7914638358905755,0.8170255203198067
1.0,1.0,1.0,1.0,1.0,1.0,1.0,1.0,1.0,1.0,1.0,1.0,1.0,1.0,1.0,1.0,1.0,1.0,1.0,1.0,1.0,1.0,1.0,1.0,1.0,1.0,1.0,1.0,1.0,1.0,1.0,1.0,1.0,1.0,1.0,1.0,1.0,1.0,1.0,1.0,1.0,1.0,1.0,1.0,1.0,1.0,1.0,1.0,1.0,1.0,1.0,1.0,1.0,1.0,1.0,1.0,1.0,1.0,1.0,1.0,1.0,1.0,1.0,1.0,1.0,1.0,1.0,1.0,1.0,1.0,1.0,1.0,1.0,1.0,1.0,1.0,1.0,1.0,1.0,1.0,1.0,1.0,1.0,1.0,1.0,1.0,1.0,1.0,1.0,1.0,1.0,1.0,1.0,1.0,1.0,1.0,1.0,1.0,1.0,1.0,1.0,1.0,1.0,1.0,1.0,1.0,1.0,1.0,1.0,1.0,1.0,1.0,1.0,1.0,1.0,1.0,1.0,1.0,1.0,1.0,1.0,1.0,1.0,1.0,1.0,1.0,1.0,1.0,1.0,1.0,1.0,1.0,1.0,1.0,1.0,1.0,1.0,1.0,1.0,1.0,1.0,1.0,1.0,1.0,1.0,1.0,1.0,1.0,1.0,1.0,1.0,1.0,1.0,1.0,1.0,1.0,1.0,1.0,1.0,1.0,1.0,1.0,1.0,1.0,1.0,1.0,1.0,1.0,1.0,1.0,1.0,1.0,1.0,1.0,1.0,1.0,1.0,1.0,1.0,1.0,1.0,1.0,1.0,1.0,1.0,1.0,1.0,1.0,1.0,1.0,1.0,1.0,1.0,1.0,1.0,1.0,1.0,1.0,1.0,1.0,1.0,1.0,1.0,1.0,1.0,1.0,1.0,1.0,1.0,1.0,1.0,1.0,1.0,1.0,1.0,1.0,1.0,1.0,1.0,1.0,1.0,1.0,1.0,1.0,1.0,1.0,1.0,1.0,1.0,1.0,1.0,1.0,1.0,1.0,1.0,1.0,1.0,1.0,1.0,1.0,1.0,1.0,1.0,1.0,1.0,1.0,1.0,1.0,1.0,1.0,1.0,1.0,1.0,1.0,1.0,1.0,1.0,1.0,1.0,1.0,1.0,1.0,1.0,1.0,1.0,1.0,1.0,1.0,1.0,1.0,1.0,1.0,1.0,1.0,1.0,1.0,1.0,1.0,1.0,1.0,1.0,1.0,1.0,1.0,1.0,1.0,1.0,1.0,1.0,1.0,1.0,1.0,1.0,1.0,1.0,1.0,1.0,1.0,1.0,1.0,1.0,1.0,1.0,1.0,1.0,1.0,1.0,1.0,1.0,1.0,1.0,1.0,1.0,1.0,1.0,1.0,1.0,1.0,1.0,1.0,1.0,1.0,1.0,1.0,1.0,1.0,1.0,1.0,1.0,1.0,1.0,1.0,1.0,1.0,1.0,1.0,1.0,1.0,1.0,1.0,1.0,1.0,1.0,1.0,1.0,1.0,1.0,1.0,1.0,1.0,1.0,1.0,1.0,1.0,1.0,1.0,1.0,1.0,1.0,1.0,1.0,1.0,1.0,1.0,1.0,1.0,1.0,1.0,1.0,1.0,1.0,1.0,1.0,1.0,1.0,1.0,1.0,1.0,1.0,1.0,1.0,1.0,1.0,1.0,1.0,1.0,1.0,1.0,1.0,1.0,1.0,1.0,1.0,1.0,1.0,1.0,1.0,1.0,1.0,1.0,1.0,1.0,1.0,1.0,1.0,1.0,1.0,1.0,1.0,1.0,1.0,1.0,1.0,1.0,1.0,1.0,1.0,1.0,1.0,1.0,1.0,1.0,1.0,1.0,1.0,1.0,1.0,1.0,1.0,1.0,1.0,1.0,1.0,1.0,1.0,1.0,1.0,1.015278236392311,0.8947247002785053,1.4331159533347124,0.8891026934605575,1.2233137668243748,0.9777360124376158,1.0188585324719652,1.301416198559,1.8537044810669134,0.9214808308245322,1.0328537204138786,1.668100518292111,1.1923133064643083,0.7882530274805999,0.81617260508855
1.0,1.0,1.0,1.0,1.0,1.0,1.0,1.0,1.0,1.0,1.0,1.0,1.0,1.0,1.0,1.0,1.0,1.0,1.0,1.0,1.0,1.0,1.0,1.0,1.0,1.0,1.0,1.0,1.0,1.0,1.0,1.0,1.0,1.0,1.0,1.0,1.0,1.0,1.0,1.0,1.0,1.0,1.0,1.0,1.0,1.0,1.0,1.0,1.0,1.0,1.0,1.0,1.0,1.0,1.0,1.0,1.0,1.0,1.0,1.0,1.0,1.0,1.0,1.0,1.0,1.0,1.0,1.0,1.0,1.0,1.0,1.0,1.0,1.0,1.0,1.0,1.0,1.0,1.0,1.0,1.0,1.0,1.0,1.0,1.0,1.0,1.0,1.0,1.0,1.0,1.0,1.0,1.0,1.0,1.0,1.0,1.0,1.0,1.0,1.0,1.0,1.0,1.0,1.0,1.0,1.0,1.0,1.0,1.0,1.0,1.0,1.0,1.0,1.0,1.0,1.0,1.0,1.0,1.0,1.0,1.0,1.0,1.0,1.0,1.0,1.0,1.0,1.0,1.0,1.0,1.0,1.0,1.0,1.0,1.0,1.0,1.0,1.0,1.0,1.0,1.0,1.0,1.0,1.0,1.0,1.0,1.0,1.0,1.0,1.0,1.0,1.0,1.0,1.0,1.0,1.0,1.0,1.0,1.0,1.0,1.0,1.0,1.0,1.0,1.0,1.0,1.0,1.0,1.0,1.0,1.0,1.0,1.0,1.0,1.0,1.0,1.0,1.0,1.0,1.0,1.0,1.0,1.0,1.0,1.0,1.0,1.0,1.0,1.0,1.0,1.0,1.0,1.0,1.0,1.0,1.0,1.0,1.0,1.0,1.0,1.0,1.0,1.0,1.0,1.0,1.0,1.0,1.0,1.0,1.0,1.0,1.0,1.0,1.0,1.0,1.0,1.0,1.0,1.0,1.0,1.0,1.0,1.0,1.0,1.0,1.0,1.0,1.0,1.0,1.0,1.0,1.0,1.0,1.0,1.0,1.0,1.0,1.0,1.0,1.0,1.0,1.0,1.0,1.0,1.0,1.0,1.0,1.0,1.0,1.0,1.0,1.0,1.0,1.0,1.0,1.0,1.0,1.0,1.0,1.0,1.0,1.0,1.0,1.0,1.0,1.0,1.0,1.0,1.0,1.0,1.0,1.0,1.0,1.0,1.0,1.0,1.0,1.0,1.0,1.0,1.0,1.0,1.0,1.0,1.0,1.0,1.0,1.0,1.0,1.0,1.0,1.0,1.0,1.0,1.0,1.0,1.0,1.0,1.0,1.0,1.0,1.0,1.0,1.0,1.0,1.0,1.0,1.0,1.0,1.0,1.0,1.0,1.0,1.0,1.0,1.0,1.0,1.0,1.0,1.0,1.0,1.0,1.0,1.0,1.0,1.0,1.0,1.0,1.0,1.0,1.0,1.0,1.0,1.0,1.0,1.0,1.0,1.0,1.0,1.0,1.0,1.0,1.0,1.0,1.0,1.0,1.0,1.0,1.0,1.0,1.0,1.0,1.0,1.0,1.0,1.0,1.0,1.0,1.0,1.0,1.0,1.0,1.0,1.0,1.0,1.0,1.0,1.0,1.0,1.0,1.0,1.0,1.0,1.0,1.0,1.0,1.0,1.0,1.0,1.0,1.0,1.0,1.0,1.0,1.0,1.0,1.0,1.0,1.0,1.0,1.0,1.0,1.0,1.0,1.0,1.0,1.0,1.0,1.0,1.0,1.0,1.0,1.0,1.0,1.0,1.0,1.0,1.0,1.0,1.0,1.0,1.0,1.0,1.0,1.0,1.0,1.0,1.0,1.0,1.0,1.0,1.0,1.0,1.0,1.0,1.0,1.0,1.0,1.0,1.0,1.0,1.0,1.0,1.0,1.0,1.0,1.0,1.0,0.8798646189717253,1.4127168821218046,0.8765256188327111,1.2065229933612849,0.9623749629711361,1.00374107434284,1.2817630819596313,1.830064706642405,0.909462721328631,1.0172931493453061,1.6445450912579438,1.1754602750813818,0.7778050336549603,0.8038869606108798
1.0,1.0,1.0,1.0,1.0,1.0,1.0,1.0,1.0,1.0,1.0,1.0,1.0,1.0,1.0,1.0,1.0,1.0,1.0,1.0,1.0,1.0,1.0,1.0,1.0,1.0,1.0,1.0,1.0,1.0,1.0,1.0,1.0,1.0,1.0,1.0,1.0,1.0,1.0,1.0,1.0,1.0,1.0,1.0,1.0,1.0,1.0,1.0,1.0,1.0,1.0,1.0,1.0,1.0,1.0,1.0,1.0,1.0,1.0,1.0,1.0,1.0,1.0,1.0,1.0,1.0,1.0,1.0,1.0,1.0,1.0,1.0,1.0,1.0,1.0,1.0,1.0,1.0,1.0,1.0,1.0,1.0,1.0,1.0,1.0,1.0,1.0,1.0,1.0,1.0,1.0,1.0,1.0,1.0,1.0,1.0,1.0,1.0,1.0,1.0,1.0,1.0,1.0,1.0,1.0,1.0,1.0,1.0,1.0,1.0,1.0,1.0,1.0,1.0,1.0,1.0,1.0,1.0,1.0,1.0,1.0,1.0,1.0,1.0,1.0,1.0,1.0,1.0,1.0,1.0,1.0,1.0,1.0,1.0,1.0,1.0,1.0,1.0,1.0,1.0,1.0,1.0,1.0,1.0,1.0,1.0,1.0,1.0,1.0,1.0,1.0,1.0,1.0,1.0,1.0,1.0,1.0,1.0,1.0,1.0,1.0,1.0,1.0,1.0,1.0,1.0,1.0,1.0,1.0,1.0,1.0,1.0,1.0,1.0,1.0,1.0,1.0,1.0,1.0,1.0,1.0,1.0,1.0,1.0,1.0,1.0,1.0,1.0,1.0,1.0,1.0,1.0,1.0,1.0,1.0,1.0,1.0,1.0,1.0,1.0,1.0,1.0,1.0,1.0,1.0,1.0,1.0,1.0,1.0,1.0,1.0,1.0,1.0,1.0,1.0,1.0,1.0,1.0,1.0,1.0,1.0,1.0,1.0,1.0,1.0,1.0,1.0,1.0,1.0,1.0,1.0,1.0,1.0,1.0,1.0,1.0,1.0,1.0,1.0,1.0,1.0,1.0,1.0,1.0,1.0,1.0,1.0,1.0,1.0,1.0,1.0,1.0,1.0,1.0,1.0,1.0,1.0,1.0,1.0,1.0,1.0,1.0,1.0,1.0,1.0,1.0,1.0,1.0,1.0,1.0,1.0,1.0,1.0,1.0,1.0,1.0,1.0,1.0,1.0,1.0,1.0,1.0,1.0,1.0,1.0,1.0,1.0,1.0,1.0,1.0,1.0,1.0,1.0,1.0,1.0,1.0,1.0,1.0,1.0,1.0,1.0,1.0,1.0,1.0,1.0,1.0,1.0,1.0,1.0,1.0,1.0,1.0,1.0,1.0,1.0,1.0,1.0,1.0,1.0,1.0,1.0,1.0,1.0,1.0,1.0,1.0,1.0,1.0,1.0,1.0,1.0,1.0,1.0,1.0,1.0,1.0,1.0,1.0,1.0,1.0,1.0,1.0,1.0,1.0,1.0,1.0,1.0,1.0,1.0,1.0,1.0,1.0,1.0,1.0,1.0,1.0,1.0,1.0,1.0,1.0,1.0,1.0,1.0,1.0,1.0,1.0,1.0,1.0,1.0,1.0,1.0,1.0,1.0,1.0,1.0,1.0,1.0,1.0,1.0,1.0,1.0,1.0,1.0,1.0,1.0,1.0,1.0,1.0,1.0,1.0,1.0,1.0,1.0,1.0,1.0,1.0,1.0,1.0,1.0,1.0,1.0,1.0,1.0,1.0,1.0,1.0,1.0,1.0,1.0,1.0,1.0,1.0,1.0,1.0,1.0,1.0,1.0,1.0,1.0,1.0,1.0,1.0,1.0,1.0,1.0,1.0,1.0,1.0,1.0,1.0,1.0,1.0,1.0,1.0,1.0,1.0,1.0,1.0,1.0,1.5907801763303875,0.9851797456485092,1.360481098892179,1.0916687023930547,1.1342692348175958,1.448486804329983,2.0320811527056293,1.019236625942042,1.1503775516547772,1.8612906266861597,1.3287907741707143,0.8741030816843484,0.9084213758194448
1.0,1.0,1.0,1.0,1.0,1.0,1.0,1.0,1.0,1.0,1.0,1.0,1.0,1.0,1.0,1.0,1.0,1.0,1.0,1.0,1.0,1.0,1.0,1.0,1.0,1.0,1.0,1.0,1.0,1.0,1.0,1.0,1.0,1.0,1.0,1.0,1.0,1.0,1.0,1.0,1.0,1.0,1.0,1.0,1.0,1.0,1.0,1.0,1.0,1.0,1.0,1.0,1.0,1.0,1.0,1.0,1.0,1.0,1.0,1.0,1.0,1.0,1.0,1.0,1.0,1.0,1.0,1.0,1.0,1.0,1.0,1.0,1.0,1.0,1.0,1.0,1.0,1.0,1.0,1.0,1.0,1.0,1.0,1.0,1.0,1.0,1.0,1.0,1.0,1.0,1.0,1.0,1.0,1.0,1.0,1.0,1.0,1.0,1.0,1.0,1.0,1.0,1.0,1.0,1.0,1.0,1.0,1.0,1.0,1.0,1.0,1.0,1.0,1.0,1.0,1.0,1.0,1.0,1.0,1.0,1.0,1.0,1.0,1.0,1.0,1.0,1.0,1.0,1.0,1.0,1.0,1.0,1.0,1.0,1.0,1.0,1.0,1.0,1.0,1.0,1.0,1.0,1.0,1.0,1.0,1.0,1.0,1.0,1.0,1.0,1.0,1.0,1.0,1.0,1.0,1.0,1.0,1.0,1.0,1.0,1.0,1.0,1.0,1.0,1.0,1.0,1.0,1.0,1.0,1.0,1.0,1.0,1.0,1.0,1.0,1.0,1.0,1.0,1.0,1.0,1.0,1.0,1.0,1.0,1.0,1.0,1.0,1.0,1.0,1.0,1.0,1.0,1.0,1.0,1.0,1.0,1.0,1.0,1.0,1.0,1.0,1.0,1.0,1.0,1.0,1.0,1.0,1.0,1.0,1.0,1.0,1.0,1.0,1.0,1.0,1.0,1.0,1.0,1.0,1.0,1.0,1.0,1.0,1.0,1.0,1.0,1.0,1.0,1.0,1.0,1.0,1.0,1.0,1.0,1.0,1.0,1.0,1.0,1.0,1.0,1.0,1.0,1.0,1.0,1.0,1.0,1.0,1.0,1.0,1.0,1.0,1.0,1.0,1.0,1.0,1.0,1.0,1.0,1.0,1.0,1.0,1.0,1.0,1.0,1.0,1.0,1.0,1.0,1.0,1.0,1.0,1.0,1.0,1.0,1.0,1.0,1.0,1.0,1.0,1.0,1.0,1.0,1.0,1.0,1.0,1.0,1.0,1.0,1.0,1.0,1.0,1.0,1.0,1.0,1.0,1.0,1.0,1.0,1.0,1.0,1.0,1.0,1.0,1.0,1.0,1.0,1.0,1.0,1.0,1.0,1.0,1.0,1.0,1.0,1.0,1.0,1.0,1.0,1.0,1.0,1.0,1.0,1.0,1.0,1.0,1.0,1.0,1.0,1.0,1.0,1.0,1.0,1.0,1.0,1.0,1.0,1.0,1.0,1.0,1.0,1.0,1.0,1.0,1.0,1.0,1.0,1.0,1.0,1.0,1.0,1.0,1.0,1.0,1.0,1.0,1.0,1.0,1.0,1.0,1.0,1.0,1.0,1.0,1.0,1.0,1.0,1.0,1.0,1.0,1.0,1.0,1.0,1.0,1.0,1.0,1.0,1.0,1.0,1.0,1.0,1.0,1.0,1.0,1.0,1.0,1.0,1.0,1.0,1.0,1.0,1.0,1.0,1.0,1.0,1.0,1.0,1.0,1.0,1.0,1.0,1.0,1.0,1.0,1.0,1.0,1.0,1.0,1.0,1.0,1.0,1.0,1.0,1.0,1.0,1.0,1.0,1.0,1.0,1.0,1.0,1.0,1.0,1.0,1.0,1.0,1.0,1.0,1.0,1.0,1.0,1.0,1.0,1.0,1.0,1.0,1.0,1.0,1.0,1.0,1.0,0.6207234318407508,0.850976361168671,0.6722619520696482,0.7050951580929828,0.9005224470409343,1.3234272740956992,0.6480042209230661,0.713290428406335,1.1487888149145085,0.824110108258228,0.5520956990486381,0.5643610720875214
1.0,1.0,1.0,1.0,1.0,1.0,1.0,1.0,1.0,1.0,1.0,1.0,1.0,1.0,1.0,1.0,1.0,1.0,1.0,1.0,1.0,1.0,1.0,1.0,1.0,1.0,1.0,1.0,1.0,1.0,1.0,1.0,1.0,1.0,1.0,1.0,1.0,1.0,1.0,1.0,1.0,1.0,1.0,1.0,1.0,1.0,1.0,1.0,1.0,1.0,1.0,1.0,1.0,1.0,1.0,1.0,1.0,1.0,1.0,1.0,1.0,1.0,1.0,1.0,1.0,1.0,1.0,1.0,1.0,1.0,1.0,1.0,1.0,1.0,1.0,1.0,1.0,1.0,1.0,1.0,1.0,1.0,1.0,1.0,1.0,1.0,1.0,1.0,1.0,1.0,1.0,1.0,1.0,1.0,1.0,1.0,1.0,1.0,1.0,1.0,1.0,1.0,1.0,1.0,1.0,1.0,1.0,1.0,1.0,1.0,1.0,1.0,1.0,1.0,1.0,1.0,1.0,1.0,1.0,1.0,1.0,1.0,1.0,1.0,1.0,1.0,1.0,1.0,1.0,1.0,1.0,1.0,1.0,1.0,1.0,1.0,1.0,1.0,1.0,1.0,1.0,1.0,1.0,1.0,1.0,1.0,1.0,1.0,1.0,1.0,1.0,1.0,1.0,1.0,1.0,1.0,1.0,1.0,1.0,1.0,1.0,1.0,1.0,1.0,1.0,1.0,1.0,1.0,1.0,1.0,1.0,1.0,1.0,1.0,1.0,1.0,1.0,1.0,1.0,1.0,1.0,1.0,1.0,1.0,1.0,1.0,1.0,1.0,1.0,1.0,1.0,1.0,1.0,1.0,1.0,1.0,1.0,1.0,1.0,1.0,1.0,1.0,1.0,1.0,1.0,1.0,1.0,1.0,1.0,1.0,1.0,1.0,1.0,1.0,1.0,1.0,1.0,1.0,1.0,1.0,1.0,1.0,1.0,1.0,1.0,1.0,1.0,1.0,1.0,1.0,1.0,1.0,1.0,1.0,1.0,1.0,1.0,1.0,1.0,1.0,1.0,1.0,1.0,1.0,1.0,1.0,1.0,1.0,1.0,1.0,1.0,1.0,1.0,1.0,1.0,1.0,1.0,1.0,1.0,1.0,1.0,1.0,1.0,1.0,1.0,1.0,1.0,1.0,1.0,1.0,1.0,1.0,1.0,1.0,1.0,1.0,1.0,1.0,1.0,1.0,1.0,1.0,1.0,1.0,1.0,1.0,1.0,1.0,1.0,1.0,1.0,1.0,1.0,1.0,1.0,1.0,1.0,1.0,1.0,1.0,1.0,1.0,1.0,1.0,1.0,1.0,1.0,1.0,1.0,1.0,1.0,1.0,1.0,1.0,1.0,1.0,1.0,1.0,1.0,1.0,1.0,1.0,1.0,1.0,1.0,1.0,1.0,1.0,1.0,1.0,1.0,1.0,1.0,1.0,1.0,1.0,1.0,1.0,1.0,1.0,1.0,1.0,1.0,1.0,1.0,1.0,1.0,1.0,1.0,1.0,1.0,1.0,1.0,1.0,1.0,1.0,1.0,1.0,1.0,1.0,1.0,1.0,1.0,1.0,1.0,1.0,1.0,1.0,1.0,1.0,1.0,1.0,1.0,1.0,1.0,1.0,1.0,1.0,1.0,1.0,1.0,1.0,1.0,1.0,1.0,1.0,1.0,1.0,1.0,1.0,1.0,1.0,1.0,1.0,1.0,1.0,1.0,1.0,1.0,1.0,1.0,1.0,1.0,1.0,1.0,1.0,1.0,1.0,1.0,1.0,1.0,1.0,1.0,1.0,1.0,1.0,1.0,1.0,1.0,1.0,1.0,1.0,1.0,1.0,1.0,1.0,1.0,1.0,1.0,1.0,1.0,1.0,1.0,1.0,1.0,1.0,1.0,1.0,1.0,1.0,1.0,1.3649250799393289,1.0761650157795772,1.1309209410559633,1.4456420530032856,2.142973944844174,1.0435400288289984,1.144463010564972,1.8428784320009308,1.3214210416082484,0.8867719251036719,0.9061618408195097
1.0,1.0,1.0,1.0,1.0,1.0,1.0,1.0,1.0,1.0,1.0,1.0,1.0,1.0,1.0,1.0,1.0,1.0,1.0,1.0,1.0,1.0,1.0,1.0,1.0,1.0,1.0,1.0,1.0,1.0,1.0,1.0,1.0,1.0,1.0,1.0,1.0,1.0,1.0,1.0,1.0,1.0,1.0,1.0,1.0,1.0,1.0,1.0,1.0,1.0,1.0,1.0,1.0,1.0,1.0,1.0,1.0,1.0,1.0,1.0,1.0,1.0,1.0,1.0,1.0,1.0,1.0,1.0,1.0,1.0,1.0,1.0,1.0,1.0,1.0,1.0,1.0,1.0,1.0,1.0,1.0,1.0,1.0,1.0,1.0,1.0,1.0,1.0,1.0,1.0,1.0,1.0,1.0,1.0,1.0,1.0,1.0,1.0,1.0,1.0,1.0,1.0,1.0,1.0,1.0,1.0,1.0,1.0,1.0,1.0,1.0,1.0,1.0,1.0,1.0,1.0,1.0,1.0,1.0,1.0,1.0,1.0,1.0,1.0,1.0,1.0,1.0,1.0,1.0,1.0,1.0,1.0,1.0,1.0,1.0,1.0,1.0,1.0,1.0,1.0,1.0,1.0,1.0,1.0,1.0,1.0,1.0,1.0,1.0,1.0,1.0,1.0,1.0,1.0,1.0,1.0,1.0,1.0,1.0,1.0,1.0,1.0,1.0,1.0,1.0,1.0,1.0,1.0,1.0,1.0,1.0,1.0,1.0,1.0,1.0,1.0,1.0,1.0,1.0,1.0,1.0,1.0,1.0,1.0,1.0,1.0,1.0,1.0,1.0,1.0,1.0,1.0,1.0,1.0,1.0,1.0,1.0,1.0,1.0,1.0,1.0,1.0,1.0,1.0,1.0,1.0,1.0,1.0,1.0,1.0,1.0,1.0,1.0,1.0,1.0,1.0,1.0,1.0,1.0,1.0,1.0,1.0,1.0,1.0,1.0,1.0,1.0,1.0,1.0,1.0,1.0,1.0,1.0,1.0,1.0,1.0,1.0,1.0,1.0,1.0,1.0,1.0,1.0,1.0,1.0,1.0,1.0,1.0,1.0,1.0,1.0,1.0,1.0,1.0,1.0,1.0,1.0,1.0,1.0,1.0,1.0,1.0,1.0,1.0,1.0,1.0,1.0,1.0,1.0,1.0,1.0,1.0,1.0,1.0,1.0,1.0,1.0,1.0,1.0,1.0,1.0,1.0,1.0,1.0,1.0,1.0,1.0,1.0,1.0,1.0,1.0,1.0,1.0,1.0,1.0,1.0,1.0,1.0,1.0,1.0,1.0,1.0,1.0,1.0,1.0,1.0,1.0,1.0,1.0,1.0,1.0,1.0,1.0,1.0,1.0,1.0,1.0,1.0,1.0,1.0,1.0,1.0,1.0,1.0,1.0,1.0,1.0,1.0,1.0,1.0,1.0,1.0,1.0,1.0,1.0,1.0,1.0,1.0,1.0,1.0,1.0,1.0,1.0,1.0,1.0,1.0,1.0,1.0,1.0,1.0,1.0,1.0,1.0,1.0,1.0,1.0,1.0,1.0,1.0,1.0,1.0,1.0,1.0,1.0,1.0,1.0,1.0,1.0,1.0,1.0,1.0,1.0,1.0,1.0,1.0,1.0,1.0,1.0,1.0,1.0,1.0,1.0,1.0,1.0,1.0,1.0,1.0,1.0,1.0,1.0,1.0,1.0,1.0,1.0,1.0,1.0,1.0,1.0,1.0,1.0,1.0,1.0,1.0,1.0,1.0,1.0,1.0,1.0,1.0,1.0,1.0,1.0,1.0,1.0,1.0,1.0,1.0,1.0,1.0,1.0,1.0,1.0,1.0,1.0,1.0,1.0,1.0,1.0,1.0,1.0,1.0,1.0,1.0,1.0,1.0,1.0,1.0,1.0,1.0,1.0,1.0,1.0,0.7790208684926733,0.8164259338347489,1.0403133499685544,1.5067524047155851,0.7445314664800914,0.8263990124872442,1.335037222707117,0.9553614465289109,0.6374884155096296,0.6537973444128814
1.0,1.0,1.0,1.0,1.0,1.0,1.0,1.0,1.0,1.0,1.0,1.0,1.0,1.0,1.0,1.0,1.0,1.0,1.0,1.0,1.0,1.0,1.0,1.0,1.0,1.0,1.0,1.0,1.0,1.0,1.0,1.0,1.0,1.0,1.0,1.0,1.0,1.0,1.0,1.0,1.0,1.0,1.0,1.0,1.0,1.0,1.0,1.0,1.0,1.0,1.0,1.0,1.0,1.0,1.0,1.0,1.0,1.0,1.0,1.0,1.0,1.0,1.0,1.0,1.0,1.0,1.0,1.0,1.0,1.0,1.0,1.0,1.0,1.0,1.0,1.0,1.0,1.0,1.0,1.0,1.0,1.0,1.0,1.0,1.0,1.0,1.0,1.0,1.0,1.0,1.0,1.0,1.0,1.0,1.0,1.0,1.0,1.0,1.0,1.0,1.0,1.0,1.0,1.0,1.0,1.0,1.0,1.0,1.0,1.0,1.0,1.0,1.0,1.0,1.0,1.0,1.0,1.0,1.0,1.0,1.0,1.0,1.0,1.0,1.0,1.0,1.0,1.0,1.0,1.0,1.0,1.0,1.0,1.0,1.0,1.0,1.0,1.0,1.0,1.0,1.0,1.0,1.0,1.0,1.0,1.0,1.0,1.0,1.0,1.0,1.0,1.0,1.0,1.0,1.0,1.0,1.0,1.0,1.0,1.0,1.0,1.0,1.0,1.0,1.0,1.0,1.0,1.0,1.0,1.0,1.0,1.0,1.0,1.0,1.0,1.0,1.0,1.0,1.0,1.0,1.0,1.0,1.0,1.0,1.0,1.0,1.0,1.0,1.0,1.0,1.0,1.0,1.0,1.0,1.0,1.0,1.0,1.0,1.0,1.0,1.0,1.0,1.0,1.0,1.0,1.0,1.0,1.0,1.0,1.0,1.0,1.0,1.0,1.0,1.0,1.0,1.0,1.0,1.0,1.0,1.0,1.0,1.0,1.0,1.0,1.0,1.0,1.0,1.0,1.0,1.0,1.0,1.0,1.0,1.0,1.0,1.0,1.0,1.0,1.0,1.0,1.0,1.0,1.0,1.0,1.0,1.0,1.0,1.0,1.0,1.0,1.0,1.0,1.0,1.0,1.0,1.0,1.0,1.0,1.0,1.0,1.0,1.0,1.0,1.0,1.0,1.0,1.0,1.0,1.0,1.0,1.0,1.0,1.0,1.0,1.0,1.0,1.0,1.0,1.0,1.0,1.0,1.0,1.0,1.0,1.0,1.0,1.0,1.0,1.0,1.0,1.0,1.0,1.0,1.0,1.0,1.0,1.0,1.0,1.0,1.0,1.0,1.0,1.0,1.0,1.0,1.0,1.0,1.0,1.0,1.0,1.0,1.0,1.0,1.0,1.0,1.0,1.0,1.0,1.0,1.0,1.0,1.0,1.0,1.0,1.0,1.0,1.0,1.0,1.0,1.0,1.0,1.0,1.0,1.0,1.0,1.0,1.0,1.0,1.0,1.0,1.0,1.0,1.0,1.0,1.0,1.0,1.0,1.0,1.0,1.0,1.0,1.0,1.0,1.0,1.0,1.0,1.0,1.0,1.0,1.0,1.0,1.0,1.0,1.0,1.0,1.0,1.0,1.0,1.0,1.0,1.0,1.0,1.0,1.0,1.0,1.0,1.0,1.0,1.0,1.0,1.0,1.0,1.0,1.0,1.0,1.0,1.0,1.0,1.0,1.0,1.0,1.0,1.0,1.0,1.0,1.0,1.0,1.0,1.0,1.0,1.0,1.0,1.0,1.0,1.0,1.0,1.0,1.0,1.0,1.0,1.0,1.0,1.0,1.0,1.0,1.0,1.0,1.0,1.0,1.0,1.0,1.0,1.0,1.0,1.0,1.0,1.0,1.0,1.0,1.0,1.0,1.0,1.0,1.0,1.0,1.0,1.0,1.0,1.0,1.0,1.0,1.0,1.0384099755701666,1.3245630939146484,1.8712775489538347,0.9360604444388411,1.0521535776038993,1.7027628664496466,1.2168216650487431,0.8022054345066392,0.8301980364796329
1.0,1.0,1.0,1.0,1.0,1.0,1.0,1.0,1.0,1.0,1.0,1.0,1.0,1.0,1.0,1.0,1.0,1.0,1.0,1.0,1.0,1.0,1.0,1.0,1.0,1.0,1.0,1.0,1.0,1.0,1.0,1.0,1.0,1.0,1.0,1.0,1.0,1.0,1.0,1.0,1.0,1.0,1.0,1.0,1.0,1.0,1.0,1.0,1.0,1.0,1.0,1.0,1.0,1.0,1.0,1.0,1.0,1.0,1.0,1.0,1.0,1.0,1.0,1.0,1.0,1.0,1.0,1.0,1.0,1.0,1.0,1.0,1.0,1.0,1.0,1.0,1.0,1.0,1.0,1.0,1.0,1.0,1.0,1.0,1.0,1.0,1.0,1.0,1.0,1.0,1.0,1.0,1.0,1.0,1.0,1.0,1.0,1.0,1.0,1.0,1.0,1.0,1.0,1.0,1.0,1.0,1.0,1.0,1.0,1.0,1.0,1.0,1.0,1.0,1.0,1.0,1.0,1.0,1.0,1.0,1.0,1.0,1.0,1.0,1.0,1.0,1.0,1.0,1.0,1.0,1.0,1.0,1.0,1.0,1.0,1.0,1.0,1.0,1.0,1.0,1.0,1.0,1.0,1.0,1.0,1.0,1.0,1.0,1.0,1.0,1.0,1.0,1.0,1.0,1.0,1.0,1.0,1.0,1.0,1.0,1.0,1.0,1.0,1.0,1.0,1.0,1.0,1.0,1.0,1.0,1.0,1.0,1.0,1.0,1.0,1.0,1.0,1.0,1.0,1.0,1.0,1.0,1.0,1.0,1.0,1.0,1.0,1.0,1.0,1.0,1.0,1.0,1.0,1.0,1.0,1.0,1.0,1.0,1.0,1.0,1.0,1.0,1.0,1.0,1.0,1.0,1.0,1.0,1.0,1.0,1.0,1.0,1.0,1.0,1.0,1.0,1.0,1.0,1.0,1.0,1.0,1.0,1.0,1.0,1.0,1.0,1.0,1.0,1.0,1.0,1.0,1.0,1.0,1.0,1.0,1.0,1.0,1.0,1.0,1.0,1.0,1.0,1.0,1.0,1.0,1.0,1.0,1.0,1.0,1.0,1.0,1.0,1.0,1.0,1.0,1.0,1.0,1.0,1.0,1.0,1.0,1.0,1.0,1.0,1.0,1.0,1.0,1.0,1.0,1.0,1.0,1.0,1.0,1.0,1.0,1.0,1.0,1.0,1.0,1.0,1.0,1.0,1.0,1.0,1.0,1.0,1.0,1.0,1.0,1.0,1.0,1.0,1.0,1.0,1.0,1.0,1.0,1.0,1.0,1.0,1.0,1.0,1.0,1.0,1.0,1.0,1.0,1.0,1.0,1.0,1.0,1.0,1.0,1.0,1.0,1.0,1.0,1.0,1.0,1.0,1.0,1.0,1.0,1.0,1.0,1.0,1.0,1.0,1.0,1.0,1.0,1.0,1.0,1.0,1.0,1.0,1.0,1.0,1.0,1.0,1.0,1.0,1.0,1.0,1.0,1.0,1.0,1.0,1.0,1.0,1.0,1.0,1.0,1.0,1.0,1.0,1.0,1.0,1.0,1.0,1.0,1.0,1.0,1.0,1.0,1.0,1.0,1.0,1.0,1.0,1.0,1.0,1.0,1.0,1.0,1.0,1.0,1.0,1.0,1.0,1.0,1.0,1.0,1.0,1.0,1.0,1.0,1.0,1.0,1.0,1.0,1.0,1.0,1.0,1.0,1.0,1.0,1.0,1.0,1.0,1.0,1.0,1.0,1.0,1.0,1.0,1.0,1.0,1.0,1.0,1.0,1.0,1.0,1.0,1.0,1.0,1.0,1.0,1.0,1.0,1.0,1.0,1.0,1.0,1.0,1.0,1.0,1.0,1.0,1.0,1.0,1.0,1.0,1.0,1.0,1.0,1.0,1.0,1.0,1.0,1.0,1.0,1.0,1.0,1.2765359504740559,1.8380034290914495,0.9096461058244829,1.0126684561918793,1.6357050901390777,1.1704090913205933,0.7771681661796973,0.8002048998799871
1.0,1.0,1.0,1.0,1.0,1.0,1.0,1.0,1.0,1.0,1.0,1.0,1.0,1.0,1.0,1.0,1.0,1.0,1.0,1.0,1.0,1.0,1.0,1.0,1.0,1.0,1.0,1.0,1.0,1.0,1.0,1.0,1.0,1.0,1.0,1.0,1.0,1.0,1.0,1.0,1.0,1.0,1.0,1.0,1.0,1.0,1.0,1.0,1.0,1.0,1.0,1.0,1.0,1.0,1.0,1.0,1.0,1.0,1.0,1.0,1.0,1.0,1.0,1.0,1.0,1.0,1.0,1.0,1.0,1.0,1.0,1.0,1.0,1.0,1.0,1.0,1.0,1.0,1.0,1.0,1.0,1.0,1.0,1.0,1.0,1.0,1.0,1.0,1.0,1.0,1.0,1.0,1.0,1.0,1.0,1.0,1.0,1.0,1.0,1.0,1.0,1.0,1.0,1.0,1.0,1.0,1.0,1.0,1.0,1.0,1.0,1.0,1.0,1.0,1.0,1.0,1.0,1.0,1.0,1.0,1.0,1.0,1.0,1.0,1.0,1.0,1.0,1.0,1.0,1.0,1.0,1.0,1.0,1.0,1.0,1.0,1.0,1.0,1.0,1.0,1.0,1.0,1.0,1.0,1.0,1.0,1.0,1.0,1.0,1.0,1.0,1.0,1.0,1.0,1.0,1.0,1.0,1.0,1.0,1.0,1.0,1.0,1.0,1.0,1.0,1.0,1.0,1.0,1.0,1.0,1.0,1.0,1.0,1.0,1.0,1.0,1.0,1.0,1.0,1.0,1.0,1.0,1.0,1.0,1.0,1.0,1.0,1.0,1.0,1.0,1.0,1.0,1.0,1.0,1.0,1.0,1.0,1.0,1.0,1.0,1.0,1.0,1.0,1.0,1.0,1.0,1.0,1.0,1.0,1.0,1.0,1.0,1.0,1.0,1.0,1.0,1.0,1.0,1.0,1.0,1.0,1.0,1.0,1.0,1.0,1.0,1.0,1.0,1.0,1.0,1.0,1.0,1.0,1.0,1.0,1.0,1.0,1.0,1.0,1.0,1.0,1.0,1.0,1.0,1.0,1.0,1.0,1.0,1.0,1.0,1.0,1.0,1.0,1.0,1.0,1.0,1.0,1.0,1.0,1.0,1.0,1.0,1.0,1.0,1.0,1.0,1.0,1.0,1.0,1.0,1.0,1.0,1.0,1.0,1.0,1.0,1.0,1.0,1.0,1.0,1.0,1.0,1.0,1.0,1.0,1.0,1.0,1.0,1.0,1.0,1.0,1.0,1.0,1.0,1.0,1.0,1.0,1.0,1.0,1.0,1.0,1.0,1.0,1.0,1.0,1.0,1.0,1.0,1.0,1.0,1.0,1.0,1.0,1.0,1.0,1.0,1.0,1.0,1.0,1.0,1.0,1.0,1.0,1.0,1.0,1.0,1.0,1.0,1.0,1.0,1.0,1.0,1.0,1.0,1.0,1.0,1.0,1.0,1.0,1.0,1.0,1.0,1.0,1.0,1.0,1.0,1.0,1.0,1.0,1.0,1.0,1.0,1.0,1.0,1.0,1.0,1.0,1.0,1.0,1.0,1.0,1.0,1.0,1.0,1.0,1.0,1.0,1.0,1.0,1.0,1.0,1.0,1.0,1.0,1.0,1.0,1.0,1.0,1.0,1.0,1.0,1.0,1.0,1.0,1.0,1.0,1.0,1.0,1.0,1.0,1.0,1.0,1.0,1.0,1.0,1.0,1.0,1.0,1.0,1.0,1.0,1.0,1.0,1.0,1.0,1.0,1.0,1.0,1.0,1.0,1.0,1.0,1.0,1.0,1.0,1.0,1.0,1.0,1.0,1.0,1.0,1.0,1.0,1.0,1.0,1.0,1.0,1.0,1.0,1.0,1.0,1.0,1.0,1.0,1.0,1.0,1.0,1.0,1.0,1.0,1.0,1.0,1.0,1.0,1.0,1.4410871918266444,0.7125983591715148,0.7922243352358606,1.2796688445152904,0.9151896304806992,0.6080054258907427,0.6263302659830402
1.0,1.0,1.0,1.0,1.0,1.0,1.0,1.0,1.0,1.0,1.0,1.0,1.0,1.0,1.0,1.0,1.0,1.0,1.0,1.0,1.0,1.0,1.0,1.0,1.0,1.0,1.0,1.0,1.0,1.0,1.0,1.0,1.0,1.0,1.0,1.0,1.0,1.0,1.0,1.0,1.0,1.0,1.0,1.0,1.0,1.0,1.0,1.0,1.0,1.0,1.0,1.0,1.0,1.0,1.0,1.0,1.0,1.0,1.0,1.0,1.0,1.0,1.0,1.0,1.0,1.0,1.0,1.0,1.0,1.0,1.0,1.0,1.0,1.0,1.0,1.0,1.0,1.0,1.0,1.0,1.0,1.0,1.0,1.0,1.0,1.0,1.0,1.0,1.0,1.0,1.0,1.0,1.0,1.0,1.0,1.0,1.0,1.0,1.0,1.0,1.0,1.0,1.0,1.0,1.0,1.0,1.0,1.0,1.0,1.0,1.0,1.0,1.0,1.0,1.0,1.0,1.0,1.0,1.0,1.0,1.0,1.0,1.0,1.0,1.0,1.0,1.0,1.0,1.0,1.0,1.0,1.0,1.0,1.0,1.0,1.0,1.0,1.0,1.0,1.0,1.0,1.0,1.0,1.0,1.0,1.0,1.0,1.0,1.0,1.0,1.0,1.0,1.0,1.0,1.0,1.0,1.0,1.0,1.0,1.0,1.0,1.0,1.0,1.0,1.0,1.0,1.0,1.0,1.0,1.0,1.0,1.0,1.0,1.0,1.0,1.0,1.0,1.0,1.0,1.0,1.0,1.0,1.0,1.0,1.0,1.0,1.0,1.0,1.0,1.0,1.0,1.0,1.0,1.0,1.0,1.0,1.0,1.0,1.0,1.0,1.0,1.0,1.0,1.0,1.0,1.0,1.0,1.0,1.0,1.0,1.0,1.0,1.0,1.0,1.0,1.0,1.0,1.0,1.0,1.0,1.0,1.0,1.0,1.0,1.0,1.0,1.0,1.0,1.0,1.0,1.0,1.0,1.0,1.0,1.0,1.0,1.0,1.0,1.0,1.0,1.0,1.0,1.0,1.0,1.0,1.0,1.0,1.0,1.0,1.0,1.0,1.0,1.0,1.0,1.0,1.0,1.0,1.0,1.0,1.0,1.0,1.0,1.0,1.0,1.0,1.0,1.0,1.0,1.0,1.0,1.0,1.0,1.0,1.0,1.0,1.0,1.0,1.0,1.0,1.0,1.0,1.0,1.0,1.0,1.0,1.0,1.0,1.0,1.0,1.0,1.0,1.0,1.0,1.0,1.0,1.0,1.0,1.0,1.0,1.0,1.0,1.0,1.0,1.0,1.0,1.0,1.0,1.0,1.0,1.0,1.0,1.0,1.0,1.0,1.0,1.0,1.0,1.0,1.0,1.0,1.0,1.0,1.0,1.0,1.0,1.0,1.0,1.0,1.0,1.0,1.0,1.0,1.0,1.0,1.0,1.0,1.0,1.0,1.0,1.0,1.0,1.0,1.0,1.0,1.0,1.0,1.0,1.0,1.0,1.0,1.0,1.0,1.0,1.0,1.0,1.0,1.0,1.0,1.0,1.0,1.0,1.0,1.0,1.0,1.0,1.0,1.0,1.0,1.0,1.0,1.0,1.0,1.0,1.0,1.0,1.0,1.0,1.0,1.0,1.0,1.0,1.0,1.0,1.0,1.0,1.0,1.0,1.0,1.0,1.0,1.0,1.0,1.0,1.0,1.0,1.0,1.0,1.0,1.0,1.0,1.0,1.0,1.0,1.0,1.0,1.0,1.0,1.0,1.0,1.0,1.0,1.0,1.0,1.0,1.0,1.0,1.0,1.0,1.0,1.0,1.0,1.0,1.0,1.0,1.0,1.0,1.0,1.0,1.0,1.0,1.0,1.0,1.0,1.0,1.0,1.0,1.0,1.0,1.0,1.0,1.0,1.0,1.0,1.0,1.0,1.0,0.465606367585765,0.49322845933007864,0.7857150906534749,0.5678283573090166,0.39095967930884806,0.39161839529856146
1.0,1.0,1.0,1.0,1.0,1.0,1.0,1.0,1.0,1.0,1.0,1.0,1.0,1.0,1.0,1.0,1.0,1.0,1.0,1.0,1.0,1.0,1.0,1.0,1.0,1.0,1.0,1.0,1.0,1.0,1.0,1.0,1.0,1.0,1.0,1.0,1.0,1.0,1.0,1.0,1.0,1.0,1.0,1.0,1.0,1.0,1.0,1.0,1.0,1.0,1.0,1.0,1.0,1.0,1.0,1.0,1.0,1.0,1.0,1.0,1.0,1.0,1.0,1.0,1.0,1.0,1.0,1.0,1.0,1.0,1.0,1.0,1.0,1.0,1.0,1.0,1.0,1.0,1.0,1.0,1.0,1.0,1.0,1.0,1.0,1.0,1.0,1.0,1.0,1.0,1.0,1.0,1.0,1.0,1.0,1.0,1.0,1.0,1.0,1.0,1.0,1.0,1.0,1.0,1.0,1.0,1.0,1.0,1.0,1.0,1.0,1.0,1.0,1.0,1.0,1.0,1.0,1.0,1.0,1.0,1.0,1.0,1.0,1.0,1.0,1.0,1.0,1.0,1.0,1.0,1.0,1.0,1.0,1.0,1.0,1.0,1.0,1.0,1.0,1.0,1.0,1.0,1.0,1.0,1.0,1.0,1.0,1.0,1.0,1.0,1.0,1.0,1.0,1.0,1.0,1.0,1.0,1.0,1.0,1.0,1.0,1.0,1.0,1.0,1.0,1.0,1.0,1.0,1.0,1.0,1.0,1.0,1.0,1.0,1.0,1.0,1.0,1.0,1.0,1.0,1.0,1.0,1.0,1.0,1.0,1.0,1.0,1.0,1.0,1.0,1.0,1.0,1.0,1.0,1.0,1.0,1.0,1.0,1.0,1.0,1.0,1.0,1.0,1.0,1.0,1.0,1.0,1.0,1.0,1.0,1.0,1.0,1.0,1.0,1.0,1.0,1.0,1.0,1.0,1.0,1.0,1.0,1.0,1.0,1.0,1.0,1.0,1.0,1.0,1.0,1.0,1.0,1.0,1.0,1.0,1.0,1.0,1.0,1.0,1.0,1.0,1.0,1.0,1.0,1.0,1.0,1.0,1.0,1.0,1.0,1.0,1.0,1.0,1.0,1.0,1.0,1.0,1.0,1.0,1.0,1.0,1.0,1.0,1.0,1.0,1.0,1.0,1.0,1.0,1.0,1.0,1.0,1.0,1.0,1.0,1.0,1.0,1.0,1.0,1.0,1.0,1.0,1.0,1.0,1.0,1.0,1.0,1.0,1.0,1.0,1.0,1.0,1.0,1.0,1.0,1.0,1.0,1.0,1.0,1.0,1.0,1.0,1.0,1.0,1.0,1.0,1.0,1.0,1.0,1.0,1.0,1.0,1.0,1.0,1.0,1.0,1.0,1.0,1.0,1.0,1.0,1.0,1.0,1.0,1.0,1.0,1.0,1.0,1.0,1.0,1.0,1.0,1.0,1.0,1.0,1.0,1.0,1.0,1.0,1.0,1.0,1.0,1.0,1.0,1.0,1.0,1.0,1.0,1.0,1.0,1.0,1.0,1.0,1.0,1.0,1.0,1.0,1.0,1.0,1.0,1.0,1.0,1.0,1.0,1.0,1.0,1.0,1.0,1.0,1.0,1.0,1.0,1.0,1.0,1.0,1.0,1.0,1.0,1.0,1.0,1.0,1.0,1.0,1.0,1.0,1.0,1.0,1.0,1.0,1.0,1.0,1.0,1.0,1.0,1.0,1.0,1.0,1.0,1.0,1.0,1.0,1.0,1.0,1.0,1.0,1.0,1.0,1.0,1.0,1.0,1.0,1.0,1.0,1.0,1.0,1.0,1.0,1.0,1.0,1.0,1.0,1.0,1.0,1.0,1.0,1.0,1.0,1.0,1.0,1.0,1.0,1.0,1.0,1.0,1.0,1.0,1.0,1.0,1.0,1.0,1.0,1.0,1.0,1.0,1.0,1.0,1.0,1.0833001459426503,1.7445384457003725,1.2522455624745288,0.8459273329041943,0.8578703996286308
1.0,1.0,1.0,1.0,1.0,1.0,1.0,1.0,1.0,1.0,1.0,1.0,1.0,1.0,1.0,1.0,1.0,1.0,1.0,1.0,1.0,1.0,1.0,1.0,1.0,1.0,1.0,1.0,1.0,1.0,1.0,1.0,1.0,1.0,1.0,1.0,1.0,1.0,1.0,1.0,1.0,1.0,1.0,1.0,1.0,1.0,1.0,1.0,1.0,1.0,1.0,1.0,1.0,1.0,1.0,1.0,1.0,1.0,1.0,1.0,1.0,1.0,1.0,1.0,1.0,1.0,1.0,1.0,1.0,1.0,1.0,1.0,1.0,1.0,1.0,1.0,1.0,1.0,1.0,1.0,1.0,1.0,1.0,1.0,1.0,1.0,1.0,1.0,1.0,1.0,1.0,1.0,1.0,1.0,1.0,1.0,1.0,1.0,1.0,1.0,1.0,1.0,1.0,1.0,1.0,1.0,1.0,1.0,1.0,1.0,1.0,1.0,1.0,1.0,1.0,1.0,1.0,1.0,1.0,1.0,1.0,1.0,1.0,1.0,1.0,1.0,1.0,1.0,1.0,1.0,1.0,1.0,1.0,1.0,1.0,1.0,1.0,1.0,1.0,1.0,1.0,1.0,1.0,1.0,1.0,1.0,1.0,1.0,1.0,1.0,1.0,1.0,1.0,1.0,1.0,1.0,1.0,1.0,1.0,1.0,1.0,1.0,1.0,1.0,1.0,1.0,1.0,1.0,1.0,1.0,1.0,1.0,1.0,1.0,1.0,1.0,1.0,1.0,1.0,1.0,1.0,1.0,1.0,1.0,1.0,1.0,1.0,1.0,1.0,1.0,1.0,1.0,1.0,1.0,1.0,1.0,1.0,1.0,1.0,1.0,1.0,1.0,1.0,1.0,1.0,1.0,1.0,1.0,1.0,1.0,1.0,1.0,1.0,1.0,1.0,1.0,1.0,1.0,1.0,1.0,1.0,1.0,1.0,1.0,1.0,1.0,1.0,1.0,1.0,1.0,1.0,1.0,1.0,1.0,1.0,1.0,1.0,1.0,1.0,1.0,1.0,1.0,1.0,1.0,1.0,1.0,1.0,1.0,1.0,1.0,1.0,1.0,1.0,1.0,1.0,1.0,1.0,1.0,1.0,1.0,1.0,1.0,1.0,1.0,1.0,1.0,1.0,1.0,1.0,1.0,1.0,1.0,1.0,1.0,1.0,1.0,1.0,1.0,1.0,1.0,1.0,1.0,1.0,1.0,1.0,1.0,1.0,1.0,1.0,1.0,1.0,1.0,1.0,1.0,1.0,1.0,1.0,1.0,1.0,1.0,1.0,1.0,1.0,1.0,1.0,1.0,1.0,1.0,1.0,1.0,1.0,1.0,1.0,1.0,1.0,1.0,1.0,1.0,1.0,1.0,1.0,1.0,1.0,1.0,1.0,1.0,1.0,1.0,1.0,1.0,1.0,1.0,1.0,1.0,1.0,1.0,1.0,1.0,1.0,1.0,1.0,1.0,1.0,1.0,1.0,1.0,1.0,1.0,1.0,1.0,1.0,1.0,1.0,1.0,1.0,1.0,1.0,1.0,1.0,1.0,1.0,1.0,1.0,1.0,1.0,1.0,1.0,1.0,1.0,1.0,1.0,1.0,1.0,1.0,1.0,1.0,1.0,1.0,1.0,1.0,1.0,1.0,1.0,1.0,1.0,1.0,1.0,1.0,1.0,1.0,1.0,1.0,1.0,1.0,1.0,1.0,1.0,1.0,1.0,1.0,1.0,1.0,1.0,1.0,1.0,1.0,1.0,1.0,1.0,1.0,1.0,1.0,1.0,1.0,1.0,1.0,1.0,1.0,1.0,1.0,1.0,1.0,1.0,1.0,1.0,1.0,1.0,1.0,1.0,1.0,1.0,1.0,1.0,1.0,1.0,1.0,1.0,1.0,1.0,1.0,1.0,1.0,1.0,1.0,1.0,1.0,1.0,1.0,1.6157880373243412,1.1553684137225533,0.7656981396977881,0.7901541397775224
1.0,1.0,1.0,1.0,1.0,1.0,1.0,1.0,1.0,1.0,1.0,1.0,1.0,1.0,1.0,1.0,1.0,1.0,1.0,1.0,1.0,1.0,1.0,1.0,1.0,1.0,1.0,1.0,1.0,1.0,1.0,1.0,1.0,1.0,1.0,1.0,1.0,1.0,1.0,1.0,1.0,1.0,1.0,1.0,1.0,1.0,1.0,1.0,1.0,1.0,1.0,1.0,1.0,1.0,1.0,1.0,1.0,1.0,1.0,1.0,1.0,1.0,1.0,1.0,1.0,1.0,1.0,1.0,1.0,1.0,1.0,1.0,1.0,1.0,1.0,1.0,1.0,1.0,1.0,1.0,1.0,1.0,1.0,1.0,1.0,1.0,1.0,1.0,1.0,1.0,1.0,1.0,1.0,1.0,1.0,1.0,1.0,1.0,1.0,1.0,1.0,1.0,1.0,1.0,1.0,1.0,1.0,1.0,1.0,1.0,1.0,1.0,1.0,1.0,1.0,1.0,1.0,1.0,1.0,1.0,1.0,1.0,1.0,1.0,1.0,1.0,1.0,1.0,1.0,1.0,1.0,1.0,1.0,1.0,1.0,1.0,1.0,1.0,1.0,1.0,1.0,1.0,1.0,1.0,1.0,1.0,1.0,1.0,1.0,1.0,1.0,1.0,1.0,1.0,1.0,1.0,1.0,1.0,1.0,1.0,1.0,1.0,1.0,1.0,1.0,1.0,1.0,1.0,1.0,1.0,1.0,1.0,1.0,1.0,1.0,1.0,1.0,1.0,1.0,1.0,1.0,1.0,1.0,1.0,1.0,1.0,1.0,1.0,1.0,1.0,1.0,1.0,1.0,1.0,1.0,1.0,1.0,1.0,1.0,1.0,1.0,1.0,1.0,1.0,1.0,1.0,1.0,1.0,1.0,1.0,1.0,1.0,1.0,1.0,1.0,1.0,1.0,1.0,1.0,1.0,1.0,1.0,1.0,1.0,1.0,1.0,1.0,1.0,1.0,1.0,1.0,1.0,1.0,1.0,1.0,1.0,1.0,1.0,1.0,1.0,1.0,1.0,1.0,1.0,1.0,1.0,1.0,1.0,1.0,1.0,1.0,1.0,1.0,1.0,1.0,1.0,1.0,1.0,1.0,1.0,1.0,1.0,1.0,1.0,1.0,1.0,1.0,1.0,1.0,1.0,1.0,1.0,1.0,1.0,1.0,1.0,1.0,1.0,1.0,1.0,1.0,1.0,1.0,1.0,1.0,1.0,1.0,1.0,1.0,1.0,1.0,1.0,1.0,1.0,1.0,1.0,1.0,1.0,1.0,1.0,1.0,1.0,1.0,1.0,1.0,1.0,1.0,1.0,1.0,1.0,1.0,1.0,1.0,1.0,1.0,1.0,1.0,1.0,1.0,1.0,1.0,1.0,1.0,1.0,1.0,1.0,1.0,1.0,1.0,1.0,1.0,1.0,1.0,1.0,1.0,1.0,1.0,1.0,1.0,1.0,1.0,1.0,1.0,1.0,1.0,1.0,1.0,1.0,1.0,1.0,1.0,1.0,1.0,1.0,1.0,1.0,1.0,1.0,1.0,1.0,1.0,1.0,1.0,1.0,1.0,1.0,1.0,1.0,1.0,1.0,1.0,1.0,1.0,1.0,1.0,1.0,1.0,1.0,1.0,1.0,1.0,1.0,1.0,1.0,1.0,1.0,1.0,1.0,1.0,1.0,1.0,1.0,1.0,1.0,1.0,1.0,1.0,1.0,1.0,1.0,1.0,1.0,1.0,1.0,1.0,1.0,1.0,1.0,1.0,1.0,1.0,1.0,1.0,1.0,1.0,1.0,1.0,1.0,1.0,1.0,1.0,1.0,1.0,1.0,1.0,1.0,1.0,1.0,1.0,1.0,1.0,1.0,1.0,1.0,1.0,1.0,1.0,1.0,1.0,1.0,1.0,1.0,1.0,1.0,1.0,1.0,1.0,1.0,1.0,0.7097860439043655,0.46807561732656744,0.48387864854144785
1.0,1.0,1.0,1.0,1.0,1.0,1.0,1.0,1.0,1.0,1.0,1.0,1.0,1.0,1.0,1.0,1.0,1.0,1.0,1.0,1.0,1.0,1.0,1.0,1.0,1.0,1.0,1.0,1.0,1.0,1.0,1.0,1.0,1.0,1.0,1.0,1.0,1.0,1.0,1.0,1.0,1.0,1.0,1.0,1.0,1.0,1.0,1.0,1.0,1.0,1.0,1.0,1.0,1.0,1.0,1.0,1.0,1.0,1.0,1.0,1.0,1.0,1.0,1.0,1.0,1.0,1.0,1.0,1.0,1.0,1.0,1.0,1.0,1.0,1.0,1.0,1.0,1.0,1.0,1.0,1.0,1.0,1.0,1.0,1.0,1.0,1.0,1.0,1.0,1.0,1.0,1.0,1.0,1.0,1.0,1.0,1.0,1.0,1.0,1.0,1.0,1.0,1.0,1.0,1.0,1.0,1.0,1.0,1.0,1.0,1.0,1.0,1.0,1.0,1.0,1.0,1.0,1.0,1.0,1.0,1.0,1.0,1.0,1.0,1.0,1.0,1.0,1.0,1.0,1.0,1.0,1.0,1.0,1.0,1.0,1.0,1.0,1.0,1.0,1.0,1.0,1.0,1.0,1.0,1.0,1.0,1.0,1.0,1.0,1.0,1.0,1.0,1.0,1.0,1.0,1.0,1.0,1.0,1.0,1.0,1.0,1.0,1.0,1.0,1.0,1.0,1.0,1.0,1.0,1.0,1.0,1.0,1.0,1.0,1.0,1.0,1.0,1.0,1.0,1.0,1.0,1.0,1.0,1.0,1.0,1.0,1.0,1.0,1.0,1.0,1.0,1.0,1.0,1.0,1.0,1.0,1.0,1.0,1.0,1.0,1.0,1.0,1.0,1.0,1.0,1.0,1.0,1.0,1.0,1.0,1.0,1.0,1.0,1.0,1.0,1.0,1.0,1.0,1.0,1.0,1.0,1.0,1.0,1.0,1.0,1.0,1.0,1.0,1.0,1.0,1.0,1.0,1.0,1.0,1.0,1.0,1.0,1.0,1.0,1.0,1.0,1.0,1.0,1.0,1.0,1.0,1.0,1.0,1.0,1.0,1.0,1.0,1.0,1.0,1.0,1.0,1.0,1.0,1.0,1.0,1.0,1.0,1.0,1.0,1.0,1.0,1.0,1.0,1.0,1.0,1.0,1.0,1.0,1.0,1.0,1.0,1.0,1.0,1.0,1.0,1.0,1.0,1.0,1.0,1.0,1.0,1.0,1.0,1.0,1.0,1.0,1.0,1.0,1.0,1.0,1.0,1.0,1.0,1.0,1.0,1.0,1.0,1.0,1.0,1.0,1.0,1.0,1.0,1.0,1.0,1.0,1.0,1.0,1.0,1.0,1.0,1.0,1.0,1.0,1.0,1.0,1.0,1.0,1.0,1.0,1.0,1.0,1.0,1.0,1.0,1.0,1.0,1.0,1.0,1.0,1.0,1.0,1.0,1.0,1.0,1.0,1.0,1.0,1.0,1.0,1.0,1.0,1.0,1.0,1.0,1.0,1.0,1.0,1.0,1.0,1.0,1.0,1.0,1.0,1.0,1.0,1.0,1.0,1.0,1.0,1.0,1.0,1.0,1.0,1.0,1.0,1.0,1.0,1.0,1.0,1.0,1.0,1.0,1.0,1.0,1.0,1.0,1.0,1.0,1.0,1.0,1.0,1.0,1.0,1.0,1.0,1.0,1.0,1.0,1.0,1.0,1.0,1.0,1.0,1.0,1.0,1.0,1.0,1.0,1.0,1.0,1.0,1.0,1.0,1.0,1.0,1.0,1.0,1.0,1.0,1.0,1.0,1.0,1.0,1.0,1.0,1.0,1.0,1.0,1.0,1.0,1.0,1.0,1.0,1.0,1.0,1.0,1.0,1.0,1.0,1.0,1.0,1.0,1.0,1.0,1.0,1.0,1.0,1.0,1.0,1.0,1.0,1.0,1.0,1.0,0.6622468963102831,0.6825099084584483
1.0,1.0,1.0,1.0,1.0,1.0,1.0,1.0,1.0,1.0,1.0,1.0,1.0,1.0,1.0,1.0,1.0,1.0,1.0,1.0,1.0,1.0,1.0,1.0,1.0,1.0,1.0,1.0,1.0,1.0,1.0,1.0,1.0,1.0,1.0,1.0,1.0,1.0,1.0,1.0,1.0,1.0,1.0,1.0,1.0,1.0,1.0,1.0,1.0,1.0,1.0,1.0,1.0,1.0,1.0,1.0,1.0,1.0,1.0,1.0,1.0,1.0,1.0,1.0,1.0,1.0,1.0,1.0,1.0,1.0,1.0,1.0,1.0,1.0,1.0,1.0,1.0,1.0,1.0,1.0,1.0,1.0,1.0,1.0,1.0,1.0,1.0,1.0,1.0,1.0,1.0,1.0,1.0,1.0,1.0,1.0,1.0,1.0,1.0,1.0,1.0,1.0,1.0,1.0,1.0,1.0,1.0,1.0,1.0,1.0,1.0,1.0,1.0,1.0,1.0,1.0,1.0,1.0,1.0,1.0,1.0,1.0,1.0,1.0,1.0,1.0,1.0,1.0,1.0,1.0,1.0,1.0,1.0,1.0,1.0,1.0,1.0,1.0,1.0,1.0,1.0,1.0,1.0,1.0,1.0,1.0,1.0,1.0,1.0,1.0,1.0,1.0,1.0,1.0,1.0,1.0,1.0,1.0,1.0,1.0,1.0,1.0,1.0,1.0,1.0,1.0,1.0,1.0,1.0,1.0,1.0,1.0,1.0,1.0,1.0,1.0,1.0,1.0,1.0,1.0,1.0,1.0,1.0,1.0,1.0,1.0,1.0,1.0,1.0,1.0,1.0,1.0,1.0,1.0,1.0,1.0,1.0,1.0,1.0,1.0,1.0,1.0,1.0,1.0,1.0,1.0,1.0,1.0,1.0,1.0,1.0,1.0,1.0,1.0,1.0,1.0,1.0,1.0,1.0,1.0,1.0,1.0,1.0,1.0,1.0,1.0,1.0,1.0,1.0,1.0,1.0,1.0,1.0,1.0,1.0,1.0,1.0,1.0,1.0,1.0,1.0,1.0,1.0,1.0,1.0,1.0,1.0,1.0,1.0,1.0,1.0,1.0,1.0,1.0,1.0,1.0,1.0,1.0,1.0,1.0,1.0,1.0,1.0,1.0,1.0,1.0,1.0,1.0,1.0,1.0,1.0,1.0,1.0,1.0,1.0,1.0,1.0,1.0,1.0,1.0,1.0,1.0,1.0,1.0,1.0,1.0,1.0,1.0,1.0,1.0,1.0,1.0,1.0,1.0,1.0,1.0,1.0,1.0,1.0,1.0,1.0,1.0,1.0,1.0,1.0,1.0,1.0,1.0,1.0,1.0,1.0,1.0,1.0,1.0,1.0,1.0,1.0,1.0,1.0,1.0,1.0,1.0,1.0,1.0,1.0,1.0,1.0,1.0,1.0,1.0,1.0,1.0,1.0,1.0,1.0,1.0,1.0,1.0,1.0,1.0,1.0,1.0,1.0,1.0,1.0,1.0,1.0,1.0,1.0,1.0,1.0,1.0,1.0,1.0,1.0,1.0,1.0,1.0,1.0,1.0,1.0,1.0,1.0,1.0,1.0,1.0,1.0,1.0,1.0,1.0,1.0,1.0,1.0,1.0,1.0,1.0,1.0,1.0,1.0,1.0,1.0,1.0,1.0,1.0,1.0,1.0,1.0,1.0,1.0,1.0,1.0,1.0,1.0,1.0,1.0,1.0,1.0,1.0,1.0,1.0,1.0,1.0,1.0,1.0,1.0,1.0,1.0,1.0,1.0,1.0,1.0,1.0,1.0,1.0,1.0,1.0,1.0,1.0,1.0,1.0,1.0,1.0,1.0,1.0,1.0,1.0,1.0,1.0,1.0,1.0,1.0,1.0,1.0,1.0,1.0,1.0,1.0,1.0,1.0,1.0,1.0,1.0,1.0,1.0,1.0,1.0,1.0,1.0,1.0,1.0,1.0,1.0177867751307792
1.0,1.0,1.0,1.0,1.0,1.0,1.0,1.0,1.0,1.0,1.0,1.0,1.0,1.0,1.0,1.0,1.0,1.0,1.0,1.0,1.0,1.0,1.0,1.0,1.0,1.0,1.0,1.0,1.0,1.0,1.0,1.0,1.0,1.0,1.0,1.0,1.0,1.0,1.0,1.0,1.0,1.0,1.0,1.0,1.0,1.0,1.0,1.0,1.0,1.0,1.0,1.0,1.0,1.0,1.0,1.0,1.0,1.0,1.0,1.0,1.0,1.0,1.0,1.0,1.0,1.0,1.0,1.0,1.0,1.0,1.0,1.0,1.0,1.0,1.0,1.0,1.0,1.0,1.0,1.0,1.0,1.0,1.0,1.0,1.0,1.0,1.0,1.0,1.0,1.0,1.0,1.0,1.0,1.0,1.0,1.0,1.0,1.0,1.0,1.0,1.0,1.0,1.0,1.0,1.0,1.0,1.0,1.0,1.0,1.0,1.0,1.0,1.0,1.0,1.0,1.0,1.0,1.0,1.0,1.0,1.0,1.0,1.0,1.0,1.0,1.0,1.0,1.0,1.0,1.0,1.0,1.0,1.0,1.0,1.0,1.0,1.0,1.0,1.0,1.0,1.0,1.0,1.0,1.0,1.0,1.0,1.0,1.0,1.0,1.0,1.0,1.0,1.0,1.0,1.0,1.0,1.0,1.0,1.0,1.0,1.0,1.0,1.0,1.0,1.0,1.0,1.0,1.0,1.0,1.0,1.0,1.0,1.0,1.0,1.0,1.0,1.0,1.0,1.0,1.0,1.0,1.0,1.0,1.0,1.0,1.0,1.0,1.0,1.0,1.0,1.0,1.0,1.0,1.0,1.0,1.0,1.0,1.0,1.0,1.0,1.0,1.0,1.0,1.0,1.0,1.0,1.0,1.0,1.0,1.0,1.0,1.0,1.0,1.0,1.0,1.0,1.0,1.0,1.0,1.0,1.0,1.0,1.0,1.0,1.0,1.0,1.0,1.0,1.0,1.0,1.0,1.0,1.0,1.0,1.0,1.0,1.0,1.0,1.0,1.0,1.0,1.0,1.0,1.0,1.0,1.0,1.0,1.0,1.0,1.0,1.0,1.0,1.0,1.0,1.0,1.0,1.0,1.0,1.0,1.0,1.0,1.0,1.0,1.0,1.0,1.0,1.0,1.0,1.0,1.0,1.0,1.0,1.0,1.0,1.0,1.0,1.0,1.0,1.0,1.0,1.0,1.0,1.0,1.0,1.0,1.0,1.0,1.0,1.0,1.0,1.0,1.0,1.0,1.0,1.0,1.0,1.0,1.0,1.0,1.0,1.0,1.0,1.0,1.0,1.0,1.0,1.0,1.0,1.0,1.0,1.0,1.0,1.0,1.0,1.0,1.0,1.0,1.0,1.0,1.0,1.0,1.0,1.0,1.0,1.0,1.0,1.0,1.0,1.0,1.0,1.0,1.0,1.0,1.0,1.0,1.0,1.0,1.0,1.0,1.0,1.0,1.0,1.0,1.0,1.0,1.0,1.0,1.0,1.0,1.0,1.0,1.0,1.0,1.0,1.0,1.0,1.0,1.0,1.0,1.0,1.0,1.0,1.0,1.0,1.0,1.0,1.0,1.0,1.0,1.0,1.0,1.0,1.0,1.0,1.0,1.0,1.0,1.0,1.0,1.0,1.0,1.0,1.0,1.0,1.0,1.0,1.0,1.0,1.0,1.0,1.0,1.0,1.0,1.0,1.0,1.0,1.0,1.0,1.0,1.0,1.0,1.0,1.0,1.0,1.0,1.0,1.0,1.0,1.0,1.0,1.0,1.0,1.0,1.0,1.0,1.0,1.0,1.0,1.0,1.0,1.0,1.0,1.0,1.0,1.0,1.0,1.0,1.0,1.0,1.0,1.0,1.0,1.0,1.0,1.0,1.0,1.0,1.0,1.0,1.0,1.0,1.0,1.0,1.0,1.0,1.0,1.0,1.0,1.0,1.0,1.0,1.0
